t_wall_ns,armed,heading_rad,roll_rate,pitch_rate,yaw_rate,thrust
1785524832690235700,0,0.0000,-0.0,-0.0,0.0,0.0
1785524832778476400,0,0.0000,-0.0,-0.0,0.0,0.0
1785524832799050400,0,0.0000,-0.0,-0.0,0.0,0.0
1785524832819188200,0,0.0000,-0.0,-0.0,0.0,0.0
1785524832838910300,0,0.0000,-0.0,-0.0,0.0,0.0
1785524832858742700,0,0.0000,-0.0,-0.0,0.0,0.0
1785524832878389300,0,0.0000,-0.0,-0.0,0.0,0.0
1785524832898933100,0,0.0000,-0.0,-0.0,0.0,0.0
1785524832918554200,0,0.0000,-0.0,-0.0,0.0,0.0
1785524832938371500,0,0.0000,-0.0,-0.0,0.0,0.0
1785524832958533900,0,0.0000,-0.0,-0.0,0.0,0.0
1785524832978195000,0,0.0000,-0.0,-0.0,0.0,0.0
1785524832998542400,0,0.0000,-0.0,-0.0,0.0,0.0
1785524833019112900,0,0.0000,-0.0,-0.0,0.0,0.0
1785524833038940000,0,0.0000,-0.0,-0.0,0.0,0.0
1785524833058728900,0,0.0000,-0.0,-0.0,0.0,0.0
1785524833078449900,0,0.0000,-0.0,-0.0,0.0,0.0
1785524833098876000,0,0.0000,-0.0,-0.0,0.0,0.0
1785524833118134100,0,0.0000,-0.0,-0.0,0.0,0.0
1785524833138735000,0,0.0000,-0.0,-0.0,0.0,0.0
1785524833158093400,0,0.0000,-0.0,-0.0,0.0,0.0
1785524833178541600,0,0.0000,-0.0,-0.0,0.0,0.0
1785524833198280200,0,0.0000,-0.0,-0.0,0.0,0.0
1785524833218488700,0,0.0000,-0.0,-0.0,0.0,0.0
1785524833238809500,0,0.0000,-0.0,-0.0,0.0,0.0
1785524833258603400,0,0.0000,-0.0,-0.0,0.0,0.0
1785524833278311900,0,0.0000,-0.0,-0.0,0.0,0.0
1785524833298882700,0,0.0000,-0.0,-0.0,0.0,0.0
1785524833318827300,0,0.0000,-0.0,-0.0,0.0,0.0
1785524833338706000,0,0.0000,-0.0,-0.0,0.0,0.0
1785524833358908300,0,0.0000,-0.0,-0.0,0.0,0.0
1785524833378184700,0,0.0000,-0.0,-0.0,0.0,0.0
1785524833399053700,0,0.0000,-0.0,-0.0,0.0,0.0
1785524833419091000,0,0.0000,-0.0,-0.0,0.0,0.0
1785524833438738400,0,0.0000,-0.0,-0.0,0.0,0.0
1785524833458939200,0,0.0000,-0.0,-0.0,0.0,0.0
1785524833478036800,0,0.0000,-0.0,-0.0,0.0,0.0
1785524833498099500,0,0.0000,-0.0,-0.0,0.0,0.0
1785524833518252700,0,0.0000,-0.0,-0.0,0.0,0.0
1785524833539088500,0,0.0000,-0.0,-0.0,0.0,0.0
1785524833558759200,0,0.0000,-0.0,-0.0,0.0,0.0
1785524833578187300,0,0.0000,-0.0,-0.0,0.0,0.0
1785524833598978600,0,0.0000,-0.0,-0.0,0.0,0.0
1785524833618684700,0,0.0000,-0.0,-0.0,0.0,0.0
1785524833638620300,0,0.0000,-0.0,-0.0,0.0,0.0
1785524833658960000,0,0.0000,-0.0,-0.0,0.0,0.0
1785524833678449000,0,0.0000,-0.0,-0.0,0.0,0.0
1785524833698515900,0,0.0000,-0.0,-0.0,0.0,0.0
1785524833718339100,0,0.0000,-0.0,-0.0,0.0,0.0
1785524833738813300,0,0.0000,-0.0,-0.0,0.0,0.0
1785524833758325700,0,0.0000,-0.0,-0.0,0.0,0.0
1785524833779354500,0,0.0000,-0.0,-0.0,0.0,0.0
1785524833798773300,0,0.0000,-0.0,-0.0,0.0,0.0
1785524833818508600,0,0.0000,-0.0,-0.0,0.0,0.0
1785524833838818900,0,0.0000,-0.0,-0.0,0.0,0.0
1785524833858887800,0,0.0000,-0.0,-0.0,0.0,0.0
1785524833878383300,0,0.0000,-0.0,-0.0,0.0,0.0
1785524833898922300,0,0.0000,-0.0,-0.0,0.0,0.0
1785524833918186600,0,0.0000,-0.0,-0.0,0.0,0.0
1785524833938910900,0,0.0000,-0.0,-0.0,0.0,0.0
1785524833958330400,0,0.0000,-0.0,-0.0,0.0,0.0
1785524833978213000,0,0.0000,-0.0,-0.0,0.0,0.0
1785524833998310500,0,0.0000,-0.0,-0.0,0.0,0.0
1785524834018375000,0,0.0000,-0.0,-0.0,0.0,0.0
1785524834038658000,0,0.0000,-0.0,-0.0,0.0,0.0
1785524834058255100,0,0.0000,-0.0,-0.0,0.0,0.0
1785524834078273300,0,0.0000,-0.0,-0.0,0.0,0.0
1785524834099411000,0,0.0000,-0.0,-0.0,0.0,0.0
1785524834118924100,0,0.0000,-0.0,-0.0,0.0,0.0
1785524834138900100,0,0.0000,-0.0,-0.0,0.0,0.0
1785524834158756200,0,0.0000,-0.0,-0.0,0.0,0.0
1785524834178511300,0,0.0000,-0.0,-0.0,0.0,0.0
1785524834198386400,0,0.0000,-0.0,-0.0,0.0,0.0
1785524834218685200,0,0.0000,-0.0,-0.0,0.0,0.0
1785524834238762300,0,0.0000,-0.0,-0.0,0.0,0.0
1785524834258179900,0,0.0000,-0.0,-0.0,0.0,0.0
1785524834278970700,0,0.0000,-0.0,-0.0,0.0,0.0
1785524834299127000,0,0.0000,-0.0,-0.0,0.0,0.0
1785524834318829600,0,0.0000,-0.0,-0.0,0.0,0.0
1785524834338962500,0,0.0000,-0.0,-0.0,0.0,0.0
1785524834358181700,0,0.0000,-0.0,-0.0,0.0,0.0
1785524834378975400,0,0.0000,-0.0,-0.0,0.0,0.0
1785524834398693200,0,0.0000,-0.0,-0.0,0.0,0.0
1785524834418116700,0,0.0000,-0.0,-0.0,0.0,0.0
1785524834439108600,0,0.0000,-0.0,-0.0,0.0,0.0
1785524834458731500,0,0.0000,-0.0,-0.0,0.0,0.0
1785524834478082400,0,0.0000,-0.0,-0.0,0.0,0.0
1785524834498030900,0,0.0000,-0.0,-0.0,0.0,0.0
1785524834518421800,0,0.0000,-0.0,-0.0,0.0,0.0
1785524834538635000,0,0.0000,-0.0,-0.0,0.0,0.0
1785524834558660200,0,0.0000,-0.0,-0.0,0.0,0.0
1785524834578801100,0,0.0000,-0.0,-0.0,0.0,0.0
1785524834597973700,0,0.0000,-0.0,-0.0,0.0,0.0
1785524834618544700,0,0.0000,-0.0,-0.0,0.0,0.0
1785524834638486800,0,0.0000,-0.0,-0.0,0.0,0.0
1785524834658172500,0,0.0000,-0.0,-0.0,0.0,0.0
1785524834678477400,0,0.0000,-0.0,-0.0,0.0,0.0
1785524834699083100,0,0.0000,-0.0,-0.0,0.0,0.0
1785524834719018100,0,0.0000,-0.0,-0.0,0.0,0.0
1785524834738191200,0,0.0000,-0.0,-0.0,0.0,0.0
1785524834758442500,0,0.0000,-0.0,-0.0,0.0,0.0
1785524834779203900,0,0.0000,-0.0,-0.0,0.0,0.0
1785524834798780900,0,0.0000,-0.0,-0.0,0.0,0.0
1785524834818735400,0,0.0000,-0.0,-0.0,0.0,0.0
1785524834838029200,0,0.0000,-0.0,-0.0,0.0,0.0
1785524834859148000,0,0.0000,-0.0,-0.0,0.0,0.0
1785524834878424600,0,0.0000,-0.0,-0.0,0.0,0.0
1785524834898812100,0,0.0000,-0.0,-0.0,0.0,0.0
1785524834918658200,0,0.0000,-0.0,-0.0,0.0,0.0
1785524834938835700,0,0.0000,-0.0,-0.0,0.0,0.0
1785524834958743900,0,0.0000,-0.0,-0.0,0.0,0.0
1785524834978581400,0,0.0000,-0.0,-0.0,0.0,0.0
1785524834998478800,0,0.0000,-0.0,-0.0,0.0,0.0
1785524835018429500,0,0.0000,-0.0,-0.0,0.0,0.0
1785524835038607300,0,0.0000,-0.0,-0.0,0.0,0.0
1785524835058413100,0,0.0000,-0.0,-0.0,0.0,0.0
1785524835078838500,0,0.0000,-0.0,-0.0,0.0,0.0
1785524835098263500,0,0.0000,-0.0,-0.0,0.0,0.0
1785524835118806700,0,0.0000,-0.0,-0.0,0.0,0.0
1785524835138663500,0,0.0000,-0.0,-0.0,0.0,0.0
1785524835158696500,0,0.0000,-0.0,-0.0,0.0,0.0
1785524835178649300,0,0.0000,-0.0,-0.0,0.0,0.0
1785524835198392600,0,0.0000,-0.0,-0.0,0.0,0.0
1785524835218852300,0,0.0000,-0.0,-0.0,0.0,0.0
1785524835238750800,0,0.0000,-0.0,-0.0,0.0,0.0
1785524835258727100,0,0.0000,-0.0,-0.0,0.0,0.0
1785524835278339100,0,0.0000,-0.0,-0.0,0.0,0.0
1785524835298851200,0,0.0000,-0.0,-0.0,0.0,0.0
1785524835318174600,0,0.0000,-0.0,-0.0,0.0,0.0
1785524835338456300,0,0.0000,-0.0,-0.0,0.0,0.0
1785524835358689300,0,0.0000,-0.0,-0.0,0.0,0.0
1785524835378796600,0,0.0000,-0.0,-0.0,0.0,0.0
1785524835398737200,0,0.0000,-0.0,-0.0,0.0,0.0
1785524835418850300,0,0.0000,-0.0,-0.0,0.0,0.0
1785524835438869900,0,0.0000,-0.0,-0.0,0.0,0.0
1785524835458070900,0,0.0000,-0.0,-0.0,0.0,0.0
1785524835478415600,0,0.0000,-0.0,-0.0,0.0,0.0
1785524835499045000,0,0.0000,-0.0,-0.0,0.0,0.0
1785524835518986700,0,0.0000,-0.0,-0.0,0.0,0.0
1785524835538739500,0,0.0000,-0.0,-0.0,0.0,0.0
1785524835558146800,0,0.0000,-0.0,-0.0,0.0,0.0
1785524835578291300,0,0.0000,-0.0,-0.0,0.0,0.0
1785524835598981400,0,0.0000,-0.0,-0.0,0.0,0.0
1785524835619003100,0,0.0000,-0.0,-0.0,0.0,0.0
1785524835638345100,0,0.0000,-0.0,-0.0,0.0,0.0
1785524835658271200,0,0.0000,-0.0,-0.0,0.0,0.0
1785524835678205800,0,0.0000,-0.0,-0.0,0.0,0.0
1785524835698838700,0,0.0000,-0.0,-0.0,0.0,0.0
1785524835718766600,0,0.0000,-0.0,-0.0,0.0,0.0
1785524835738446000,0,0.0000,-0.0,-0.0,0.0,0.0
1785524835759079200,0,0.0000,-0.0,-0.0,0.0,0.0
1785524835778427500,0,0.0000,-0.0,-0.0,0.0,0.0
1785524835799082600,0,0.0000,-0.0,-0.0,0.0,0.0
1785524835818022100,0,0.0000,-0.0,-0.0,0.0,0.0
1785524835838920800,0,0.0000,-0.0,-0.0,0.0,0.0
1785524835858017900,0,0.0000,-0.0,-0.0,0.0,0.0
1785524835878530900,0,0.0000,-0.0,-0.0,0.0,0.0
1785524835899473200,0,0.0000,-0.0,-0.0,0.0,0.0
1785524835919128300,0,0.0000,-0.0,-0.0,0.0,0.0
1785524835938806400,0,0.0000,-0.0,-0.0,0.0,0.0
1785524835958251000,0,0.0000,-0.0,-0.0,0.0,0.0
1785524835979367000,0,0.0000,-0.0,-0.0,0.0,0.0
1785524835998478200,0,0.0000,-0.0,-0.0,0.0,0.0
1785524836019176900,0,0.0000,-0.0,-0.0,0.0,0.0
1785524836039055700,0,0.0000,-0.0,-0.0,0.0,0.0
1785524836058453200,0,0.0000,-0.0,-0.0,0.0,0.0
1785524836078682400,0,0.0000,-0.0,-0.0,0.0,0.0
1785524836098282800,0,0.0000,-0.0,-0.0,0.0,0.0
1785524836118167800,0,0.0000,-0.0,-0.0,0.0,0.0
1785524836138139000,0,0.0000,-0.0,-0.0,0.0,0.0
1785524836158531100,0,0.0000,-0.0,-0.0,0.0,0.0
1785524836178193600,0,0.0000,-0.0,-0.0,0.0,0.0
1785524836198518200,0,0.0000,-0.0,-0.0,0.0,0.0
1785524836218185700,0,0.0000,-0.0,-0.0,0.0,0.0
1785524836238968200,0,0.0000,-0.0,-0.0,0.0,0.0
1785524836258351400,0,0.0000,-0.0,-0.0,0.0,0.0
1785524836279002400,0,0.0000,-0.0,-0.0,0.0,0.0
1785524836298084700,0,0.0000,-0.0,-0.0,0.0,0.0
1785524836319054200,0,0.0000,-0.0,-0.0,0.0,0.0
1785524836338293300,0,0.0000,-0.0,-0.0,0.0,0.0
1785524836358766900,0,0.0000,-0.0,-0.0,0.0,0.0
1785524836378882900,0,0.0000,-0.0,-0.0,0.0,0.0
1785524836398837500,0,0.0000,-0.0,-0.0,0.0,0.0
1785524836418637200,0,0.0000,-0.0,-0.0,0.0,0.0
1785524836438222400,0,0.0000,-0.0,-0.0,0.0,0.0
1785524836458785300,0,0.0000,-0.0,-0.0,0.0,0.0
1785524836478053500,0,0.0000,-0.0,-0.0,0.0,0.0
1785524836498449500,0,0.0000,-0.0,-0.0,0.0,0.0
1785524836518738300,0,0.0000,-0.0,-0.0,0.0,0.0
1785524836538216300,0,0.0000,-0.0,-0.0,0.0,0.0
1785524836558914400,0,0.0000,-0.0,-0.0,0.0,0.0
1785524836578273600,0,0.0000,-0.0,-0.0,0.0,0.0
1785524836598297500,0,0.0000,-0.0,-0.0,0.0,0.0
1785524836618823000,0,0.0000,-0.0,-0.0,0.0,0.0
1785524836638411100,0,0.0000,-0.0,-0.0,0.0,0.0
1785524836659079300,0,0.0000,-0.0,-0.0,0.0,0.0
1785524836678376200,0,0.0000,-0.0,-0.0,0.0,0.0
1785524836698124200,0,0.0000,-0.0,-0.0,0.0,0.0
1785524836718653200,0,0.0000,-0.0,-0.0,0.0,0.0
1785524836738480300,0,0.0000,-0.0,-0.0,0.0,0.0
1785524836758912900,0,0.0000,-0.0,-0.0,0.0,0.0
1785524836778910500,0,0.0000,-0.0,-0.0,0.0,0.0
1785524836798808400,0,0.0000,-0.0,-0.0,0.0,0.0
1785524836818543800,0,0.0000,-0.0,-0.0,0.0,0.0
1785524836838003100,0,0.0000,-0.0,-0.0,0.0,0.0
1785524836858782400,0,0.0000,-0.0,-0.0,0.0,0.0
1785524836878216000,0,0.0000,-0.0,-0.0,0.0,0.0
1785524836898555800,0,0.0000,-0.0,-0.0,0.0,0.0
1785524836918267900,0,0.0000,-0.0,-0.0,0.0,0.0
1785524836938714600,0,0.0000,-0.0,-0.0,0.0,0.0
1785524836958297600,0,0.0000,-0.0,-0.0,0.0,0.0
1785524836978142800,0,0.0000,-0.0,-0.0,0.0,0.0
1785524836998590100,0,0.0000,-0.0,-0.0,0.0,0.0
1785524837018349200,0,0.0000,-0.0,-0.0,0.0,0.0
1785524837038694800,0,0.0000,-0.0,-0.0,0.0,0.0
1785524837058089200,0,0.0000,-0.0,-0.0,0.0,0.0
1785524837078830500,0,0.0000,-0.0,-0.0,0.0,0.0
1785524837098342300,0,0.0000,-0.0,-0.0,0.0,0.0
1785524837118621500,0,0.0000,-0.0,-0.0,0.0,0.0
1785524837138270000,0,0.0000,-0.0,-0.0,0.0,0.0
1785524837159122700,0,0.0000,-0.0,-0.0,0.0,0.0
1785524837178417500,0,0.0000,-0.0,-0.0,0.0,0.0
1785524837198929200,0,0.0000,-0.0,-0.0,0.0,0.0
1785524837218680300,0,0.0000,-0.0,-0.0,0.0,0.0
1785524837238316600,0,0.0000,-0.0,-0.0,0.0,0.0
1785524837258510700,0,0.0000,-0.0,-0.0,0.0,0.0
1785524837278266600,0,0.0000,-0.0,-0.0,0.0,0.0
1785524837297986200,0,0.0000,-0.0,-0.0,0.0,0.0
1785524837319091700,0,0.0000,-0.0,-0.0,0.0,0.0
1785524837339131100,0,0.0000,-0.0,-0.0,0.0,0.0
1785524837358271600,0,0.0000,-0.0,-0.0,0.0,0.0
1785524837378574600,0,0.0000,-0.0,-0.0,0.0,0.0
1785524837398848400,0,0.0000,-0.0,-0.0,0.0,0.0
1785524837418767200,0,0.0000,-0.0,-0.0,0.0,0.0
1785524837438137500,0,0.0000,-0.0,-0.0,0.0,0.0
1785524837458251500,0,0.0000,-0.0,-0.0,0.0,0.0
1785524837478232100,0,0.0000,-0.0,-0.0,0.0,0.0
1785524837497996300,0,0.0000,-0.0,-0.0,0.0,0.0
1785524837518702600,0,0.0000,-0.0,-0.0,0.0,0.0
1785524837538641900,0,0.0000,-0.0,-0.0,0.0,0.0
1785524837558406100,0,0.0000,-0.0,-0.0,0.0,0.0
1785524837579026600,0,0.0000,-0.0,-0.0,0.0,0.0
1785524837598419200,0,0.0000,-0.0,-0.0,0.0,0.0
1785524837618795600,0,0.0000,-0.0,-0.0,0.0,0.0
1785524837638342900,0,0.0000,-0.0,-0.0,0.0,0.0
1785524837658475200,0,0.0000,-0.0,-0.0,0.0,0.0
1785524837678161100,0,0.0000,-0.0,-0.0,0.0,0.0
1785524837698169200,0,0.0000,-0.0,-0.0,0.0,0.0
1785524837719127200,0,0.0000,-0.0,-0.0,0.0,0.0
1785524837738616400,0,0.0000,-0.0,-0.0,0.0,0.0
1785524837758780800,0,0.0000,-0.0,-0.0,0.0,0.0
1785524837778037100,0,0.0000,-0.0,-0.0,0.0,0.0
1785524837798325100,0,0.0000,-0.0,-0.0,0.0,0.0
1785524837818616700,0,0.0000,-0.0,-0.0,0.0,0.0
1785524837838216300,0,0.0000,-0.0,-0.0,0.0,0.0
1785524837858093500,0,0.0000,-0.0,-0.0,0.0,0.0
1785524837878129600,0,0.0000,-0.0,-0.0,0.0,0.0
1785524837898782300,0,0.0000,-0.0,-0.0,0.0,0.0
1785524837918367400,0,0.0000,-0.0,-0.0,0.0,0.0
1785524837938961600,0,0.0000,-0.0,-0.0,0.0,0.0
1785524837958478400,0,0.0000,-0.0,-0.0,0.0,0.0
1785524837978537300,0,0.0000,-0.0,-0.0,0.0,0.0
1785524837998414100,0,0.0000,-0.0,-0.0,0.0,0.0
1785524838018188200,0,0.0000,-0.0,-0.0,0.0,0.0
1785524838038252800,0,0.0000,-0.0,-0.0,0.0,0.0
1785524838059088600,0,0.0000,-0.0,-0.0,0.0,0.0
1785524838078417300,0,0.0000,-0.0,-0.0,0.0,0.0
1785524838098793500,0,0.0000,-0.0,-0.0,0.0,0.0
1785524838118327300,0,0.0000,-0.0,-0.0,0.0,0.0
1785524838138783000,0,0.0000,-0.0,-0.0,0.0,0.0
1785524838158307100,0,0.0000,-0.0,-0.0,0.0,0.0
1785524838178842300,0,0.0000,-0.0,-0.0,0.0,0.0
1785524838198736700,0,0.0000,-0.0,-0.0,0.0,0.0
1785524838218657000,0,0.0000,-0.0,-0.0,0.0,0.0
1785524838238219400,0,0.0000,-0.0,-0.0,0.0,0.0
1785524838258105100,0,0.0000,-0.0,-0.0,0.0,0.0
1785524838278688700,0,0.0000,-0.0,-0.0,0.0,0.0
1785524838298857000,0,0.0000,-0.0,-0.0,0.0,0.0
1785524838319311800,0,0.0000,-0.0,-0.0,0.0,0.0
1785524838338207800,0,0.0000,-0.0,-0.0,0.0,0.0
1785524838358991700,0,0.0000,-0.0,-0.0,0.0,0.0
1785524838378270800,0,0.0000,-0.0,-0.0,0.0,0.0
1785524838399010400,0,0.0000,-0.0,-0.0,0.0,0.0
1785524838417976400,0,0.0000,-0.0,-0.0,0.0,0.0
1785524838438341800,0,0.0000,-0.0,-0.0,0.0,0.0
1785524838458899300,0,0.0000,-0.0,-0.0,0.0,0.0
1785524838478611500,0,0.0000,-0.0,-0.0,0.0,0.0
1785524838498953700,0,0.0000,-0.0,-0.0,0.0,0.0
1785524838518232200,0,0.0000,-0.0,-0.0,0.0,0.0
1785524838539005200,0,0.0000,-0.0,-0.0,0.0,0.0
1785524838558281500,0,0.0000,-0.0,-0.0,0.0,0.0
1785524838578823700,0,0.0000,-0.0,-0.0,0.0,0.0
1785524838598753800,0,0.0000,-0.0,-0.0,0.0,0.0
1785524838618309200,0,0.0000,-0.0,-0.0,0.0,0.0
1785524838638992600,0,0.0000,-0.0,-0.0,0.0,0.0
1785524838658382300,0,0.0000,-0.0,-0.0,0.0,0.0
1785524838678585800,0,0.0000,-0.0,-0.0,0.0,0.0
1785524838698350900,0,0.0000,-0.0,-0.0,0.0,0.0
1785524838718791100,0,0.0000,-0.0,-0.0,0.0,0.0
1785524838738517800,0,0.0000,-0.0,-0.0,0.0,0.0
1785524838758608500,0,0.0000,-0.0,-0.0,0.0,0.0
1785524838778809400,0,0.0000,-0.0,-0.0,0.0,0.0
1785524838798344700,0,0.0000,-0.0,-0.0,0.0,0.0
1785524838818403500,0,0.0000,-0.0,-0.0,0.0,0.0
1785524838838877800,0,0.0000,-0.0,-0.0,0.0,0.0
1785524838858379700,0,0.0000,-0.0,-0.0,0.0,0.0
1785524838879205200,0,0.0000,-0.0,-0.0,0.0,0.0
1785524838898383900,0,0.0000,-0.0,-0.0,0.0,0.0
1785524838918388700,0,0.0000,-0.0,-0.0,0.0,0.0
1785524838938828200,0,0.0000,-0.0,-0.0,0.0,0.0
1785524838958345300,0,0.0000,-0.0,-0.0,0.0,0.0
1785524838978853500,0,0.0000,-0.0,-0.0,0.0,0.0
1785524838998342300,0,0.0000,-0.0,-0.0,0.0,0.0
1785524839018493400,0,0.0000,-0.0,-0.0,0.0,0.0
1785524839038828200,0,0.0000,-0.0,-0.0,0.0,0.0
1785524839058795700,0,0.0000,-0.0,-0.0,0.0,0.0
1785524839078864500,0,0.0000,-0.0,-0.0,0.0,0.0
1785524839098770200,0,0.0000,-0.0,-0.0,0.0,0.0
1785524839118065200,0,0.0000,-0.0,-0.0,0.0,0.0
1785524839138829800,0,0.0000,-0.0,-0.0,0.0,0.0
1785524839158284100,0,0.0000,-0.0,-0.0,0.0,0.0
1785524839179064000,0,0.0000,-0.0,-0.0,0.0,0.0
1785524839198789600,0,0.0000,-0.0,-0.0,0.0,0.0
1785524839218474300,0,0.0000,-0.0,-0.0,0.0,0.0
1785524839238711500,0,0.0000,-0.0,-0.0,0.0,0.0
1785524839258289100,0,0.0000,-0.0,-0.0,0.0,0.0
1785524839279261300,0,0.0000,-0.0,-0.0,0.0,0.0
1785524839298164800,0,0.0000,-0.0,-0.0,0.0,0.0
1785524839318612900,0,0.0000,-0.0,-0.0,0.0,0.0
1785524839338255400,0,0.0000,-0.0,-0.0,0.0,0.0
1785524839358909400,0,0.0000,-0.0,-0.0,0.0,0.0
1785524839378059200,0,0.0000,-0.0,-0.0,0.0,0.0
1785524839398287000,0,0.0000,-0.0,-0.0,0.0,0.0
1785524839418455400,0,0.0000,-0.0,-0.0,0.0,0.0
1785524839438166200,0,0.0000,-0.0,-0.0,0.0,0.0
1785524839458438200,0,0.0000,-0.0,-0.0,0.0,0.0
1785524839478212000,0,0.0000,-0.0,-0.0,0.0,0.0
1785524839498422600,0,0.0000,-0.0,-0.0,0.0,0.0
1785524839518396600,0,0.0000,-0.0,-0.0,0.0,0.0
1785524839538467900,0,0.0000,-0.0,-0.0,0.0,0.0
1785524839558921000,0,0.0000,-0.0,-0.0,0.0,0.0
1785524839578335400,0,0.0000,-0.0,-0.0,0.0,0.0
1785524839598912100,0,0.0000,-0.0,-0.0,0.0,0.0
1785524839618658800,0,0.0000,-0.0,-0.0,0.0,0.0
1785524839638075600,0,0.0000,-0.0,-0.0,0.0,0.0
1785524839658336600,0,0.0000,-0.0,-0.0,0.0,0.0
1785524839678472100,0,0.0000,-0.0,-0.0,0.0,0.0
1785524839698644100,0,0.0000,-0.0,-0.0,0.0,0.0
1785524839718205500,0,0.0000,-0.0,-0.0,0.0,0.0
1785524839738468800,0,0.0000,-0.0,-0.0,0.0,0.0
1785524839758522600,0,0.0000,-0.0,-0.0,0.0,0.0
1785524839778100900,0,0.0000,-0.0,-0.0,0.0,0.0
1785524839798951100,0,0.0000,-0.0,-0.0,0.0,0.0
1785524839818328200,0,0.0000,-0.0,-0.0,0.0,0.0
1785524839838503900,0,0.0000,-0.0,-0.0,0.0,0.0
1785524839858099100,0,0.0000,-0.0,-0.0,0.0,0.0
1785524839878328900,0,0.0000,-0.0,-0.0,0.0,0.0
1785524839898611600,0,0.0000,-0.0,-0.0,0.0,0.0
1785524839919214300,0,0.0000,-0.0,-0.0,0.0,0.0
1785524839938379400,0,0.0000,-0.0,-0.0,0.0,0.0
1785524839958786100,0,0.0000,-0.0,-0.0,0.0,0.0
1785524839978661000,0,0.0000,-0.0,-0.0,0.0,0.0
1785524839998929000,0,0.0000,-0.0,-0.0,0.0,0.0
1785524840018475200,0,0.0000,-0.0,-0.0,0.0,0.0
1785524840038722400,0,0.0000,-0.0,-0.0,0.0,0.0
1785524840058458400,0,0.0000,-0.0,-0.0,0.0,0.0
1785524840078798700,0,0.0000,-0.0,-0.0,0.0,0.0
1785524840098166200,0,0.0000,-0.0,-0.0,0.0,0.0
1785524840118464600,0,0.0000,-0.0,-0.0,0.0,0.0
1785524840138564100,0,0.0000,-0.0,-0.0,0.0,0.0
1785524840158139000,0,0.0000,-0.0,-0.0,0.0,0.0
1785524840178489900,0,0.0000,-0.0,-0.0,0.0,0.0
1785524840198068900,0,0.0000,-0.0,-0.0,0.0,0.0
1785524840218984400,0,0.0000,-0.0,-0.0,0.0,0.0
1785524840238797800,0,0.0000,-0.0,-0.0,0.0,0.0
1785524840258858000,0,0.0000,-0.0,-0.0,0.0,0.0
1785524840278578500,0,0.0000,-0.0,-0.0,0.0,0.0
1785524840298251700,0,0.0000,-0.0,-0.0,0.0,0.0
1785524840318774200,0,0.0000,-0.0,-0.0,0.0,0.0
1785524840338438800,0,0.0000,-0.0,-0.0,0.0,0.0
1785524840358402700,0,0.0000,-0.0,-0.0,0.0,0.0
1785524840378321700,0,0.0000,-0.0,-0.0,0.0,0.0
1785524840398278700,0,0.0000,-0.0,-0.0,0.0,0.0
1785524840418465800,0,0.0000,-0.0,-0.0,0.0,0.0
1785524840438713100,0,0.0000,-0.0,-0.0,0.0,0.0
1785524840458318500,0,0.0000,-0.0,-0.0,0.0,0.0
1785524840478469000,0,0.0000,-0.0,-0.0,0.0,0.0
1785524840499019900,0,0.0000,-0.0,-0.0,0.0,0.0
1785524840518272700,0,0.0000,-0.0,-0.0,0.0,0.0
1785524840538660200,0,0.0000,-0.0,-0.0,0.0,0.0
1785524840558314600,0,0.0000,-0.0,-0.0,0.0,0.0
1785524840578062300,0,0.0000,-0.0,-0.0,0.0,0.0
1785524840598961800,0,0.0000,-0.0,-0.0,0.0,0.0
1785524840618335300,0,0.0000,-0.0,-0.0,0.0,0.0
1785524840638273400,0,0.0000,-0.0,-0.0,0.0,0.0
1785524840658710400,0,0.0000,-0.0,-0.0,0.0,0.0
1785524840678094000,0,0.0000,-0.0,-0.0,0.0,0.0
1785524840698692100,0,0.0000,-0.0,-0.0,0.0,0.0
1785524840718690600,0,0.0000,-0.0,-0.0,0.0,0.0
1785524840738003100,0,0.0000,-0.0,-0.0,0.0,0.0
1785524840758837900,0,0.0000,-0.0,-0.0,0.0,0.0
1785524840778511800,0,0.0000,-0.0,-0.0,0.0,0.0
1785524840798185800,0,0.0000,-0.0,-0.0,0.0,0.0
1785524840818880700,0,0.0000,-0.0,-0.0,0.0,0.0
1785524840838061400,0,0.0000,-0.0,-0.0,0.0,0.0
1785524840858398900,0,0.0000,-0.0,-0.0,0.0,0.0
1785524840879090600,0,0.0000,-0.0,-0.0,0.0,0.0
1785524840898427300,0,0.0000,-0.0,-0.0,0.0,0.0
1785524840918410600,0,0.0000,-0.0,-0.0,0.0,0.0
1785524840938466800,0,0.0000,-0.0,-0.0,0.0,0.0
1785524840958803700,0,0.0000,-0.0,-0.0,0.0,0.0
1785524840978352200,0,0.0000,-0.0,-0.0,0.0,0.0
1785524840998476600,0,0.0000,-0.0,-0.0,0.0,0.0
1785524841018912500,0,0.0000,-0.0,-0.0,0.0,0.0
1785524841038852800,0,0.0000,-0.0,-0.0,0.0,0.0
1785524841058327800,0,0.0000,-0.0,-0.0,0.0,0.0
1785524841078723600,0,0.0000,-0.0,-0.0,0.0,0.0
1785524841098804400,0,0.0000,-0.0,-0.0,0.0,0.0
1785524841118837100,0,0.0000,-0.0,-0.0,0.0,0.0
1785524841138419200,0,0.0000,-0.0,-0.0,0.0,0.0
1785524841158366700,0,0.0000,-0.0,-0.0,0.0,0.0
1785524841178230700,0,0.0000,-0.0,-0.0,0.0,0.0
1785524841198245500,0,0.0000,-0.0,-0.0,0.0,0.0
1785524841218107600,0,0.0000,-0.0,-0.0,0.0,0.0
1785524841238546600,0,0.0000,-0.0,-0.0,0.0,0.0
1785524841258206600,0,0.0000,-0.0,-0.0,0.0,0.0
1785524841278237500,0,0.0000,-0.0,-0.0,0.0,0.0
1785524841298186400,0,0.0000,-0.0,-0.0,0.0,0.0
1785524841318428000,0,0.0000,-0.0,-0.0,0.0,0.0
1785524841338292000,0,0.0000,-0.0,-0.0,0.0,0.0
1785524841358341800,0,0.0000,-0.0,-0.0,0.0,0.0
1785524841378239600,0,0.0000,-0.0,-0.0,0.0,0.0
1785524841398017400,0,0.0000,-0.0,-0.0,0.0,0.0
1785524841418120400,0,0.0000,-0.0,-0.0,0.0,0.0
1785524841439074700,0,0.0000,-0.0,-0.0,0.0,0.0
1785524841458147800,0,0.0000,-0.0,-0.0,0.0,0.0
1785524841479031200,0,0.0000,-0.0,-0.0,0.0,0.0
1785524841497986500,0,0.0000,-0.0,-0.0,0.0,0.0
1785524841518097600,0,0.0000,-0.0,-0.0,0.0,0.0
1785524841538792400,0,0.0000,-0.0,-0.0,0.0,0.0
1785524841558166300,0,0.0000,-0.0,-0.0,0.0,0.0
1785524841578799800,0,0.0000,-0.0,-0.0,0.0,0.0
1785524841598913200,0,0.0000,-0.0,-0.0,0.0,0.0
1785524841618310600,0,0.0000,-0.0,-0.0,0.0,0.0
1785524841638043900,0,0.0000,-0.0,-0.0,0.0,0.0
1785524841658865900,0,0.0000,-0.0,-0.0,0.0,0.0
1785524841678329300,0,0.0000,-0.0,-0.0,0.0,0.0
1785524841698077100,0,0.0000,-0.0,-0.0,0.0,0.0
1785524841718502500,0,0.0000,-0.0,-0.0,0.0,0.0
1785524841738419800,0,0.0000,-0.0,-0.0,0.0,0.0
1785524841758842000,0,0.0000,-0.0,-0.0,0.0,0.0
1785524841778013500,0,0.0000,-0.0,-0.0,0.0,0.0
1785524841798866200,0,0.0000,-0.0,-0.0,0.0,0.0
1785524841818041100,0,0.0000,-0.0,-0.0,0.0,0.0
1785524841838446700,0,0.0000,-0.0,-0.0,0.0,0.0
1785524841858385600,0,0.0000,-0.0,-0.0,0.0,0.0
1785524841879438400,0,0.0000,-0.0,-0.0,0.0,0.0
1785524841898005300,0,0.0000,-0.0,-0.0,0.0,0.0
1785524841918877600,0,0.0000,-0.0,-0.0,0.0,0.0
1785524841938099300,0,0.0000,-0.0,-0.0,0.0,0.0
1785524841958272000,0,0.0000,-0.0,-0.0,0.0,0.0
1785524841978430200,0,0.0000,-0.0,-0.0,0.0,0.0
1785524841998611600,0,0.0000,-0.0,-0.0,0.0,0.0
1785524842018143300,0,0.0000,-0.0,-0.0,0.0,0.0
1785524842038509800,0,0.0000,-0.0,-0.0,0.0,0.0
1785524842058403300,0,0.0000,-0.0,-0.0,0.0,0.0
1785524842078938000,0,0.0000,-0.0,-0.0,0.0,0.0
1785524842098235700,0,0.0000,-0.0,-0.0,0.0,0.0
1785524842118338300,0,0.0000,-0.0,-0.0,0.0,0.0
1785524842138353700,0,0.0000,-0.0,-0.0,0.0,0.0
1785524842158494500,0,0.0000,-0.0,-0.0,0.0,0.0
1785524842178593100,0,0.0000,-0.0,-0.0,0.0,0.0
1785524842198309600,0,0.0000,-0.0,-0.0,0.0,0.0
1785524842218576600,0,0.0000,-0.0,-0.0,0.0,0.0
1785524842238129500,0,0.0000,-0.0,-0.0,0.0,0.0
1785524842258632700,0,0.0000,-0.0,-0.0,0.0,0.0
1785524842278080200,0,0.0000,-0.0,-0.0,0.0,0.0
1785524842298117800,0,0.0000,-0.0,-0.0,0.0,0.0
1785524842319175000,0,0.0000,-0.0,-0.0,0.0,0.0
1785524842338302900,0,0.0000,-0.0,-0.0,0.0,0.0
1785524842358690000,0,0.0000,-0.0,-0.0,0.0,0.0
1785524842378066300,0,0.0000,-0.0,-0.0,0.0,0.0
1785524842398798100,0,0.0000,-0.0,-0.0,0.0,0.0
1785524842418557700,0,0.0000,-0.0,-0.0,0.0,0.0
1785524842438508100,0,0.0000,-0.0,-0.0,0.0,0.0
1785524842458166000,0,0.0000,-0.0,-0.0,0.0,0.0
1785524842478737500,0,0.0000,-0.0,-0.0,0.0,0.0
1785524842498831400,0,0.0000,-0.0,-0.0,0.0,0.0
1785524842518342000,0,0.0000,-0.0,-0.0,0.0,0.0
1785524842538822800,0,0.0000,-0.0,-0.0,0.0,0.0
1785524842558378300,0,0.0000,-0.0,-0.0,0.0,0.0
1785524842578419000,0,0.0000,-0.0,-0.0,0.0,0.0
1785524842598793700,0,0.0000,-0.0,-0.0,0.0,0.0
1785524842618341800,0,0.0000,-0.0,-0.0,0.0,0.0
1785524842638569500,0,0.0000,-0.0,-0.0,0.0,0.0
1785524842658461000,0,0.0000,-0.0,-0.0,0.0,0.0
1785524842678801600,0,0.0000,-0.0,-0.0,0.0,0.0
1785524842698334700,0,0.0000,-0.0,-0.0,0.0,0.0
1785524842718889200,0,0.0000,-0.0,-0.0,0.0,0.0
1785524842738846800,0,0.0000,-0.0,-0.0,0.0,0.0
1785524842757999100,0,0.0000,-0.0,-0.0,0.0,0.0
1785524842778339000,0,0.0000,-0.0,-0.0,0.0,0.0
1785524842798695500,0,0.0000,-0.0,-0.0,0.0,0.0
1785524842818157300,0,0.0000,-0.0,-0.0,0.0,0.0
1785524842838613000,0,0.0000,-0.0,-0.0,0.0,0.0
1785524842858365400,0,0.0000,-0.0,-0.0,0.0,0.0
1785524842878509400,0,0.0000,-0.0,-0.0,0.0,0.0
1785524842898179600,0,0.0000,-0.0,-0.0,0.0,0.0
1785524842918473600,0,0.0000,-0.0,-0.0,0.0,0.0
1785524842938132900,0,0.0000,-0.0,-0.0,0.0,0.0
1785524842958731400,0,0.0000,-0.0,-0.0,0.0,0.0
1785524842978172000,0,0.0000,-0.0,-0.0,0.0,0.0
1785524842998246700,0,0.0000,-0.0,-0.0,0.0,0.0
1785524843018210500,0,0.0000,-0.0,-0.0,0.0,0.0
1785524843038172200,0,0.0000,-0.0,-0.0,0.0,0.0
1785524843058571500,0,0.0000,-0.0,-0.0,0.0,0.0
1785524843078422300,0,0.0000,-0.0,-0.0,0.0,0.0
1785524843098821400,0,0.0000,-0.0,-0.0,0.0,0.0
1785524843117956300,0,0.0000,-0.0,-0.0,0.0,0.0
1785524843138473900,0,0.0000,-0.0,-0.0,0.0,0.0
1785524843158834800,0,0.0000,-0.0,-0.0,0.0,0.0
1785524843178116200,0,0.0000,-0.0,-0.0,0.0,0.0
1785524843198074800,0,0.0000,-0.0,-0.0,0.0,0.0
1785524843218321700,0,0.0000,-0.0,-0.0,0.0,0.0
1785524843238335300,0,0.0000,-0.0,-0.0,0.0,0.0
1785524843258856400,0,0.0000,-0.0,-0.0,0.0,0.0
1785524843278807300,0,0.0000,-0.0,-0.0,0.0,0.0
1785524843298526200,0,0.0000,-0.0,-0.0,0.0,0.0
1785524843318420600,0,0.0000,-0.0,-0.0,0.0,0.0
1785524843338699000,0,0.0000,-0.0,-0.0,0.0,0.0
1785524843358281700,0,0.0000,-0.0,-0.0,0.0,0.0
1785524843378420300,0,0.0000,-0.0,-0.0,0.0,0.0
1785524843398610600,0,0.0000,-0.0,-0.0,0.0,0.0
1785524843418048300,0,0.0000,-0.0,-0.0,0.0,0.0
1785524843439030900,0,0.0000,-0.0,-0.0,0.0,0.0
1785524843458314500,0,0.0000,-0.0,-0.0,0.0,0.0
1785524843478781800,0,0.0000,-0.0,-0.0,0.0,0.0
1785524843498153800,0,0.0000,-0.0,-0.0,0.0,0.0
1785524843518433900,0,0.0000,-0.0,-0.0,0.0,0.0
1785524843538487300,0,0.0000,-0.0,-0.0,0.0,0.0
1785524843558933500,0,0.0000,-0.0,-0.0,0.0,0.0
1785524843578027800,0,0.0000,-0.0,-0.0,0.0,0.0
1785524843598600300,0,0.0000,-0.0,-0.0,0.0,0.0
1785524843618787500,0,0.0000,-0.0,-0.0,0.0,0.0
1785524843638015600,0,0.0000,-0.0,-0.0,0.0,0.0
1785524843658345800,0,0.0000,-0.0,-0.0,0.0,0.0
1785524843678524700,0,0.0000,-0.0,-0.0,0.0,0.0
1785524843698774300,0,0.0000,-0.0,-0.0,0.0,0.0
1785524843718316000,0,0.0000,-0.0,-0.0,0.0,0.0
1785524843738998600,0,0.0000,-0.0,-0.0,0.0,0.0
1785524843758306500,0,0.0000,-0.0,-0.0,0.0,0.0
1785524843778840900,0,0.0000,-0.0,-0.0,0.0,0.0
1785524843798176400,0,0.0000,-0.0,-0.0,0.0,0.0
1785524843818408400,0,0.0000,-0.0,-0.0,0.0,0.0
1785524843838458800,0,0.0000,-0.0,-0.0,0.0,0.0
1785524843858125700,0,0.0000,-0.0,-0.0,0.0,0.0
1785524843879090300,0,0.0000,-0.0,-0.0,0.0,0.0
1785524843898748700,0,0.0000,-0.0,-0.0,0.0,0.0
1785524843919245400,0,0.0000,-0.0,-0.0,0.0,0.0
1785524843938695900,0,0.0000,-0.0,-0.0,0.0,0.0
1785524843959123900,0,0.0000,-0.0,-0.0,0.0,0.0
1785524843978704100,0,0.0000,-0.0,-0.0,0.0,0.0
1785524843998385100,0,0.0000,-0.0,-0.0,0.0,0.0
1785524844018815800,0,0.0000,-0.0,-0.0,0.0,0.0
1785524844038833100,0,0.0000,-0.0,-0.0,0.0,0.0
1785524844058642800,0,0.0000,-0.0,-0.0,0.0,0.0
1785524844078281000,0,0.0000,-0.0,-0.0,0.0,0.0
1785524844098919600,0,0.0000,-0.0,-0.0,0.0,0.0
1785524844118213500,0,0.0000,-0.0,-0.0,0.0,0.0
1785524844138150500,0,0.0000,-0.0,-0.0,0.0,0.0
1785524844158087900,0,0.0000,-0.0,-0.0,0.0,0.0
1785524844178937900,0,0.0000,-0.0,-0.0,0.0,0.0
1785524844199012000,0,0.0000,-0.0,-0.0,0.0,0.0
1785524844218651800,0,0.0000,-0.0,-0.0,0.0,0.0
1785524844238307300,0,0.0000,-0.0,-0.0,0.0,0.0
1785524844258115300,0,0.0000,-0.0,-0.0,0.0,0.0
1785524844278559100,0,0.0000,-0.0,-0.0,0.0,0.0
1785524844297997600,0,0.0000,-0.0,-0.0,0.0,0.0
1785524844318605900,0,0.0000,-0.0,-0.0,0.0,0.0
1785524844338246800,0,0.0000,-0.0,-0.0,0.0,0.0
1785524844359039400,0,0.0000,-0.0,-0.0,0.0,0.0
1785524844378465700,0,0.0000,-0.0,-0.0,0.0,0.0
1785524844398021500,0,0.0000,-0.0,-0.0,0.0,0.0
1785524844418176400,0,0.0000,-0.0,-0.0,0.0,0.0
1785524844438901300,0,0.0000,-0.0,-0.0,0.0,0.0
1785524844458562200,0,0.0000,-0.0,-0.0,0.0,0.0
1785524844478414000,0,0.0000,-0.0,-0.0,0.0,0.0
1785524844498643700,0,0.0000,-0.0,-0.0,0.0,0.0
1785524844518744000,0,0.0000,-0.0,-0.0,0.0,0.0
1785524844539242200,0,0.0000,-0.0,-0.0,0.0,0.0
1785524844558336000,0,0.0000,-0.0,-0.0,0.0,0.0
1785524844578686900,0,0.0000,-0.0,-0.0,0.0,0.0
1785524844598868800,0,0.0000,-0.0,-0.0,0.0,0.0
1785524844618481100,0,0.0000,-0.0,-0.0,0.0,0.0
1785524844638869200,0,0.0000,-0.0,-0.0,0.0,0.0
1785524844658889700,0,0.0000,-0.0,-0.0,0.0,0.0
1785524844678364400,0,0.0000,-0.0,-0.0,0.0,0.0
1785524844698324800,0,0.0000,-0.0,-0.0,0.0,0.0
1785524844718807500,0,0.0000,-0.0,-0.0,0.0,0.0
1785524844738585300,0,0.0000,-0.0,-0.0,0.0,0.0
1785524844758198200,0,0.0000,-0.0,-0.0,0.0,0.0
1785524844778108300,0,0.0000,-0.0,-0.0,0.0,0.0
1785524844798647800,0,0.0000,-0.0,-0.0,0.0,0.0
1785524844818004300,0,0.0000,-0.0,-0.0,0.0,0.0
1785524844838211900,0,0.0000,-0.0,-0.0,0.0,0.0
1785524844858905500,0,0.0000,-0.0,-0.0,0.0,0.0
1785524844878213900,0,0.0000,-0.0,-0.0,0.0,0.0
1785524844898146500,0,0.0000,-0.0,-0.0,0.0,0.0
1785524844918904500,0,0.0000,-0.0,-0.0,0.0,0.0
1785524844938008800,0,0.0000,-0.0,-0.0,0.0,0.0
1785524844958658000,0,0.0000,-0.0,-0.0,0.0,0.0
1785524844978278400,0,0.0000,-0.0,-0.0,0.0,0.0
1785524844998881600,0,0.0000,-0.0,-0.0,0.0,0.0
1785524845018914700,0,0.0000,-0.0,-0.0,0.0,0.0
1785524845038074900,0,0.0000,-0.0,-0.0,0.0,0.0
1785524845058538700,0,0.0000,-0.0,-0.0,0.0,0.0
1785524845078408000,0,0.0000,-0.0,-0.0,0.0,0.0
1785524845098556800,0,0.0000,-0.0,-0.0,0.0,0.0
1785524845118375300,0,0.0000,-0.0,-0.0,0.0,0.0
1785524845138742800,0,0.0000,-0.0,-0.0,0.0,0.0
1785524845158213600,0,0.0000,-0.0,-0.0,0.0,0.0
1785524845178888800,0,0.0000,-0.0,-0.0,0.0,0.0
1785524845198650000,0,0.0000,-0.0,-0.0,0.0,0.0
1785524845218232700,0,0.0000,-0.0,-0.0,0.0,0.0
1785524845239165400,0,0.0000,-0.0,-0.0,0.0,0.0
1785524845259220300,0,0.0000,-0.0,-0.0,0.0,0.0
1785524845278452700,0,0.0000,-0.0,-0.0,0.0,0.0
1785524845298864200,0,0.0000,-0.0,-0.0,0.0,0.0
1785524845318209600,0,0.0000,-0.0,-0.0,0.0,0.0
1785524845338513900,0,0.0000,-0.0,-0.0,0.0,0.0
1785524845358408400,0,0.0000,-0.0,-0.0,0.0,0.0
1785524845378318200,0,0.0000,-0.0,-0.0,0.0,0.0
1785524845398581600,0,0.0000,-0.0,-0.0,0.0,0.0
1785524845418120500,0,0.0000,-0.0,-0.0,0.0,0.0
1785524845438457000,0,0.0000,-0.0,-0.0,0.0,0.0
1785524845458780600,0,0.0000,-0.0,-0.0,0.0,0.0
1785524845478443700,0,0.0000,-0.0,-0.0,0.0,0.0
1785524845498889400,0,0.0000,-0.0,-0.0,0.0,0.0
1785524845518005000,0,0.0000,-0.0,-0.0,0.0,0.0
1785524845538459700,0,0.0000,-0.0,-0.0,0.0,0.0
1785524845558022000,0,0.0000,-0.0,-0.0,0.0,0.0
1785524845578413500,0,0.0000,-0.0,-0.0,0.0,0.0
1785524845599037600,0,0.0000,-0.0,-0.0,0.0,0.0
1785524845618864300,0,0.0000,-0.0,-0.0,0.0,0.0
1785524845638374500,0,0.0000,-0.0,-0.0,0.0,0.0
1785524845658028100,0,0.0000,-0.0,-0.0,0.0,0.0
1785524845678710200,0,0.0000,-0.0,-0.0,0.0,0.0
1785524845698914600,0,0.0000,-0.0,-0.0,0.0,0.0
1785524845718330700,0,0.0000,-0.0,-0.0,0.0,0.0
1785524845738135400,0,0.0000,-0.0,-0.0,0.0,0.0
1785524845758399500,0,0.0000,-0.0,-0.0,0.0,0.0
1785524845778348500,0,0.0000,-0.0,-0.0,0.0,0.0
1785524845798672500,0,0.0000,-0.0,-0.0,0.0,0.0
1785524845818321300,0,0.0000,-0.0,-0.0,0.0,0.0
1785524845838682400,0,0.0000,-0.0,-0.0,0.0,0.0
1785524845857981400,0,0.0000,-0.0,-0.0,0.0,0.0
1785524845878510600,0,0.0000,-0.0,-0.0,0.0,0.0
1785524845898829200,0,0.0000,-0.0,-0.0,0.0,0.0
1785524845918631900,0,0.0000,-0.0,-0.0,0.0,0.0
1785524845938426300,0,0.0000,-0.0,-0.0,0.0,0.0
1785524845958899900,0,0.0000,-0.0,-0.0,0.0,0.0
1785524845978507700,0,0.0000,-0.0,-0.0,0.0,0.0
1785524845999253300,0,0.0000,-0.0,-0.0,0.0,0.0
1785524846018807400,0,0.0000,-0.0,-0.0,0.0,0.0
1785524846038753100,0,0.0000,-0.0,-0.0,0.0,0.0
1785524846058708600,0,0.0000,-0.0,-0.0,0.0,0.0
1785524846078278100,0,0.0000,-0.0,-0.0,0.0,0.0
1785524846098885600,0,0.0000,-0.0,-0.0,0.0,0.0
1785524846118946100,0,0.0000,-0.0,-0.0,0.0,0.0
1785524846138620800,0,0.0000,-0.0,-0.0,0.0,0.0
1785524846158818200,0,0.0000,-0.0,-0.0,0.0,0.0
1785524846178359600,0,0.0000,-0.0,-0.0,0.0,0.0
1785524846198786500,0,0.0000,-0.0,-0.0,0.0,0.0
1785524846218103000,0,0.0000,-0.0,-0.0,0.0,0.0
1785524846238726300,0,0.0000,-0.0,-0.0,0.0,0.0
1785524846258349000,0,0.0000,-0.0,-0.0,0.0,0.0
1785524846278737200,0,0.0000,-0.0,-0.0,0.0,0.0
1785524846298462200,0,0.0000,-0.0,-0.0,0.0,0.0
1785524846318664000,0,0.0000,-0.0,-0.0,0.0,0.0
1785524846338227100,0,0.0000,-0.0,-0.0,0.0,0.0
1785524846358590200,0,0.0000,-0.0,-0.0,0.0,0.0
1785524846378827200,0,0.0000,-0.0,-0.0,0.0,0.0
1785524846398470600,0,0.0000,-0.0,-0.0,0.0,0.0
1785524846418922100,0,0.0000,-0.0,-0.0,0.0,0.0
1785524846438357200,0,0.0000,-0.0,-0.0,0.0,0.0
1785524846458643200,0,0.0000,-0.0,-0.0,0.0,0.0
1785524846478220900,0,0.0000,-0.0,-0.0,0.0,0.0
1785524846498842800,0,0.0000,-0.0,-0.0,0.0,0.0
1785524846518953900,0,0.0000,-0.0,-0.0,0.0,0.0
1785524846538829900,0,0.0000,-0.0,-0.0,0.0,0.0
1785524846558306600,0,0.0000,-0.0,-0.0,0.0,0.0
1785524846578749900,0,0.0000,-0.0,-0.0,0.0,0.0
1785524846598454700,0,0.0000,-0.0,-0.0,0.0,0.0
1785524846618841900,0,0.0000,-0.0,-0.0,0.0,0.0
1785524846639329000,0,0.0000,-0.0,-0.0,0.0,0.0
1785524846658933800,0,0.0000,-0.0,-0.0,0.0,0.0
1785524846678520000,0,0.0000,-0.0,-0.0,0.0,0.0
1785524846698886000,0,0.0000,-0.0,-0.0,0.0,0.0
1785524846718879500,0,0.0000,-0.0,-0.0,0.0,0.0
1785524846737990700,0,0.0000,-0.0,-0.0,0.0,0.0
1785524846758691900,0,0.0000,-0.0,-0.0,0.0,0.0
1785524846777998100,0,0.0000,-0.0,-0.0,0.0,0.0
1785524846799046600,0,0.0000,-0.0,-0.0,0.0,0.0
1785524846818443500,0,0.0000,-0.0,-0.0,0.0,0.0
1785524846838507700,0,0.0000,-0.0,-0.0,0.0,0.0
1785524846858456100,0,0.0000,-0.0,-0.0,0.0,0.0
1785524846879041500,0,0.0000,-0.0,-0.0,0.0,0.0
1785524846898336200,0,0.0000,-0.0,-0.0,0.0,0.0
1785524846918870900,0,0.0000,-0.0,-0.0,0.0,0.0
1785524846938627200,0,0.0000,-0.0,-0.0,0.0,0.0
1785524846958310900,0,0.0000,-0.0,-0.0,0.0,0.0
1785524846978756000,0,0.0000,-0.0,-0.0,0.0,0.0
1785524846998069700,0,0.0000,-0.0,-0.0,0.0,0.0
1785524847019040400,0,0.0000,-0.0,-0.0,0.0,0.0
1785524847038339100,0,0.0000,-0.0,-0.0,0.0,0.0
1785524847058916200,0,0.0000,-0.0,-0.0,0.0,0.0
1785524847078346400,0,0.0000,-0.0,-0.0,0.0,0.0
1785524847098870700,0,0.0000,-0.0,-0.0,0.0,0.0
1785524847118559900,0,0.0000,-0.0,-0.0,0.0,0.0
1785524847138946500,0,0.0000,-0.0,-0.0,0.0,0.0
1785524847158405500,0,0.0000,-0.0,-0.0,0.0,0.0
1785524847178927400,0,0.0000,-0.0,-0.0,0.0,0.0
1785524847198845000,0,0.0000,-0.0,-0.0,0.0,0.0
1785524847218334000,0,0.0000,-0.0,-0.0,0.0,0.0
1785524847239169400,0,0.0000,-0.0,-0.0,0.0,0.0
1785524847258253700,0,0.0000,-0.0,-0.0,0.0,0.0
1785524847278880400,0,0.0000,-0.0,-0.0,0.0,0.0
1785524847298343700,0,0.0000,-0.0,-0.0,0.0,0.0
1785524847319019900,0,0.0000,-0.0,-0.0,0.0,0.0
1785524847338908800,0,0.0000,-0.0,-0.0,0.0,0.0
1785524847358164200,0,0.0000,-0.0,-0.0,0.0,0.0
1785524847378265400,0,0.0000,-0.0,-0.0,0.0,0.0
1785524847398496600,0,0.0000,-0.0,-0.0,0.0,0.0
1785524847419008600,0,0.0000,-0.0,-0.0,0.0,0.0
1785524847438541000,0,0.0000,-0.0,-0.0,0.0,0.0
1785524847458060700,0,0.0000,-0.0,-0.0,0.0,0.0
1785524847478202400,0,0.0000,-0.0,-0.0,0.0,0.0
1785524847498926100,0,0.0000,-0.0,-0.0,0.0,0.0
1785524847518668700,0,0.0000,-0.0,-0.0,0.0,0.0
1785524847538316000,0,0.0000,-0.0,-0.0,0.0,0.0
1785524847558343700,0,0.0000,-0.0,-0.0,0.0,0.0
1785524847578995900,0,0.0000,-0.0,-0.0,0.0,0.0
1785524847598458200,0,0.0000,-0.0,-0.0,0.0,0.0
1785524847618588800,0,0.0000,-0.0,-0.0,0.0,0.0
1785524847638371300,0,0.0000,-0.0,-0.0,0.0,0.0
1785524847659027300,0,0.0000,-0.0,-0.0,0.0,0.0
1785524847678470400,0,0.0000,-0.0,-0.0,0.0,0.0
1785524847698152500,0,0.0000,-0.0,-0.0,0.0,0.0
1785524847718614000,0,0.0000,-0.0,-0.0,0.0,0.0
1785524847738075900,0,0.0000,-0.0,-0.0,0.0,0.0
1785524847758054300,0,0.0000,-0.0,-0.0,0.0,0.0
1785524847778830000,0,0.0000,-0.0,-0.0,0.0,0.0
1785524847798605900,0,0.0000,-0.0,-0.0,0.0,0.0
1785524847818139400,0,0.0000,-0.0,-0.0,0.0,0.0
1785524847838930400,0,0.0000,-0.0,-0.0,0.0,0.0
1785524847858361800,0,0.0000,-0.0,-0.0,0.0,0.0
1785524847878379200,0,0.0000,-0.0,-0.0,0.0,0.0
1785524847898207400,0,0.0000,-0.0,-0.0,0.0,0.0
1785524847918253300,0,0.0000,-0.0,-0.0,0.0,0.0
1785524847938724900,0,0.0000,-0.0,-0.0,0.0,0.0
1785524847958888700,0,0.0000,-0.0,-0.0,0.0,0.0
1785524847978638300,0,0.0000,-0.0,-0.0,0.0,0.0
1785524847999096400,0,0.0000,-0.0,-0.0,0.0,0.0
1785524848018314800,0,0.0000,-0.0,-0.0,0.0,0.0
1785524848038918000,0,0.0000,-0.0,-0.0,0.0,0.0
1785524848058444800,0,0.0000,-0.0,-0.0,0.0,0.0
1785524848079025000,0,0.0000,-0.0,-0.0,0.0,0.0
1785524848098289400,0,0.0000,-0.0,-0.0,0.0,0.0
1785524848118767500,0,0.0000,-0.0,-0.0,0.0,0.0
1785524848138293600,0,0.0000,-0.0,-0.0,0.0,0.0
1785524848158813500,0,0.0000,-0.0,-0.0,0.0,0.0
1785524848178428000,0,0.0000,-0.0,-0.0,0.0,0.0
1785524848198914700,0,0.0000,-0.0,-0.0,0.0,0.0
1785524848217978000,0,0.0000,-0.0,-0.0,0.0,0.0
1785524848238570600,0,0.0000,-0.0,-0.0,0.0,0.0
1785524848258385700,0,0.0000,-0.0,-0.0,0.0,0.0
1785524848278867900,0,0.0000,-0.0,-0.0,0.0,0.0
1785524848298821600,0,0.0000,-0.0,-0.0,0.0,0.0
1785524848318402600,0,0.0000,-0.0,-0.0,0.0,0.0
1785524848338491400,0,0.0000,-0.0,-0.0,0.0,0.0
1785524848358153000,0,0.0000,-0.0,-0.0,0.0,0.0
1785524848378044500,0,0.0000,-0.0,-0.0,0.0,0.0
1785524848398011200,0,0.0000,-0.0,-0.0,0.0,0.0
1785524848418786100,0,0.0000,-0.0,-0.0,0.0,0.0
1785524848438296100,0,0.0000,-0.0,-0.0,0.0,0.0
1785524848458936200,0,0.0000,-0.0,-0.0,0.0,0.0
1785524848478490500,0,0.0000,-0.0,-0.0,0.0,0.0
1785524848498138800,0,0.0000,-0.0,-0.0,0.0,0.0
1785524848518890700,0,0.0000,-0.0,-0.0,0.0,0.0
1785524848537969100,0,0.0000,-0.0,-0.0,0.0,0.0
1785524848558929300,0,0.0000,-0.0,-0.0,0.0,0.0
1785524848578832600,0,0.0000,-0.0,-0.0,0.0,0.0
1785524848598740000,0,0.0000,-0.0,-0.0,0.0,0.0
1785524848618389300,0,0.0000,-0.0,-0.0,0.0,0.0
1785524848638314300,0,0.0000,-0.0,-0.0,0.0,0.0
1785524848658351900,0,0.0000,-0.0,-0.0,0.0,0.0
1785524848678506100,0,0.0000,-0.0,-0.0,0.0,0.0
1785524848698081500,0,0.0000,-0.0,-0.0,0.0,0.0
1785524848718244200,0,0.0000,-0.0,-0.0,0.0,0.0
1785524848738437700,0,0.0000,-0.0,-0.0,0.0,0.0
1785524848758847300,0,0.0000,-0.0,-0.0,0.0,0.0
1785524848778411800,0,0.0000,-0.0,-0.0,0.0,0.0
1785524848798568100,0,0.0000,-0.0,-0.0,0.0,0.0
1785524848818735400,0,0.0000,-0.0,-0.0,0.0,0.0
1785524848838016000,0,0.0000,-0.0,-0.0,0.0,0.0
1785524848858763600,0,0.0000,-0.0,-0.0,0.0,0.0
1785524848878167900,0,0.0000,-0.0,-0.0,0.0,0.0
1785524848898751000,0,0.0000,-0.0,-0.0,0.0,0.0
1785524848918943300,0,0.0000,-0.0,-0.0,0.0,0.0
1785524848938620100,0,0.0000,-0.0,-0.0,0.0,0.0
1785524848958751300,0,0.0000,-0.0,-0.0,0.0,0.0
1785524848978182200,0,0.0000,-0.0,-0.0,0.0,0.0
1785524848998695500,0,0.0000,-0.0,-0.0,0.0,0.0
1785524849018916700,0,0.0000,-0.0,-0.0,0.0,0.0
1785524849038539500,0,0.0000,-0.0,-0.0,0.0,0.0
1785524849058319600,0,0.0000,-0.0,-0.0,0.0,0.0
1785524849078955800,0,0.0000,-0.0,-0.0,0.0,0.0
1785524849098236700,0,0.0000,-0.0,-0.0,0.0,0.0
1785524849117997400,0,0.0000,-0.0,-0.0,0.0,0.0
1785524849138344200,0,0.0000,-0.0,-0.0,0.0,0.0
1785524849158454500,0,0.0000,-0.0,-0.0,0.0,0.0
1785524849178522600,0,0.0000,-0.0,-0.0,0.0,0.0
1785524849198309100,0,0.0000,-0.0,-0.0,0.0,0.0
1785524849218527500,0,0.0000,-0.0,-0.0,0.0,0.0
1785524849238296200,0,0.0000,-0.0,-0.0,0.0,0.0
1785524849258043400,0,0.0000,-0.0,-0.0,0.0,0.0
1785524849278822700,0,0.0000,-0.0,-0.0,0.0,0.0
1785524849298146300,0,0.0000,-0.0,-0.0,0.0,0.0
1785524849318655000,0,0.0000,-0.0,-0.0,0.0,0.0
1785524849338185500,0,0.0000,-0.0,-0.0,0.0,0.0
1785524849359000600,0,0.0000,-0.0,-0.0,0.0,0.0
1785524849378149100,0,0.0000,-0.0,-0.0,0.0,0.0
1785524849398890200,0,0.0000,-0.0,-0.0,0.0,0.0
1785524849418360600,0,0.0000,-0.0,-0.0,0.0,0.0
1785524849438431600,0,0.0000,-0.0,-0.0,0.0,0.0
1785524849458902500,0,0.0000,-0.0,-0.0,0.0,0.0
1785524849478999500,0,0.0000,-0.0,-0.0,0.0,0.0
1785524849498790800,0,0.0000,-0.0,-0.0,0.0,0.0
1785524849518945700,0,0.0000,-0.0,-0.0,0.0,0.0
1785524849538664700,0,0.0000,-0.0,-0.0,0.0,0.0
1785524849558437500,0,0.0000,-0.0,-0.0,0.0,0.0
1785524849578672200,0,0.0000,-0.0,-0.0,0.0,0.0
1785524849598601700,0,0.0000,-0.0,-0.0,0.0,0.0
1785524849618407000,0,0.0000,-0.0,-0.0,0.0,0.0
1785524849638427400,0,0.0000,-0.0,-0.0,0.0,0.0
1785524849657994500,0,0.0000,-0.0,-0.0,0.0,0.0
1785524849678673600,0,0.0000,-0.0,-0.0,0.0,0.0
1785524849698305400,0,0.0000,-0.0,-0.0,0.0,0.0
1785524849718681400,0,0.0000,-0.0,-0.0,0.0,0.0
1785524849738692800,0,0.0000,-0.0,-0.0,0.0,0.0
1785524849758454500,0,0.0000,-0.0,-0.0,0.0,0.0
1785524849778417400,0,0.0000,-0.0,-0.0,0.0,0.0
1785524849798869600,0,0.0000,-0.0,-0.0,0.0,0.0
1785524849818412700,0,0.0000,-0.0,-0.0,0.0,0.0
1785524849838801600,0,0.0000,-0.0,-0.0,0.0,0.0
1785524849858860300,0,0.0000,-0.0,-0.0,0.0,0.0
1785524849878448000,0,0.0000,-0.0,-0.0,0.0,0.0
1785524849898716200,0,0.0000,-0.0,-0.0,0.0,0.0
1785524849918295700,0,0.0000,-0.0,-0.0,0.0,0.0
1785524849938720400,0,0.0000,-0.0,-0.0,0.0,0.0
1785524849958434800,0,0.0000,-0.0,-0.0,0.0,0.0
1785524849978825600,0,0.0000,-0.0,-0.0,0.0,0.0
1785524849998289000,0,0.0000,-0.0,-0.0,0.0,0.0
1785524850018465800,0,0.0000,-0.0,-0.0,0.0,0.0
1785524850038789800,0,0.0000,-0.0,-0.0,0.0,0.0
1785524850058370400,0,0.0000,-0.0,-0.0,0.0,0.0
1785524850078691400,0,0.0000,-0.0,-0.0,0.0,0.0
1785524850098510600,0,0.0000,-0.0,-0.0,0.0,0.0
1785524850118407500,0,0.0000,-0.0,-0.0,0.0,0.0
1785524850137986300,0,0.0000,-0.0,-0.0,0.0,0.0
1785524850158286100,0,0.0000,-0.0,-0.0,0.0,0.0
1785524850178388500,0,0.0000,-0.0,-0.0,0.0,0.0
1785524850198133400,0,0.0000,-0.0,-0.0,0.0,0.0
1785524850218382400,0,0.0000,-0.0,-0.0,0.0,0.0
1785524850238754100,0,0.0000,-0.0,-0.0,0.0,0.0
1785524850258049300,0,0.0000,-0.0,-0.0,0.0,0.0
1785524850278967300,0,0.0000,-0.0,-0.0,0.0,0.0
1785524850297982600,0,0.0000,-0.0,-0.0,0.0,0.0
1785524850318448000,0,0.0000,-0.0,-0.0,0.0,0.0
1785524850337935100,0,0.0000,-0.0,-0.0,0.0,0.0
1785524850358228300,0,0.0000,-0.0,-0.0,0.0,0.0
1785524850378186100,0,0.0000,-0.0,-0.0,0.0,0.0
1785524850399023500,0,0.0000,-0.0,-0.0,0.0,0.0
1785524850418981500,0,0.0000,-0.0,-0.0,0.0,0.0
1785524850438974900,0,0.0000,-0.0,-0.0,0.0,0.0
1785524850458718200,0,0.0000,-0.0,-0.0,0.0,0.0
1785524850478263000,0,0.0000,-0.0,-0.0,0.0,0.0
1785524850498883400,0,0.0000,-0.0,-0.0,0.0,0.0
1785524850518434800,0,0.0000,-0.0,-0.0,0.0,0.0
1785524850538333600,0,0.0000,-0.0,-0.0,0.0,0.0
1785524850558821000,0,0.0000,-0.0,-0.0,0.0,0.0
1785524850578089600,0,0.0000,-0.0,-0.0,0.0,0.0
1785524850598781300,0,0.0000,-0.0,-0.0,0.0,0.0
1785524850618175000,0,0.0000,-0.0,-0.0,0.0,0.0
1785524850638588300,0,0.0000,-0.0,-0.0,0.0,0.0
1785524850658203000,0,0.0000,-0.0,-0.0,0.0,0.0
1785524850678906400,0,0.0000,-0.0,-0.0,0.0,0.0
1785524850698855200,0,0.0000,-0.0,-0.0,0.0,0.0
1785524850718518800,0,0.0000,-0.0,-0.0,0.0,0.0
1785524850738307300,0,0.0000,-0.0,-0.0,0.0,0.0
1785524850758838700,0,0.0000,-0.0,-0.0,0.0,0.0
1785524850778124700,0,0.0000,-0.0,-0.0,0.0,0.0
1785524850799044100,0,0.0000,-0.0,-0.0,0.0,0.0
1785524850818082600,0,0.0000,-0.0,-0.0,0.0,0.0
1785524850838719100,0,0.0000,-0.0,-0.0,0.0,0.0
1785524850858257500,0,0.0000,-0.0,-0.0,0.0,0.0
1785524850878017600,0,0.0000,-0.0,-0.0,0.0,0.0
1785524850898085200,0,0.0000,-0.0,-0.0,0.0,0.0
1785524850918907800,0,0.0000,-0.0,-0.0,0.0,0.0
1785524850938318300,0,0.0000,-0.0,-0.0,0.0,0.0
1785524850958797800,0,0.0000,-0.0,-0.0,0.0,0.0
1785524850978386700,0,0.0000,-0.0,-0.0,0.0,0.0
1785524850998554900,0,0.0000,-0.0,-0.0,0.0,0.0
1785524851018222500,0,0.0000,-0.0,-0.0,0.0,0.0
1785524851038363300,0,0.0000,-0.0,-0.0,0.0,0.0
1785524851058315300,0,0.0000,-0.0,-0.0,0.0,0.0
1785524851078022800,0,0.0000,-0.0,-0.0,0.0,0.0
1785524851098742100,0,0.0000,-0.0,-0.0,0.0,0.0
1785524851117942200,0,0.0000,-0.0,-0.0,0.0,0.0
1785524851138853900,0,0.0000,-0.0,-0.0,0.0,0.0
1785524851158045200,0,0.0000,-0.0,-0.0,0.0,0.0
1785524851178940000,0,0.0000,-0.0,-0.0,0.0,0.0
1785524851197970900,0,0.0000,-0.0,-0.0,0.0,0.0
1785524851218371100,0,0.0000,-0.0,-0.0,0.0,0.0
1785524851238652000,0,0.0000,-0.0,-0.0,0.0,0.0
1785524851258407400,0,0.0000,-0.0,-0.0,0.0,0.0
1785524851278770100,0,0.0000,-0.0,-0.0,0.0,0.0
1785524851298421800,0,0.0000,-0.0,-0.0,0.0,0.0
1785524851318436000,0,0.0000,-0.0,-0.0,0.0,0.0
1785524851338919700,0,0.0000,-0.0,-0.0,0.0,0.0
1785524851358775100,0,0.0000,-0.0,-0.0,0.0,0.002345449548318792
1785524851378435400,0,0.0000,-0.0,-0.0,0.0,0.007214922754405401
1785524851398835600,0,0.0000,-0.0,-0.0,0.0,0.014330127439317712
1785524851418005000,0,0.0000,-0.0,-0.0,0.0,0.02378393037832193
1785524851438745900,0,0.0000,-0.0,-0.0,0.0,0.033765730378199625
1785524851458708300,0,0.0000,-0.0,-0.0,0.0,0.04386978037944555
1785524851478630700,0,0.0000,-0.0,-0.0,0.0,0.05378043037961088
1785524851498475500,0,0.0000,-0.0,-0.0,0.0,0.06375043037876804
1785524851519307600,0,0.0000,-0.0,-0.0,0.0,0.07398548037888741
1785524851537979000,0,0.0000,-0.0,-0.0,0.0,0.08375693037958609
1785524851558121100,0,0.0000,-0.0,-0.0,0.0,0.09384583037824978
1785524851578786000,0,0.0000,-0.0,-0.0,0.0,0.10390688037949058
1785524851598389600,0,0.0000,-0.0,-0.0,0.0,0.11395828037819211
1785524851618974000,0,0.0000,-0.0,-0.0,0.0,0.12388563037819023
1785524851638792600,0,0.0000,-0.0,-0.0,0.0,0.13386663037925228
1785524851658281400,0,0.0000,-0.0,-0.0,0.0,0.14391873037964598
1785524851678936600,0,-0.0000,-0.0,-0.0,0.0,0.1539466803780486
1785524851698245400,0,-0.0000,-0.0,-0.0,0.0,0.16389008037838704
1785524851718126500,0,-0.0000,-0.0,-0.0,0.0,0.1738292303791057
1785524851738890700,0,-0.0000,-0.0,-0.0,0.0,0.18392973037878602
1785524851758077900,0,-0.0001,-0.0,-0.0,0.0,0.19388668037861845
1785524851779064300,0,-0.0002,-0.0,-0.0,0.0,0.20388668037883673
1785524851798384900,0,-0.0002,-0.0,-0.0,0.0,0.21396228037809106
1785524851818630000,0,-0.0002,-0.0,-0.0,0.0,0.22382063037837707
1785524851838594200,0,-0.0002,-0.0,-0.0,0.0,0.23378468037952171
1785524851858719700,0,-0.0002,-0.0,-0.0,0.0,0.24381298037877042
1785524851878635800,0,-0.0002,-0.0,-0.0,0.0,0.2538348803783991
1785524851898081100,0,-0.0002,-0.0,-0.0,0.0,0.2638423803793374
1785524851919212600,0,-0.0002,-0.0,-0.0,0.0,0.27396678037910516
1785524851938281000,0,-0.0002,-0.0,-0.0,0.0,0.2839062303784702
1785524851958752200,0,-0.0002,-0.0,-0.0,0.0,0.2938438303783003
1785524851978387000,0,-0.0002,-0.0,-0.0,0.0,0.30396373037836366
1785524851998833800,0,-0.0002,-0.0,-0.0,0.0,0.3138868803791227
1785524852017980600,0,-0.0002,-0.0,-0.0,0.0,0.32375623037949464
1785524852038590100,0,-0.0002,-0.0,-0.0,0.0,0.33375853037903636
1785524852058656400,0,-0.0002,-0.0,-0.0,0.0,0.34378833037879286
1785524852079138700,0,-0.0002,-0.0,-0.0,0.0,0.3538849803782612
1785524852098801200,0,-0.0002,-0.0,-0.0,0.0,0.3639197803778914
1785524852118336000,0,-0.0002,-0.0,-0.0,0.0,0.373952130378875
1785524852138721500,0,-0.0002,-0.0,-0.0,0.0,0.38387903037908455
1785524852158833100,0,-0.0002,-0.0,-0.0,0.0,0.3937776303784447
1785524852178683100,0,-0.0002,-0.0,-0.0,0.0,0.4038573803783764
1785524852198217600,0,-0.0002,-0.0,-0.0,0.0,0.41387673037859696
1785524852217991000,0,-0.0002,-0.0,-0.0,0.0,0.42376503037956337
1785524852238940800,0,-0.0002,-0.0,-0.0,0.0,0.4339455303790417
1785524852258616200,0,-0.0002,-0.0,-0.0,0.0,0.4438240803785264
1785524852278062000,0,-0.0002,-0.0,-0.0,0.0,0.453801680379165
1785524852299450500,0,-0.0002,-0.0,-0.0,0.0,0.46414418037891647
1785524852318843200,0,-0.0002,-0.0,-0.0,0.0,0.4739281303783899
1785524852338395800,0,-0.0002,-0.0,-0.0,0.0,0.48396423037882397
1785524852358037400,0,-0.0002,-0.0,-0.0,0.0,0.49379053037881004
1785524852379225900,0,-0.0002,-0.0,-0.0,0.0,0.5038902303778557
1785524852398383700,0,-0.0002,-0.0,-0.0,0.0,0.5139581803788859
1785524852418127800,0,-0.0002,-0.0,-0.0,0.0,0.5238346803791317
1785524852438305700,0,-0.0002,-0.0,-0.0,0.0,0.5339194803793178
1785524852458821700,0,-0.0002,-0.0,-0.0,0.0,0.5438148303793967
1785524852478241200,0,-0.0002,-0.0,-0.0,0.0,0.5538901803785664
1785524852499019600,0,-0.0002,-0.0,-0.0,0.0,0.5639013303781938
1785524852517986800,0,-0.0002,-0.0,-0.0,0.0,0.5714277439380833
1785524852537988300,0,-0.0002,-0.0,-0.0,0.0,0.5766691497580174
1785524852558926300,0,-0.0002,-0.0,-0.0,0.0,0.5795032786074485
1785524852578750000,0,-0.0002,-0.0,-0.0,0.0,0.5799147597462425
1785524852598177700,0,-0.0002,-0.0,-0.0,0.0,0.5799147597462425
1785524852618515500,0,-0.0002,-0.0,-0.0,0.0,0.5799147597462425
1785524852638213300,0,-0.0002,-0.0,-0.0,0.0,0.5799147597462425
1785524852658720000,0,-0.0002,-0.0,-0.0,0.0,0.5799147597462425
1785524852678323100,0,-0.0002,-0.0,-0.0,0.0,0.5799147597462425
1785524852698864300,0,-0.0002,-0.0,-0.0,0.0,0.5799147597462425
1785524852718427100,0,-0.0002,-0.0,-0.0,0.0,0.5799147597462425
1785524852737979500,0,-0.0002,-0.0,-0.0,0.0,0.5799147597462425
1785524852758104100,0,-0.0002,-0.0,-0.0,0.0,0.5799147597462425
1785524852778443500,0,-0.0002,-0.0,-0.0,0.0,0.5799147597462425
1785524852798671900,0,-0.0002,-0.0,-0.0,0.0,0.5799147597462425
1785524852818902700,0,-0.0002,-0.0,-0.0,0.0,0.5799147597462425
1785524852838775000,0,-0.0002,-0.0,-0.0,0.0,0.5799147597462425
1785524852858257300,0,-0.0002,-0.0,-0.0,0.0,0.5799147597462425
1785524852878981700,0,-0.0002,-0.0,-0.0,0.0,0.5799147597462425
1785524852898756200,0,-0.0002,-0.0,-0.0,0.0,0.5799147597462425
1785524852918927900,0,-0.0002,-0.0,-0.0,0.0,0.5799147597462425
1785524852938907300,0,-0.0002,-0.0,-0.0,0.0,0.5799147597462425
1785524852958893100,0,-0.0002,-0.0,-0.0,0.0,0.5799147597462425
1785524852978771400,0,-0.0002,-0.0,-0.0,0.0,0.5799147597462425
1785524852998636500,0,-0.0002,-0.0,-0.0,0.0,0.5799147597462425
1785524853018946300,0,-0.0002,-0.0,-0.0,0.0,0.5799147597462425
1785524853038299200,0,-0.0002,-0.0,-0.0,0.0,0.5799147597462425
1785524853058296900,0,-0.0002,-0.0,-0.0,0.0,0.5799147597462425
1785524853078164800,0,-0.0002,-0.0,-0.0,0.0,0.5799147597462425
1785524853098643000,0,-0.0002,-0.0,-0.0,0.0,0.5799147597462425
1785524853118156400,0,-0.0002,-0.0,-0.0,0.0,0.5799147597462425
1785524853138133800,0,-0.0002,-0.0,-0.0,0.0,0.5799147597462425
1785524853158769400,0,-0.0002,-0.0,-0.0,0.0,0.5799147597462425
1785524853178443200,0,-0.0002,-0.0,-0.0,0.0,0.5799147597462425
1785524853198615400,0,-0.0002,-0.0,-0.0,0.0,0.5799147597462425
1785524853218270100,0,-0.0002,-0.0,-0.0,0.0,0.5799147597462425
1785524853238548900,0,-0.0002,-0.0,-0.0,0.0,0.5799147597462425
1785524853258683100,0,-0.0002,-0.0,-0.0,0.0,0.5799147597462425
1785524853279346800,0,-0.0002,-0.0,-0.0,0.0,0.5799147597462425
1785524853298785200,0,-0.0002,-0.0,-0.0,0.0,0.5799147597462425
1785524853318280900,0,-0.0002,-0.0,-0.0,0.0,0.5799147597462425
1785524853338910000,0,-0.0002,-0.0,-0.0,0.0,0.5799147597462425
1785524853358721300,0,-0.0002,-0.0,-0.0,0.0,0.5799147597462425
1785524853378189000,0,-0.0002,-0.0,-0.0,0.0,0.5799147597462425
1785524853398334300,0,-0.0002,-0.0,-0.0,0.0,0.5799147597462425
1785524853418063500,0,-0.0002,-0.0,-0.0,0.0,0.5799147597462425
1785524853438743300,0,-0.0002,-0.0,-0.0,0.0,0.5799147597462425
1785524853458394200,0,-0.0002,-0.0,-0.0,0.0,0.5799147597462425
1785524853478441600,0,-0.0002,-0.0,-0.0,0.0,0.5799147597462425
1785524853498687500,0,-0.0002,-0.0,-0.0,0.0,0.5799147597462425
1785524853518225700,0,-0.0002,-0.0,-0.0,0.0,0.5799147597462425
1785524853538938100,0,-0.0002,-0.0,-0.0,0.0,0.5799147597462425
1785524853558876200,0,-0.0002,-0.0,-0.0,0.0,0.5799147597462425
1785524853578283700,0,-0.0002,-0.0,-0.0,0.0,0.5799147597462425
1785524853598487600,0,-0.0002,-0.0,-0.0,0.0,0.5799147597462425
1785524853618721600,0,-0.0002,-0.0,-0.0,0.0,0.5799147597462425
1785524853638857900,0,-0.0002,-0.0,-0.0,0.0,0.5799147597462425
1785524853658844100,0,-0.0002,-0.0,-0.0,0.0,0.5799147597462425
1785524853678652200,0,-0.0002,-0.0,-0.0,0.0,0.5799147597462425
1785524853698661900,0,-0.0002,-0.0,-0.0,0.0,0.5799147597462425
1785524853718434200,0,-0.0002,-0.0,-0.0,0.0,0.5799147597462425
1785524853738725500,0,-0.0002,-0.0,-0.0,0.0,0.5799147597462425
1785524853758344700,0,-0.0002,-0.0,-0.0,0.0,0.5799147597462425
1785524853779012600,0,-0.0002,-0.0,-0.0,0.0,0.5799147597462425
1785524853798283800,0,-0.0002,-0.0,-0.0,0.0,0.5799147597462425
1785524853818602000,0,-0.0002,-0.0,-0.0,0.0,0.5799147597462425
1785524853838428000,0,-0.0002,-0.0,-0.0,0.0,0.5799147597462425
1785524853858619200,0,-0.0002,-0.0,-0.0,0.0,0.5799147597462425
1785524853878316800,0,-0.0002,-0.0,-0.0,0.0,0.5799147597462425
1785524853899042400,0,-0.0002,-0.0,-0.0,0.0,0.5799147597462425
1785524853918044500,0,-0.0002,-0.0,-0.0,0.0,0.5799147597462425
1785524853938872800,0,-0.0002,-0.0,-0.0,0.0,0.5799147597462425
1785524853957996800,0,-0.0002,-0.0,-0.0,0.0,0.5799147597462425
1785524853978913100,0,-0.0002,-0.0,-0.0,0.0,0.5799147597462425
1785524853998760900,0,-0.0002,-0.0,-0.0,0.0,0.5799147597462425
1785524854018743200,0,-0.0002,-0.0,-0.0,0.0,0.5799147597462425
1785524854038251600,0,-0.0002,-0.0,-0.0,0.0,0.5799147597462425
1785524854059077300,0,-0.0002,-0.0,-0.0,0.0,0.5799147597462425
1785524854077977600,0,-0.0002,-0.0,-0.0,0.0,0.5799147597462425
1785524854098752000,0,-0.0002,-0.0,-0.0,0.0,0.5799147597462425
1785524854118874200,0,-0.0002,-0.0,-0.0,0.0,0.5799147597462425
1785524854139061900,0,-0.0002,-0.0,-0.0,0.0,0.5799147597462425
1785524854158098400,0,-0.0002,-0.0,-0.0,0.0,0.5799147597462425
1785524854178940400,0,-0.0002,-0.0,-0.0,0.0,0.5799147597462425
1785524854198421400,0,-0.0002,-0.0,-0.0,0.0,0.5799147597462425
1785524854218441600,0,-0.0002,-0.0,-0.0,0.0,0.5799147597462425
1785524854238715900,0,-0.0002,-0.0,-0.0,0.0,0.5799147597462425
1785524854258118600,0,-0.0002,-0.0,-0.0,0.0,0.5799147597462425
1785524854278633700,0,-0.0002,-0.0,-0.0,0.0,0.5799147597462425
1785524854297984100,0,-0.0002,-0.0,-0.0,0.0,0.5799147597462425
1785524854318874600,0,-0.0002,-0.0,-0.0,0.0,0.5799147597462425
1785524854338336400,0,-0.0002,-0.0,-0.0,0.0,0.5799147597462425
1785524854358695800,0,-0.0002,-0.0,-0.0,0.0,0.5799147597462425
1785524854378325700,0,-0.0002,-0.0,-0.0,0.0,0.5799147597462425
1785524854398077300,0,-0.0002,-0.0,-0.0,0.0,0.5799147597462425
1785524854418732200,0,-0.0002,-0.0,-0.0,0.0,0.5799147597462425
1785524854438783500,0,-0.0002,-0.0,-0.0,0.0,0.5799147597462425
1785524854458382300,0,-0.0002,-0.0,-0.0,0.0,0.5799147597462425
1785524854478358900,0,-0.0002,-0.0,-0.0,0.0,0.5799147597462425
1785524854498579500,0,-0.0002,-0.0,-0.0,0.0,0.5799147597462425
1785524854518702800,0,-0.0002,-0.0,-0.0,0.0,0.5799147597462425
1785524854538877800,0,-0.0002,-0.0,-0.0,0.0,0.5799147597462425
1785524854558365800,0,-0.0002,-0.0,-0.0,0.0,0.5799147597462425
1785524854578710900,0,-0.0002,-0.0,-0.0,0.0,0.5799147597462425
1785524854598236800,0,-0.0002,-0.0,-0.0,0.0,0.5799147597462425
1785524854617979200,0,-0.0002,-0.0,-0.0,0.0,0.5799147597462425
1785524854638450800,0,-0.0002,-0.0,-0.0,0.0,0.5799147597462425
1785524854658355000,0,-0.0002,-0.0,-0.0,0.0,0.5799147597462425
1785524854678667800,0,-0.0002,-0.0,-0.0,0.0,0.5799147597462425
1785524854698387900,0,-0.0002,-0.0,-0.0,0.0,0.5799147597462425
1785524854718903100,0,-0.0002,-0.0,-0.0,0.0,0.5799147597462425
1785524854738800100,0,-0.0002,-0.0,-0.0,0.0,0.5799147597462425
1785524854758781000,0,-0.0002,-0.0,-0.0,0.0,0.5799147597462425
1785524854778363300,0,-0.0002,-0.0,-0.0,0.0,0.5799147597462425
1785524854798433800,0,-0.0002,-0.0,-0.0,0.0,0.5799147597462425
1785524854819126900,0,-0.0002,-0.0,-0.0,0.0,0.5799147597462425
1785524854837987400,0,-0.0002,-0.0,-0.0,0.0,0.5799147597462425
1785524854858740400,0,-0.0002,-0.0,-0.0,0.0,0.5799147597462425
1785524854878479300,0,-0.0002,-0.0,-0.0,0.0,0.5799147597462425
1785524854898170900,0,-0.0002,-0.0,-0.0,0.0,0.5799147597462425
1785524854918881600,0,-0.0002,-0.0,-0.0,0.0,0.5799147597462425
1785524854938253500,0,-0.0002,-0.0,-0.0,0.0,0.5799147597462425
1785524854958921800,0,-0.0002,-0.0,-0.0,0.0,0.5799147597462425
1785524854978584900,0,-0.0002,-0.0,-0.0,0.0,0.5799147597462425
1785524854998351600,0,-0.0002,-0.0,-0.0,0.0,0.5799147597462425
1785524855018039800,0,-0.0002,-0.0,-0.0,0.0,0.5799147597462425
1785524855038654900,0,-0.0002,-0.0,-0.0,0.0,0.5799147597462425
1785524855058337600,0,-0.0002,-0.0,-0.0,0.0,0.5799147597462425
1785524855079092200,0,-0.0002,-0.0,-0.0,0.0,0.5799147597462425
1785524855098403000,0,-0.0002,-0.0,-0.0,0.0,0.5799147597462425
1785524855118635500,0,-0.0002,-0.0,-0.0,0.0,0.5799147597462425
1785524855138113000,0,-0.0002,-0.0,-0.0,0.0,0.5799147597462425
1785524855159023600,0,-0.0002,-0.0,-0.0,0.0,0.5799147597462425
1785524855178336700,0,-0.0002,-0.0,-0.0,0.0,0.5799147597462425
1785524855198911600,0,-0.0002,-0.0,-0.0,0.0,0.5799147597462425
1785524855217973800,0,-0.0002,-0.0,-0.0,0.0,0.5799147597462425
1785524855238821400,0,-0.0002,-0.0,-0.0,0.0,0.5799147597462425
1785524855258151000,0,-0.0002,-0.0,-0.0,0.0,0.5799147597462425
1785524855278457600,0,-0.0002,-0.0,-0.0,0.0,0.5799147597462425
1785524855298370200,0,-0.0002,-0.0,-0.0,0.0,0.5799147597462425
1785524855318715300,0,-0.0002,-0.0,-0.0,0.0,0.5799147597462425
1785524855338002500,0,-0.0002,-0.0,-0.0,0.0,0.5799147597462425
1785524855358379100,0,-0.0002,-0.0,-0.0,0.0,0.5799147597462425
1785524855378666600,0,-0.0002,-0.0,-0.0,0.0,0.5799147597462425
1785524855398694100,0,-0.0002,-0.0,-0.0,0.0,0.5799147597462425
1785524855418903500,0,-0.0002,-0.0,-0.0,0.0,0.5799147597462425
1785524855438784900,0,-0.0002,-0.0,-0.0,0.0,0.5799147597462425
1785524855458189200,0,-0.0002,-0.0,-0.0,0.0,0.5799147597462425
1785524855478798600,0,-0.0002,-0.0,-0.0,0.0,0.5799147597462425
1785524855498557200,0,-0.0002,-0.0,-0.0,0.0,0.5799147597462425
1785524855519203700,0,-0.0002,-0.0,-0.0,0.0,0.5799147597462425
1785524855538808300,0,-0.0002,-0.0,-0.0,0.0,0.5799147597462425
1785524855558433900,0,-0.0002,-0.0,-0.0,0.0,0.5799147597462425
1785524855578383000,0,-0.0002,-0.0,-0.0,0.0,0.5799147597462425
1785524855598850700,0,-0.0002,-0.0,-0.0,0.0,0.5799147597462425
1785524855618836900,0,-0.0002,-0.0,-0.0,0.0,0.5799147597462425
1785524855638224000,0,-0.0002,-0.0,-0.0,0.0,0.5799147597462425
1785524855658867100,0,-0.0002,-0.0,-0.0,0.0,0.5799147597462425
1785524855678279700,0,-0.0002,-0.0,-0.0,0.0,0.5799147597462425
1785524855698276900,0,-0.0002,-0.0,-0.0,0.0,0.5799147597462425
1785524855718702000,0,-0.0002,-0.0,-0.0,0.0,0.5799147597462425
1785524855738587900,0,-0.0002,-0.0,-0.0,0.0,0.5799147597462425
1785524855758660500,0,-0.0002,-0.0,-0.0,0.0,0.5799147597462425
1785524855778132400,0,-0.0002,-0.0,-0.0,0.0,0.5799147597462425
1785524855798474700,0,-0.0002,-0.0,-0.0,0.0,0.5799147597462425
1785524855818874900,0,-0.0002,-0.0,-0.0,0.0,0.5799147597462425
1785524855838584900,0,-0.0002,-0.0,-0.0,0.0,0.5799147597462425
1785524855858700200,0,-0.0002,-0.0,-0.0,0.0,0.5799147597462425
1785524855878197600,0,-0.0002,-0.0,-0.0,0.0,0.5799147597462425
1785524855898250100,0,-0.0002,-0.0,-0.0,0.0,0.5799147597462425
1785524855918413400,0,-0.0002,-0.0,-0.0,0.0,0.5799147597462425
1785524855938817300,0,-0.0002,-0.0,-0.0,0.0,0.5799147597462425
1785524855957983100,0,-0.0002,-0.0,-0.0,0.0,0.5799147597462425
1785524855978005000,0,-0.0002,-0.0,-0.0,0.0,0.5799147597462425
1785524855999030800,0,-0.0002,-0.0,-0.0,0.0,0.5799147597462425
1785524856018657400,0,-0.0002,-0.0,-0.0,0.0,0.5799147597462425
1785524856038318500,0,-0.0002,-0.0,-0.0,0.0,0.5799147597462425
1785524856058086700,0,-0.0002,-0.0,-0.0,0.0,0.5799147597462425
1785524856078567700,0,-0.0002,-0.0,-0.0,0.0,0.5799147597462425
1785524856098635000,0,-0.0002,-0.0,-0.0,0.0,0.5799147597462425
1785524856118269900,0,-0.0002,-0.0,-0.0,0.0,0.5799147597462425
1785524856137980200,0,-0.0002,-0.0,-0.0,0.0,0.5799147597462425
1785524856158393700,0,-0.0002,-0.0,-0.0,0.0,0.5799147597462425
1785524856178932300,0,-0.0002,-0.0,-0.0,0.0,0.5799147597462425
1785524856197972100,0,-0.0002,-0.0,-0.0,0.0,0.5799147597462425
1785524856217946800,0,-0.0002,-0.0,-0.0,0.0,0.5799147597462425
1785524856238636900,0,-0.0002,-0.0,-0.0,0.0,0.5799147597462425
1785524856258027300,0,-0.0002,-0.0,-0.0,0.0,0.5799147597462425
1785524856278445400,0,-0.0002,-0.0,-0.0,0.0,0.5799147597462425
1785524856298632600,0,-0.0002,-0.0,-0.0,0.0,0.5799147597462425
1785524856318159000,0,-0.0002,-0.0,-0.0,0.0,0.5799147597462425
1785524856338851100,0,-0.0002,-0.0,-0.0,0.0,0.5799147597462425
1785524856358051100,0,-0.0002,-0.0,-0.0,0.0,0.5799147597462425
1785524856378385100,0,-0.0002,-0.0,-0.0,0.0,0.5799147597462425
1785524856398430200,0,-0.0002,-0.0,-0.0,0.0,0.5799147597462425
1785524856417942700,0,-0.0002,-0.0,-0.0,0.0,0.5799147597462425
1785524856438237100,0,-0.0002,-0.0,-0.0,0.0,0.5799147597462425
1785524856458561400,0,-0.0002,-0.0,-0.0,0.0,0.5799147597462425
1785524856478356700,0,-0.0002,-0.0,-0.0,0.0,0.5799147597462425
1785524856498594100,0,-0.0002,-0.0,-0.0,0.0,0.5799147597462425
1785524856518642300,0,-0.0002,-0.0,-0.0,0.0,0.5799147597462425
1785524856538655800,0,-0.0002,-0.0,-0.0,0.0,0.5799147597462425
1785524856557958700,0,-0.0002,-0.0,-0.0,0.0,0.5799147597462425
1785524856578021300,0,-0.0002,-0.0,-0.0,0.0,0.5799147597462425
1785524856598618200,0,-0.0002,-0.0,-0.0,0.0,0.5799147597462425
1785524856618234100,0,-0.0002,-0.0,-0.0,0.0,0.5799147597462425
1785524856638922000,0,-0.0002,-0.0,-0.0,0.0,0.5799147597462425
1785524856658234000,0,-0.0002,-0.0,-0.0,0.0,0.5799147597462425
1785524856678387700,0,-0.0002,-0.0,-0.0,0.0,0.5799147597462425
1785524856699212800,0,-0.0002,-0.0,-0.0,0.0,0.5799147597462425
1785524856718938900,0,-0.0002,-0.0,-0.0,0.0,0.5799147597462425
1785524856737954600,0,-0.0002,-0.0,-0.0,0.0,0.5799147597462425
1785524856758717000,0,-0.0002,-0.0,-0.0,0.0,0.5799147597462425
1785524856778317900,0,-0.0002,-0.0,-0.0,0.0,0.5799147597462425
1785524856798496100,0,-0.0002,-0.0,-0.0,0.0,0.5799147597462425
1785524856818807700,0,-0.0002,-0.0,-0.0,0.0,0.5799147597462425
1785524856838365900,0,-0.0002,-0.0,-0.0,0.0,0.5799147597462425
1785524856858279000,0,-0.0002,-0.0,-0.0,0.0,0.5799147597462425
1785524856878845700,0,-0.0002,-0.0,-0.0,0.0,0.5799147597462425
1785524856898267600,0,-0.0002,-0.0,-0.0,0.0,0.5799147597462425
1785524856918271800,0,-0.0002,-0.0,-0.0,0.0,0.5799147597462425
1785524856938779100,0,-0.0002,-0.0,-0.0,0.0,0.5799147597462425
1785524856958219500,0,-0.0002,-0.0,-0.0,0.0,0.5799147597462425
1785524856978503000,0,-0.0002,-0.0,-0.0,0.0,0.5799147597462425
1785524856998531800,0,-0.0002,-0.0,-0.0,0.0,0.5799147597462425
1785524857019139600,0,-0.0002,-0.0,-0.0,0.0,0.5799147597462425
1785524857038906600,0,-0.0002,-0.0,-0.0,0.0,0.5799147597462425
1785524857058275900,0,-0.0002,-0.0,-0.0,0.0,0.5799147597462425
1785524857078121800,0,-0.0002,-0.0,-0.0,0.0,0.5799147597462425
1785524857097969700,0,-0.0002,-0.0,-0.0,0.0,0.5799147597462425
1785524857117977900,0,-0.0002,-0.0,-0.0,0.0,0.5799147597462425
1785524857138264700,0,-0.0002,-0.0,-0.0,0.0,0.5799147597462425
1785524857158568500,0,-0.0002,-0.0,-0.0,0.0,0.5799147597462425
1785524857178109300,0,-0.0002,-0.0,-0.0,0.0,0.5799147597462425
1785524857198378000,0,-0.0002,-0.0,-0.0,0.0,0.5799147597462425
1785524857219076500,0,-0.0002,-0.0,-0.0,0.0,0.5799147597462425
1785524857239098600,0,-0.0002,-0.0,-0.0,0.0,0.5799147597462425
1785524857258705900,0,-0.0002,-0.0,-0.0,0.0,0.5799147597462425
1785524857277972900,0,-0.0002,-0.0,-0.0,0.0,0.5799147597462425
1785524857299079400,0,-0.0002,-0.0,-0.0,0.0,0.5799147597462425
1785524857318017700,0,-0.0002,-0.0,-0.0,0.0,0.5799147597462425
1785524857337961200,0,-0.0002,-0.0,-0.0,0.0,0.5799147597462425
1785524857358834200,0,-0.0002,-0.0,-0.0,0.0,0.5799147597462425
1785524857378436700,0,-0.0002,-0.0,-0.0,0.0,0.5799147597462425
1785524857398530900,0,-0.0002,-0.0,-0.0,0.0,0.5799147597462425
1785524857418055600,0,-0.0002,-0.0,-0.0,0.0,0.5799147597462425
1785524857438744800,0,-0.0002,-0.0,-0.0,0.0,0.5799147597462425
1785524857458331100,0,-0.0002,-0.0,-0.0,0.0,0.5799147597462425
1785524857478470300,0,-0.0002,-0.0,-0.0,0.0,0.5799147597462425
1785524857498118900,0,-0.0002,-0.0,-0.0,0.0,0.5799147597462425
1785524857518405600,0,-0.0002,-0.0,-0.0,0.0,0.5799147597462425
1785524857538072600,0,-0.0002,-0.0,-0.0,0.0,0.5799147597462425
1785524857558722700,0,-0.0002,-0.0,-0.0,0.0,0.5799147597462425
1785524857578445300,0,-0.0002,-0.0,-0.0,0.0,0.5799147597462425
1785524857598546100,0,-0.0002,-0.0,-0.0,0.0,0.5799147597462425
1785524857618809600,0,-0.0002,-0.0,-0.0,0.0,0.5799147597462425
1785524857638277200,0,-0.0002,-0.0,-0.0,0.0,0.5799147597462425
1785524857658988300,0,-0.0002,-0.0,-0.0,0.0,0.5799147597462425
1785524857678341400,0,-0.0002,-0.0,-0.0,0.0,0.5799147597462425
1785524857698666500,0,-0.0002,-0.0,-0.0,0.0,0.5799147597462425
1785524857718120500,0,-0.0002,-0.0,-0.0,0.0,0.5799147597462425
1785524857739076100,0,-0.0002,-0.0,-0.0,0.0,0.5799147597462425
1785524857758408000,0,-0.0002,-0.0,-0.0,0.0,0.5799147597462425
1785524857778500900,0,-0.0002,-0.0,-0.0,0.0,0.5799147597462425
1785524857798303000,0,-0.0002,-0.0,-0.0,0.0,0.5799147597462425
1785524857819172100,0,-0.0002,-0.0,-0.0,0.0,0.5799147597462425
1785524857838225400,0,-0.0002,-0.0,-0.0,0.0,0.5799147597462425
1785524857858313400,0,-0.0002,-0.0,-0.0,0.0,0.5799147597462425
1785524857878301500,0,-0.0002,-0.0,-0.0,0.0,0.5799147597462425
1785524857898270500,0,-0.0002,-0.0,-0.0,0.0,0.5799147597462425
1785524857918163500,0,-0.0002,-0.0,-0.0,0.0,0.5799147597462425
1785524857938675700,0,-0.0002,-0.0,-0.0,0.0,0.5799147597462425
1785524857958298600,0,-0.0002,-0.0,-0.0,0.0,0.5799147597462425
1785524857978331900,0,-0.0002,-0.0,-0.0,0.0,0.5799147597462425
1785524857998632700,0,-0.0002,-0.0,-0.0,0.0,0.5799147597462425
1785524858017937000,0,-0.0002,-0.0,-0.0,0.0,0.5799147597462425
1785524858038045300,0,-0.0002,-0.0,-0.0,0.0,0.5799147597462425
1785524858058213700,0,-0.0002,-0.0,-0.0,0.0,0.5799147597462425
1785524858077993800,0,-0.0002,-0.0,-0.0,0.0,0.5799147597462425
1785524858098732200,0,-0.0002,-0.0,-0.0,0.0,0.5799147597462425
1785524858118169100,0,-0.0002,-0.0,-0.0,0.0,0.5799147597462425
1785524858138291500,0,-0.0002,-0.0,-0.0,0.0,0.5799147597462425
1785524858158627100,0,-0.0002,-0.0,-0.0,0.0,0.5799147597462425
1785524858178230800,0,-0.0002,-0.0,-0.0,0.0,0.5799147597462425
1785524858198744400,0,-0.0002,-0.0,-0.0,0.0,0.5799147597462425
1785524858218281900,0,-0.0002,-0.0,-0.0,0.0,0.5799147597462425
1785524858238438500,0,-0.0002,-0.0,-0.0,0.0,0.5799147597462425
1785524858258276600,0,-0.0002,-0.0,-0.0,0.0,0.5799147597462425
1785524858278700800,0,-0.0002,-0.0,-0.0,0.0,0.5799147597462425
1785524858297946500,0,-0.0002,-0.0,-0.0,0.0,0.5799147597462425
1785524858318395300,0,-0.0002,-0.0,-0.0,0.0,0.5799147597462425
1785524858338111700,0,-0.0002,-0.0,-0.0,0.0,0.5799147597462425
1785524858358534300,0,-0.0002,-0.0,-0.0,0.0,0.5799147597462425
1785524858378199200,0,-0.0002,-0.0,-0.0,0.0,0.5799147597462425
1785524858398951200,0,-0.0002,-0.0,-0.0,0.0,0.5799147597462425
1785524858418110500,0,-0.0002,-0.0,-0.0,0.0,0.5799147597462425
1785524858438641400,0,-0.0002,-0.0,-0.0,0.0,0.5799147597462425
1785524858458885400,0,-0.0002,-0.0,-0.0,0.0,0.5799147597462425
1785524858478476000,0,-0.0002,-0.0,-0.0,0.0,0.5799147597462425
1785524858498427800,0,-0.0002,-0.0,-0.0,0.0,0.5799147597462425
1785524858518847500,0,-0.0002,-0.0,-0.0,0.0,0.5799147597462425
1785524858538523700,0,-0.0002,-0.0,-0.0,0.0,0.5799147597462425
1785524858559058100,0,-0.0002,-0.0,-0.0,0.0,0.5799147597462425
1785524858578214300,0,-0.0002,-0.0,-0.0,0.0,0.5799147597462425
1785524858599013700,0,-0.0002,-0.0,-0.0,0.0,0.5799147597462425
1785524858617975000,0,-0.0002,-0.0,-0.0,0.0,0.5799147597462425
1785524858638845500,0,-0.0002,-0.0,-0.0,0.0,0.5799147597462425
1785524858658811600,0,-0.0002,-0.0,-0.0,0.0,0.5799147597462425
1785524858678431800,0,-0.0002,-0.0,-0.0,0.0,0.5799147597462425
1785524858698109500,0,-0.0002,-0.0,-0.0,0.0,0.5799147597462425
1785524858718738400,0,-0.0002,-0.0,-0.0,0.0,0.5799147597462425
1785524858738321700,0,-0.0002,-0.0,-0.0,0.0,0.5799147597462425
1785524858758543400,0,-0.0002,-0.0,-0.0,0.0,0.5799147597462425
1785524858778133800,0,-0.0002,-0.0,-0.0,0.0,0.5799147597462425
1785524858798564400,0,-0.0002,-0.0,-0.0,0.0,0.5799147597462425
1785524858818930500,0,-0.0002,-0.0,-0.0,0.0,0.5799147597462425
1785524858838374100,0,-0.0002,-0.0,-0.0,0.0,0.5799147597462425
1785524858858056600,0,-0.0002,-0.0,-0.0,0.0,0.5799147597462425
1785524858878104600,0,-0.0002,-0.0,-0.0,0.0,0.5799147597462425
1785524858898420400,0,-0.0002,-0.0,-0.0,0.0,0.5799147597462425
1785524858919006100,0,-0.0002,-0.0,-0.0,0.0,0.5799147597462425
1785524858938401900,0,-0.0002,-0.0,-0.0,0.0,0.5799147597462425
1785524858958592500,0,-0.0002,-0.0,-0.0,0.0,0.5799147597462425
1785524858978198800,0,-0.0002,-0.0,-0.0,0.0,0.5799147597462425
1785524858998370200,0,-0.0002,-0.0,-0.0,0.0,0.5799147597462425
1785524859018680400,0,-0.0002,-0.0,-0.0,0.0,0.5799147597462425
1785524859038585700,0,-0.0002,-0.0,-0.0,0.0,0.5799147597462425
1785524859058622600,0,-0.0002,-0.0,-0.0,0.0,0.5799147597462425
1785524859078408600,0,-0.0002,-0.0,-0.0,0.0,0.5799147597462425
1785524859098860100,0,-0.0002,-0.0,-0.0,0.0,0.5799147597462425
1785524859118756300,0,-0.0002,-0.0,-0.0,0.0,0.5799147597462425
1785524859138308400,0,-0.0002,-0.0,-0.0,0.0,0.5799147597462425
1785524859158429800,0,-0.0002,-0.0,-0.0,0.0,0.5799147597462425
1785524859178959100,0,-0.0002,-0.0,-0.0,0.0,0.5799147597462425
1785524859197973100,0,-0.0002,-0.0,-0.0,0.0,0.5799147597462425
1785524859218629900,0,-0.0002,-0.0,-0.0,0.0,0.5799147597462425
1785524859238672300,0,-0.0002,-0.0,-0.0,0.0,0.5799147597462425
1785524859258341900,0,-0.0002,-0.0,-0.0,0.0,0.5799147597462425
1785524859278366300,0,-0.0002,-0.0,-0.0,0.0,0.5799147597462425
1785524859299166400,0,-0.0002,-0.0,-0.0,0.0,0.5799147597462425
1785524859318989500,0,-0.0002,-0.0,-0.0,0.0,0.5799147597462425
1785524859338651800,0,-0.0002,-0.0,-0.0,0.0,0.5799147597462425
1785524859358759300,0,-0.0002,-0.0,-0.0,0.0,0.5799147597462425
1785524859378240600,0,-0.0002,-0.0,-0.0,0.0,0.5799147597462425
1785524859398725400,0,-0.0002,-0.0,-0.0,0.0,0.5799147597462425
1785524859418383900,0,-0.0002,-0.0,-0.0,0.0,0.5799147597462425
1785524859438676700,0,-0.0002,-0.0,-0.0,0.0,0.5799147597462425
1785524859458752200,0,-0.0002,-0.0,-0.0,0.0,0.5799147597462425
1785524859478216000,0,-0.0002,-0.0,-0.0,0.0,0.5799147597462425
1785524859498671800,0,-0.0002,-0.0,-0.0,0.0,0.5799147597462425
1785524859518842500,0,-0.0002,-0.0,-0.0,0.0,0.5799147597462425
1785524859538159800,0,-0.0002,-0.0,-0.0,0.0,0.5799147597462425
1785524859558851100,0,-0.0002,-0.0,-0.0,0.0,0.5799147597462425
1785524859578101600,0,-0.0002,-0.0,-0.0,0.0,0.5799147597462425
1785524859598700900,0,-0.0002,-0.0,-0.0,0.0,0.5799147597462425
1785524859618067600,0,-0.0002,-0.0,-0.0,0.0,0.5799147597462425
1785524859638923900,0,-0.0002,-0.0,-0.0,0.0,0.5799147597462425
1785524859658402400,0,-0.0002,-0.0,-0.0,0.0,0.5799147597462425
1785524859678724100,0,-0.0002,-0.0,-0.0,0.0,0.5799147597462425
1785524859698175000,0,-0.0002,-0.0,-0.0,0.0,0.5799147597462425
1785524859718330100,0,-0.0002,-0.0,-0.0,0.0,0.5799147597462425
1785524859738708600,0,-0.0002,-0.0,-0.0,0.0,0.5799147597462425
1785524859758073700,0,-0.0002,-0.0,-0.0,0.0,0.5799147597462425
1785524859779046400,0,-0.0002,-0.0,-0.0,0.0,0.5799147597462425
1785524859798164600,0,-0.0002,-0.0,-0.0,0.0,0.5799147597462425
1785524859818965000,0,-0.0002,-0.0,-0.0,0.0,0.5799147597462425
1785524859838330500,0,-0.0002,-0.0,-0.0,0.0,0.5799147597462425
1785524859858807800,0,-0.0002,-0.0,-0.0,0.0,0.5799147597462425
1785524859878629500,0,-0.0002,-0.0,-0.0,0.0,0.5799147597462425
1785524859898633400,0,-0.0002,-0.0,-0.0,0.0,0.5799147597462425
1785524859918314800,0,-0.0002,-0.0,-0.0,0.0,0.5799147597462425
1785524859938904100,0,-0.0002,-0.0,-0.0,0.0,0.5799147597462425
1785524859958440800,0,-0.0002,-0.0,-0.0,0.0,0.5799147597462425
1785524859978596100,0,-0.0002,-0.0,-0.0,0.0,0.5799147597462425
1785524859998160500,0,-0.0002,-0.0,-0.0,0.0,0.5799147597462425
1785524860018555100,0,-0.0002,-0.0,-0.0,0.0,0.5799147597462425
1785524860038363900,0,-0.0002,-0.0,-0.0,0.0,0.5799147597462425
1785524860058159100,0,-0.0002,-0.0,-0.0,0.0,0.5799147597462425
1785524860078031700,0,-0.0002,-0.0,-0.0,0.0,0.5799147597462425
1785524860098722000,0,-0.0002,-0.0,-0.0,0.0,0.5799147597462425
1785524860118671900,0,-0.0002,-0.0,-0.0,0.0,0.5799147597462425
1785524860138364800,0,-0.0002,-0.0,-0.0,0.0,0.5799147597462425
1785524860159000700,0,-0.0002,-0.0,-0.0,0.0,0.5799147597462425
1785524860178226300,0,-0.0002,-0.0,-0.0,0.0,0.5799147597462425
1785524860199236900,0,-0.0002,-0.0,-0.0,0.0,0.5799147597462425
1785524860218786200,0,-0.0002,-0.0,-0.0,0.0,0.5799147597462425
1785524860238681300,0,-0.0002,-0.0,-0.0,0.0,0.5799147597462425
1785524860258122900,0,-0.0002,-0.0,-0.0,0.0,0.5799147597462425
1785524860277966500,0,-0.0002,-0.0,-0.0,0.0,0.5799147597462425
1785524860298283400,0,-0.0002,-0.0,-0.0,0.0,0.5799147597462425
1785524860318212700,0,-0.0002,-0.0,-0.0,0.0,0.5799147597462425
1785524860338169700,0,-0.0002,-0.0,-0.0,0.0,0.5799147597462425
1785524860358299100,0,-0.0002,-0.0,-0.0,0.0,0.5799147597462425
1785524860378121700,0,-0.0002,-0.0,-0.0,0.0,0.5799147597462425
1785524860398910300,0,-0.0002,-0.0,-0.0,0.0,0.5799147597462425
1785524860417989900,0,-0.0002,-0.0,-0.0,0.0,0.5799147597462425
1785524860438400000,0,-0.0002,-0.0,-0.0,0.0,0.5799147597462425
1785524860458885800,0,-0.0002,-0.0,-0.0,0.0,0.5799147597462425
1785524860478131100,0,-0.0002,-0.0,-0.0,0.0,0.5799147597462425
1785524860498282600,0,-0.0002,-0.0,-0.0,0.0,0.5799147597462425
1785524860518364000,0,-0.0002,-0.0,-0.0,0.0,0.5799147597462425
1785524860538290800,0,-0.0002,-0.0,-0.0,0.0,0.5799147597462425
1785524860558965600,0,-0.0002,-0.0,-0.0,0.0,0.5799147597462425
1785524860578319300,0,-0.0002,-0.0,-0.0,0.0,0.5799147597462425
1785524860598446200,0,-0.0002,-0.0,-0.0,0.0,0.5799147597462425
1785524860618891300,0,-0.0002,-0.0,-0.0,0.0,0.5799147597462425
1785524860638378000,0,-0.0002,-0.0,-0.0,0.0,0.5799147597462425
1785524860658914800,0,-0.0002,-0.0,-0.0,0.0,0.5799147597462425
1785524860678394300,0,-0.0002,-0.0,-0.0,0.0,0.5799147597462425
1785524860698526400,0,-0.0002,-0.0,-0.0,0.0,0.5799147597462425
1785524860718313700,0,-0.0002,-0.0,-0.0,0.0,0.5799147597462425
1785524860738492100,0,-0.0002,-0.0,-0.0,0.0,0.5799147597462425
1785524860758056400,0,-0.0002,-0.0,-0.0,0.0,0.5799147597462425
1785524860778374100,0,-0.0002,-0.0,-0.0,0.0,0.5799147597462425
1785524860798468100,0,-0.0002,-0.0,-0.0,0.0,0.5799147597462425
1785524860818535500,0,-0.0002,-0.0,-0.0,0.0,0.5799147597462425
1785524860837994700,0,-0.0002,-0.0,-0.0,0.0,0.5799147597462425
1785524860858070800,0,-0.0002,-0.0,-0.0,0.0,0.5799147597462425
1785524860878507600,0,-0.0002,-0.0,-0.0,0.0,0.5799147597462425
1785524860898424800,0,-0.0002,-0.0,-0.0,0.0,0.5799147597462425
1785524860918086100,0,-0.0002,-0.0,-0.0,0.0,0.5799147597462425
1785524860938241800,0,-0.0002,-0.0,-0.0,0.0,0.5799147597462425
1785524860958659600,0,-0.0002,-0.0,-0.0,0.0,0.5799147597462425
1785524860978336000,0,-0.0002,-0.0,-0.0,0.0,0.5799147597462425
1785524860998051800,0,-0.0002,-0.0,-0.0,0.0,0.5799147597462425
1785524861018418400,0,-0.0002,-0.0,-0.0,0.0,0.5799147597462425
1785524861038523300,0,-0.0002,-0.0,-0.0,0.0,0.5799147597462425
1785524861058085800,0,-0.0002,-0.0,-0.0,0.0,0.5799147597462425
1785524861078260300,0,-0.0002,-0.0,-0.0,0.0,0.5799147597462425
1785524861099052600,0,-0.0002,-0.0,-0.0,0.0,0.5799147597462425
1785524861118537400,0,-0.0002,-0.0,-0.0,0.0,0.5799147597462425
1785524861138780400,0,-0.0002,-0.0,-0.0,0.0,0.5799147597462425
1785524861158235500,0,-0.0002,-0.0,-0.0,0.0,0.5799147597462425
1785524861178030900,0,-0.0002,-0.0,-0.0,0.0,0.5775597627790656
1785524861198899900,0,-0.0002,-0.0,-0.0,0.0,0.5726584274173242
1785524861218814800,0,-0.0002,-0.0,-0.0,0.0,0.565538213764698
1785524861238223900,0,-0.0002,-0.0,-0.0,0.0,0.555922928873793
1785524861259019700,0,-0.0002,-0.0,-0.0,0.0,0.5458857288740779
1785524861278671900,0,-0.0002,-0.0,-0.0,0.0,0.5359533788742061
1785524861298248900,0,-0.0002,-0.0,-0.0,0.0,0.5259099788745749
1785524861318988500,0,-0.0002,-0.0,-0.0,0.0,0.5158349288740516
1785524861338640600,0,-0.0002,-0.0,-0.0,0.0,0.5060473288740701
1785524861358085500,0,-0.0002,-0.0,-0.0,0.0,0.4959903788731259
1785524861378419100,0,-0.0002,-0.0,-0.0,0.0,0.48582492887364936
1785524861398179500,0,-0.0002,-0.0,-0.0,0.0,0.47594072887297956
1785524861418660700,0,-0.0002,-0.0,-0.0,0.0,0.46595147887458155
1785524861438779200,0,-0.0002,-0.0,-0.0,0.0,0.455895878873003
1785524861458503500,0,-0.0002,-0.0,-0.0,0.0,0.4460386788741977
1785524861478225700,0,-0.0002,-0.0,-0.0,0.0,0.4359209288741346
1785524861498258600,0,-0.0002,-0.0,-0.0,0.0,0.42590332887450644
1785524861518418000,0,-0.0002,-0.0,-0.0,0.0,0.41582352887419405
1785524861538898000,0,-0.0002,-0.0,-0.0,0.0,0.405838128874189
1785524861557945100,0,-0.0002,-0.0,-0.0,0.0,0.3960552288736159
1785524861579064600,0,-0.0002,-0.0,-0.0,0.0,0.38833318434505293
1785524861598230700,0,-0.0002,-0.0,-0.0,0.0,0.38321809991127254
1785524861618487200,0,-0.0002,-0.0,-0.0,0.0,0.38045547458669804
1785524861638417200,0,-0.0002,-0.0,-0.0,0.0,0.38010367370342235
1785524861658692600,0,-0.0002,-0.0,-0.0,0.0,0.38010367370342235
1785524861678410600,0,-0.0002,-0.0,-0.0,0.0,0.38010367370342235
1785524861698482200,0,-0.0002,-0.0,-0.0,0.0,0.38010367370342235
1785524861718269000,0,-0.0002,-0.0,-0.0,0.0,0.38010367370342235
1785524861738488800,0,-0.0002,-0.0,-0.0,0.0,0.38010367370342235
1785524861758880900,0,-0.0002,-0.0,-0.0,0.0,0.38010367370342235
1785524861778061500,0,-0.0002,-0.0,-0.0,0.0,0.38010367370342235
1785524861799176000,0,-0.0002,-0.0,-0.0,0.0,0.38010367370342235
1785524861818127400,0,-0.0002,-0.0,-0.0,0.0,0.38010367370342235
1785524861838701900,0,-0.0002,-0.0,-0.0,0.0,0.38010367370342235
1785524861858091100,0,-0.0002,-0.0,-0.0,0.0,0.38010367370342235
1785524861878331100,0,-0.0002,-0.0,-0.0,0.0,0.38010367370342235
1785524861898054400,0,-0.0002,-0.0,-0.0,0.0,0.38010367370342235
1785524861918907300,0,-0.0002,-0.0,-0.0,0.0,0.38010367370342235
1785524861938472700,0,-0.0002,-0.0,-0.0,0.0,0.38010367370342235
1785524861958828600,0,-0.0002,-0.0,-0.0,0.0,0.38010367370342235
1785524861978416300,0,-0.0002,-0.0,-0.0,0.0,0.38010367370342235
1785524861998785800,0,-0.0002,-0.0,-0.0,0.0,0.38010367370342235
1785524862018711800,0,-0.0002,-0.0,-0.0,0.0,0.38010367370342235
1785524862038107400,0,-0.0002,-0.0,-0.0,0.0,0.38010367370342235
1785524862058595900,0,-0.0002,-0.0,-0.0,0.0,0.38010367370342235
1785524862078135100,0,-0.0002,-0.0,-0.0,0.0,0.38010367370342235
1785524862098512500,0,-0.0002,-0.0,-0.0,0.0,0.3777575360598632
1785524862117953500,0,-0.0002,-0.0,-0.0,0.0,0.37297155740357446
1785524862138982000,0,-0.0002,-0.0,-0.0,0.0,0.36569436192868415
1785524862157949100,0,-0.0002,-0.0,-0.0,0.0,0.35620316060239066
1785524862178063500,0,-0.0002,-0.0,-0.0,0.0,0.34615716060297064
1785524862198912900,0,-0.0002,-0.0,-0.0,0.0,0.33851429494492047
1785524862218407700,0,-0.0002,-0.0,-0.0,0.0,0.3333103547746237
1785524862238739400,0,-0.0002,-0.0,-0.0,0.0,0.3305563172066391
1785524862258091600,0,-0.0002,-0.0,-0.0,0.0,0.33016044534860256
1785524862278703500,0,-0.0002,-0.0,-0.0,0.0,0.33016044534860256
1785524862299194800,0,-0.0002,-0.0,-0.0,0.0,0.33016044534860256
1785524862318890300,0,-0.0002,-0.0,-0.0,0.0,0.33016044534860256
1785524862338887100,0,-0.0002,-0.0,-0.0,0.0,0.33016044534860256
1785524862358167700,0,-0.0002,-0.0,-0.0,0.0,0.327774656249661
1785524862378037900,0,-0.0002,-0.0,-0.0,0.0,0.3230293197689337
1785524862398350300,0,-0.0002,-0.0,-0.0,0.0,0.3156999376375395
1785524862418155800,0,-0.0002,-0.0,-0.0,0.0,0.3061993185389938
1785524862438871200,0,-0.0002,-0.0,-0.0,0.0,0.29616236853936334
1785524862457995700,0,-0.0002,-0.0,-0.0,0.0,0.28861975388386
1785524862478124700,0,-0.0002,-0.0,-0.0,0.0,0.28337739764418435
1785524862498337400,0,-0.0002,-0.0,-0.0,0.0,0.28056059130376243
1785524862518232700,0,-0.0002,-0.0,-0.0,0.0,0.280161966506949
1785524862538849500,0,-0.0002,-0.0,-0.0,0.0,0.280161966506949
1785524862558663800,0,-0.0002,-0.0,-0.0,0.0,0.280161966506949
1785524862578408900,0,-0.0002,-0.0,-0.0,0.0,0.280161966506949
1785524862598679900,0,-0.0002,-0.0,-0.0,0.0,0.280161966506949
1785524862618130600,0,-0.0002,-0.0,-0.0,0.0,0.280161966506949
1785524862638995500,0,-0.0002,-0.0,-0.0,0.0,0.280161966506949
1785524862658166400,0,-0.0002,-0.0,-0.0,0.0,0.280161966506949
1785524862678264800,0,-0.0002,-0.0,-0.0,0.0,0.280161966506949
1785524862697939500,0,-0.0002,-0.0,-0.0,0.0,0.280161966506949
1785524862717953900,0,-0.0002,-0.0,-0.0,0.0,0.280161966506949
1785524862738679500,0,-0.0002,-0.0,-0.0,0.0,0.280161966506949
1785524862758049200,0,-0.0002,-0.0,-0.0,0.0,0.280161966506949
1785524862778267800,0,-0.0002,-0.0,-0.0,0.0,0.280161966506949
1785524862797942800,0,-0.0002,-0.0,-0.0,0.0,0.280161966506949
1785524862818405800,0,-0.0002,-0.0,-0.0,0.0,0.280161966506949
1785524862837949300,0,-0.0002,-0.0,-0.0,0.0,0.280161966506949
1785524862858563700,0,-0.0002,-0.0,-0.0,0.0,0.280161966506949
1785524862879009700,0,-0.0002,-0.0,-0.0,0.0,0.280161966506949
1785524862898212600,0,-0.0002,-0.0,-0.0,0.0,0.280161966506949
1785524862918169400,0,-0.0002,-0.0,-0.0,0.0,0.280161966506949
1785524862938967600,0,-0.0002,-0.0,-0.0,0.0,0.280161966506949
1785524862958011600,0,-0.0002,-0.0,-0.0,0.0,0.280161966506949
1785524862978843200,0,-0.0002,-0.0,-0.0,0.0,0.280161966506949
1785524862998379200,0,-0.0002,-0.0,-0.0,0.0,0.280161966506949
1785524863018193400,0,-0.0002,-0.0,-0.0,0.0,0.280161966506949
1785524863038345300,0,-0.0002,-0.0,-0.0,0.0,0.280161966506949
1785524863058941300,0,-0.0002,-0.0,-0.0,0.0,0.280161966506949
1785524863078400500,0,-0.0002,-0.0,-0.0,0.0,0.280161966506949
1785524863098408500,0,-0.0002,-0.0,-0.0,0.0,0.280161966506949
1785524863118423700,0,-0.0002,-0.0,-0.0,0.0,0.280161966506949
1785524863138905800,0,-0.0002,-0.0,-0.0,0.0,0.280161966506949
1785524863158307300,0,-0.0002,-0.0,-0.0,0.0,0.280161966506949
1785524863178382300,0,-0.0002,-0.0,-0.0,0.0,0.280161966506949
1785524863198045300,0,-0.0002,-0.0,-0.0,0.0,0.280161966506949
1785524863217978700,0,-0.0002,-0.0,-0.0,0.0,0.280161966506949
1785524863238862900,0,-0.0002,-0.0,-0.0,0.0,0.280161966506949
1785524863257935800,0,-0.0002,-0.0,-0.0,0.0,0.280161966506949
1785524863278430700,0,-0.0002,-0.0,-0.0,0.0,0.280161966506949
1785524863298691400,0,-0.0002,-0.0,-0.0,0.0,0.280161966506949
1785524863318377300,0,-0.0002,-0.0,-0.0,0.0,0.280161966506949
1785524863338645400,0,-0.0002,-0.0,-0.0,0.0,0.280161966506949
1785524863358368000,0,-0.0002,-0.0,-0.0,0.0,0.280161966506949
1785524863378220300,0,-0.0002,-0.0,-0.0,0.0,0.280161966506949
1785524863398434300,0,-0.0002,-0.0,-0.0,0.0,0.280161966506949
1785524863418622500,0,-0.0002,-0.0,-0.0,0.0,0.280161966506949
1785524863438261200,0,-0.0002,-0.0,-0.0,0.0,0.280161966506949
1785524863458580400,0,-0.0002,-0.0,-0.0,0.0,0.280161966506949
1785524863478800600,0,-0.0002,-0.0,-0.0,0.0,0.280161966506949
1785524863498790700,0,-0.0002,-0.0,-0.0,0.0,0.280161966506949
1785524863518673700,0,-0.0002,-0.0,-0.0,0.0,0.280161966506949
1785524863537977500,0,-0.0002,-0.0,-0.0,0.0,0.280161966506949
1785524863558731400,0,-0.0002,-0.0,-0.0,0.0,0.280161966506949
1785524863578188900,0,-0.0002,-0.0,-0.0,0.0,0.280161966506949
1785524863598589400,0,-0.0002,-0.0,-0.0,0.0,0.280161966506949
1785524863618895700,0,-0.0002,-0.0,-0.0,0.0,0.280161966506949
1785524863638083400,0,-0.0002,-0.0,-0.0,0.0,0.280161966506949
1785524863658203800,0,-0.0002,-0.0,-0.0,0.0,0.280161966506949
1785524863678453400,0,-0.0002,-0.0,-0.0,0.0,0.280161966506949
1785524863698412600,0,-0.0002,-0.0,-0.0,0.0,0.280161966506949
1785524863718678900,0,-0.0002,-0.0,-0.0,0.0,0.280161966506949
1785524863738261900,0,-0.0002,-0.0,-0.0,0.0,0.280161966506949
1785524863758437000,0,-0.0002,-0.0,-0.0,0.0,0.280161966506949
1785524863778421200,0,-0.0002,-0.0,-0.0,0.0,0.280161966506949
1785524863798788200,0,-0.0002,-0.0,-0.0,0.0,0.280161966506949
1785524863818286600,0,-0.0002,-0.0,-0.0,0.0,0.280161966506949
1785524863838467000,0,-0.0002,-0.0,-0.0,0.0,0.280161966506949
1785524863858549500,0,-0.0002,-0.0,-0.0,0.0,0.280161966506949
1785524863878062400,0,-0.0002,-0.0,-0.0,0.0,0.280161966506949
1785524863898713500,0,-0.0002,-0.0,-0.0,0.0,0.280161966506949
1785524863918407200,0,-0.0002,-0.0,-0.0,0.0,0.280161966506949
1785524863938572100,0,-0.0002,-0.0,-0.0,0.0,0.280161966506949
1785524863958879100,0,-0.0002,-0.0,-0.0,0.0,0.280161966506949
1785524863979189000,0,-0.0002,-0.0,-0.0,0.0,0.280161966506949
1785524863999032800,0,-0.0002,-0.0,-0.0,0.0,0.280161966506949
1785524864018426800,0,-0.0002,-0.0,-0.0,0.0,0.280161966506949
1785524864038439400,0,-0.0002,-0.0,-0.0,0.0,0.280161966506949
1785524864057943800,0,-0.0002,-0.0,-0.0,0.0,0.280161966506949
1785524864078119600,0,-0.0002,-0.0,-0.0,0.0,0.280161966506949
1785524864098381400,0,-0.0002,-0.0,-0.0,0.0,0.280161966506949
1785524864118739800,0,-0.0002,-0.0,-0.0,0.0,0.280161966506949
1785524864138612500,0,-0.0002,-0.0,-0.0,0.0,0.280161966506949
1785524864157966300,0,-0.0002,-0.0,-0.0,0.0,0.280161966506949
1785524864177994600,0,-0.0002,-0.0,-0.0,0.0,0.280161966506949
1785524864198460600,0,-0.0002,-0.0,-0.0,0.0,0.280161966506949
1785524864218018000,0,-0.0002,-0.0,-0.0,0.0,0.280161966506949
1785524864238085600,0,-0.0002,-0.0,-0.0,0.0,0.280161966506949
1785524864258769200,0,-0.0002,-0.0,-0.0,0.0,0.280161966506949
1785524864278160300,0,-0.0002,-0.0,-0.0,0.0,0.280161966506949
1785524864298829600,0,-0.0002,-0.0,-0.0,0.0,0.280161966506949
1785524864318961600,0,-0.0002,-0.0,-0.0,0.0,0.280161966506949
1785524864338754900,0,-0.0002,-0.0,-0.0,0.0,0.280161966506949
1785524864358173900,0,-0.0002,-0.0,-0.0,0.0,0.280161966506949
1785524864378671000,0,-0.0002,-0.0,-0.0,0.0,0.280161966506949
1785524864398448500,0,-0.0002,-0.0,-0.0,0.0,0.280161966506949
1785524864418582200,0,-0.0002,-0.0,-0.0,0.0,0.280161966506949
1785524864438518600,0,-0.0002,-0.0,-0.0,0.0,0.280161966506949
1785524864458790800,0,-0.0002,-0.0,-0.0,0.0,0.280161966506949
1785524864478149000,0,-0.0002,-0.0,-0.0,0.0,0.280161966506949
1785524864498680000,0,-0.0002,-0.0,-0.0,0.0,0.280161966506949
1785524864518339200,0,-0.0002,-0.0,-0.0,0.0,0.280161966506949
1785524864538957900,0,-0.0002,-0.0,-0.0,0.0,0.280161966506949
1785524864558250800,0,-0.0002,-0.0,-0.0,0.0,0.280161966506949
1785524864578575000,0,-0.0002,-0.0,-0.0,0.0,0.280161966506949
1785524864597970600,0,-0.0002,-0.0,-0.0,0.0,0.280161966506949
1785524864618727800,0,-0.0002,-0.0,-0.0,0.0,0.280161966506949
1785524864638955100,0,-0.0002,-0.0,-0.0,0.0,0.280161966506949
1785524864658034300,0,-0.0002,-0.0,-0.0,0.0,0.280161966506949
1785524864678764900,0,-0.0002,-0.0,-0.0,0.0,0.280161966506949
1785524864698134100,0,-0.0002,-0.0,-0.0,0.0,0.280161966506949
1785524864718641600,0,-0.0002,-0.0,-0.0,0.0,0.280161966506949
1785524864738664100,0,-0.0002,-0.0,-0.0,0.0,0.280161966506949
1785524864758327200,0,-0.0002,-0.0,-0.0,0.0,0.280161966506949
1785524864778443900,0,-0.0002,-0.0,-0.0,0.0,0.280161966506949
1785524864798709800,0,-0.0002,-0.0,-0.0,0.0,0.280161966506949
1785524864818892700,0,-0.0002,-0.0,-0.0,0.0,0.280161966506949
1785524864838332000,0,-0.0002,-0.0,-0.0,0.0,0.280161966506949
1785524864858521100,0,-0.0002,-0.0,-0.0,0.0,0.280161966506949
1785524864878241400,0,-0.0002,-0.0,-0.0,0.0,0.280161966506949
1785524864898229400,0,-0.0002,-0.0,-0.0,0.0,0.280161966506949
1785524864918261500,0,-0.0002,-0.0,-0.0,0.0,0.280161966506949
1785524864938923900,0,-0.0002,-0.0,-0.0,0.0,0.280161966506949
1785524864957944000,0,-0.0002,-0.0,-0.0,0.0,0.280161966506949
1785524864978170400,0,-0.0002,-0.0,-0.0,0.0,0.280161966506949
1785524864998560200,0,-0.0002,-0.0,-0.0,0.0,0.280161966506949
1785524865018237400,0,-0.0002,-0.0,-0.0,0.0,0.280161966506949
1785524865038605900,0,-0.0002,-0.0,-0.0,0.0,0.280161966506949
1785524865059310100,0,-0.0002,-0.0,-0.0,0.0,0.280161966506949
1785524865078548200,0,-0.0002,-0.0,-0.0,0.0,0.280161966506949
1785524865099044400,0,-0.0002,-0.0,-0.0,0.0,0.280161966506949
1785524865118193600,0,-0.0002,-0.0,-0.0,0.0,0.280161966506949
1785524865138732000,0,-0.0002,-0.0,-0.0,0.0,0.280161966506949
1785524865159070600,0,-0.0002,-0.0,-0.0,0.0,0.280161966506949
1785524865178198800,0,-0.0002,-0.0,-0.0,0.0,0.280161966506949
1785524865198685500,0,-0.0002,-0.0,-0.0,0.0,0.280161966506949
1785524865217951300,0,-0.0002,-0.0,-0.0,0.0,0.280161966506949
1785524865238693100,0,-0.0002,-0.0,-0.0,0.0,0.280161966506949
1785524865258888000,0,-0.0002,-0.0,-0.0,0.0,0.280161966506949
1785524865278182600,0,-0.0002,-0.0,-0.0,0.0,0.280161966506949
1785524865298846900,0,-0.0002,-0.0,-0.0,0.0,0.280161966506949
1785524865318496900,0,-0.0002,-0.0,-0.0,0.0,0.280161966506949
1785524865338692700,0,-0.0002,-0.0,-0.0,0.0,0.280161966506949
1785524865358256500,0,-0.0002,-0.0,-0.0,0.0,0.280161966506949
1785524865378557200,0,-0.0002,-0.0,-0.0,0.0,0.280161966506949
1785524865398892500,0,-0.0002,-0.0,-0.0,0.0,0.280161966506949
1785524865418041000,0,-0.0002,-0.0,-0.0,0.0,0.280161966506949
1785524865438600400,0,-0.0002,-0.0,-0.0,0.0,0.280161966506949
1785524865458148100,0,-0.0002,-0.0,-0.0,0.0,0.280161966506949
1785524865478459800,0,-0.0002,-0.0,-0.0,0.0,0.280161966506949
1785524865498353100,0,-0.0002,-0.0,-0.0,0.0,0.280161966506949
1785524865518459100,0,-0.0002,-0.0,-0.0,0.0,0.280161966506949
1785524865538051900,0,-0.0002,-0.0,-0.0,0.0,0.280161966506949
1785524865558591100,0,-0.0002,-0.0,-0.0,0.0,0.280161966506949
1785524865578190600,0,-0.0002,-0.0,-0.0,0.0,0.280161966506949
1785524865598728000,0,-0.0002,-0.0,-0.0,0.0,0.280161966506949
1785524865617958400,0,-0.0002,-0.0,-0.0,0.0,0.280161966506949
1785524865638300900,0,-0.0002,-0.0,-0.0,0.0,0.280161966506949
1785524865658940900,0,-0.0002,-0.0,-0.0,0.0,0.280161966506949
1785524865678359600,0,-0.0002,-0.0,-0.0,0.0,0.280161966506949
1785524865698232500,0,-0.0002,-0.0,-0.0,0.0,0.280161966506949
1785524865718823300,0,-0.0002,-0.0,-0.0,0.0,0.280161966506949
1785524865738625200,0,-0.0002,-0.0,-0.0,0.0,0.280161966506949
1785524865758082200,0,-0.0002,-0.0,-0.0,0.0,0.280161966506949
1785524865778587900,0,-0.0002,-0.0,-0.0,0.0,0.280161966506949
1785524865798569300,0,-0.0002,-0.0,-0.0,0.0,0.280161966506949
1785524865818445600,0,-0.0002,-0.0,-0.0,0.0,0.280161966506949
1785524865838090000,0,-0.0002,-0.0,-0.0,0.0,0.280161966506949
1785524865858032700,0,-0.0002,-0.0,-0.0,0.0,0.280161966506949
1785524865878967400,0,-0.0002,-0.0,-0.0,0.0,0.280161966506949
1785524865898059700,0,-0.0002,-0.0,-0.0,0.0,0.280161966506949
1785524865918867700,0,-0.0002,-0.0,-0.0,0.0,0.280161966506949
1785524865938016300,0,-0.0002,-0.0,-0.0,0.0,0.280161966506949
1785524865958379500,0,-0.0002,-0.0,-0.0,0.0,0.280161966506949
1785524865979180700,0,-0.0002,-0.0,-0.0,0.0,0.280161966506949
1785524865998788000,0,-0.0002,-0.0,-0.0,0.0,0.280161966506949
1785524866018822500,0,-0.0002,-0.0,-0.0,0.0,0.280161966506949
1785524866038171000,0,-0.0002,-0.0,-0.0,0.0,0.280161966506949
1785524866058653400,0,-0.0002,-0.0,-0.0,0.0,0.280161966506949
1785524866078154500,0,-0.0002,-0.0,-0.0,0.0,0.280161966506949
1785524866098554600,0,-0.0002,-0.0,-0.0,0.0,0.280161966506949
1785524866118791200,0,-0.0002,-0.0,-0.0,0.0,0.280161966506949
1785524866138746400,0,-0.0002,-0.0,-0.0,0.0,0.280161966506949
1785524866158354200,0,-0.0002,-0.0,-0.0,0.0,0.280161966506949
1785524866178569600,0,-0.0002,-0.0,-0.0,0.0,0.280161966506949
1785524866198351000,0,-0.0002,-0.0,-0.0,0.0,0.280161966506949
1785524866218876900,0,-0.0002,-0.0,-0.0,0.0,0.280161966506949
1785524866238245600,0,-0.0002,-0.0,-0.0,0.0,0.280161966506949
1785524866258671300,0,-0.0002,-0.0,-0.0,0.0,0.280161966506949
1785524866278051200,0,-0.0002,-0.0,-0.0,0.0,0.280161966506949
1785524866298391200,0,-0.0002,-0.0,-0.0,0.0,0.280161966506949
1785524866318428200,0,-0.0002,-0.0,-0.0,0.0,0.280161966506949
1785524866338906800,0,-0.0002,-0.0,-0.0,0.0,0.280161966506949
1785524866358710700,0,-0.0002,-0.0,-0.0,0.0,0.280161966506949
1785524866378172800,0,-0.0002,-0.0,-0.0,0.0,0.280161966506949
1785524866398731500,0,-0.0002,-0.0,-0.0,0.0,0.280161966506949
1785524866419435500,0,-0.0002,-0.0,-0.0,0.0,0.280161966506949
1785524866439159300,0,-0.0002,-0.0,-0.0,0.0,0.280161966506949
1785524866458238300,0,-0.0002,-0.0,-0.0,0.0,0.280161966506949
1785524866478702500,0,-0.0002,-0.0,-0.0,0.0,0.280161966506949
1785524866498137100,0,-0.0002,-0.0,-0.0,0.0,0.280161966506949
1785524866518400500,0,-0.0002,-0.0,-0.0,0.0,0.280161966506949
1785524866538571400,0,-0.0002,-0.0,-0.0,0.0,0.280161966506949
1785524866558718600,0,-0.0002,-0.0,-0.0,0.0,0.280161966506949
1785524866578245200,0,-0.0002,-0.0,-0.0,0.0,0.280161966506949
1785524866598592000,0,-0.0002,-0.0,-0.0,0.0,0.280161966506949
1785524866618414700,0,-0.0002,-0.0,-0.0,0.0,0.280161966506949
1785524866638386300,0,-0.0002,-0.0,-0.0,0.0,0.280161966506949
1785524866658515700,0,-0.0002,-0.0,-0.0,0.0,0.280161966506949
1785524866678299400,0,-0.0002,-0.0,-0.0,0.0,0.280161966506949
1785524866698612700,0,-0.0002,-0.0,-0.0,0.0,0.280161966506949
1785524866717945700,0,-0.0002,-0.0,-0.0,0.0,0.280161966506949
1785524866739018300,0,-0.0002,-0.0,-0.0,0.0,0.280161966506949
1785524866758021600,0,-0.0002,-0.0,-0.0,0.0,0.280161966506949
1785524866778215700,0,-0.0002,-0.0,-0.0,0.0,0.280161966506949
1785524866799159300,0,-0.0002,-0.0,-0.0,0.0,0.280161966506949
1785524866818363200,0,-0.0002,-0.0,-0.0,0.0,0.280161966506949
1785524866838554100,0,-0.0002,-0.0,-0.0,0.0,0.280161966506949
1785524866858752300,0,-0.0002,-0.0,-0.0,0.0,0.280161966506949
1785524866878351100,0,-0.0002,-0.0,-0.0,0.0,0.280161966506949
1785524866898015700,0,-0.0002,-0.0,-0.0,0.0,0.280161966506949
1785524866918165700,0,-0.0002,-0.0,-0.0,0.0,0.280161966506949
1785524866938236500,0,-0.0002,-0.0,-0.0,0.0,0.280161966506949
1785524866958113700,0,-0.0002,-0.0,-0.0,0.0,0.280161966506949
1785524866978434000,0,-0.0002,-0.0,-0.0,0.0,0.280161966506949
1785524866998319500,0,-0.0002,-0.0,-0.0,0.0,0.280161966506949
1785524867018442800,0,-0.0002,-0.0,-0.0,0.0,0.280161966506949
1785524867038429500,0,-0.0002,-0.0,-0.0,0.0,0.280161966506949
1785524867058806000,0,-0.0002,-0.0,-0.0,0.0,0.280161966506949
1785524867078237700,0,-0.0002,-0.0,-0.0,0.0,0.280161966506949
1785524867098556600,0,-0.0002,-0.0,-0.0,0.0,0.280161966506949
1785524867117927300,0,-0.0002,-0.0,-0.0,0.0,0.280161966506949
1785524867138320500,0,-0.0002,-0.0,-0.0,0.0,0.280161966506949
1785524867158338600,0,-0.0002,-0.0,-0.0,0.0,0.280161966506949
1785524867178311800,0,-0.0002,-0.0,-0.0,0.0,0.280161966506949
1785524867198746300,0,-0.0002,-0.0,-0.0,0.0,0.280161966506949
1785524867218816100,0,-0.0002,-0.0,-0.0,0.0,0.280161966506949
1785524867238633700,0,-0.0002,-0.0,-0.0,0.0,0.280161966506949
1785524867258621500,0,-0.0002,-0.0,-0.0,0.0,0.280161966506949
1785524867278306100,0,-0.0002,-0.0,-0.0,0.0,0.280161966506949
1785524867298801600,0,-0.0002,-0.0,-0.0,0.0,0.280161966506949
1785524867318007400,0,-0.0002,-0.0,-0.0,0.0,0.280161966506949
1785524867338160200,0,-0.0002,-0.0,-0.0,0.0,0.280161966506949
1785524867358123100,0,-0.0002,-0.0,-0.0,0.0,0.280161966506949
1785524867377974800,0,-0.0002,-0.0,-0.0,0.0,0.280161966506949
1785524867398217700,0,-0.0002,-0.0,-0.0,0.0,0.280161966506949
1785524867418342900,0,-0.0002,-0.0,-0.0,0.0,0.280161966506949
1785524867438734500,0,-0.0002,-0.0,-0.0,0.0,0.280161966506949
1785524867458131300,0,-0.0002,-0.0,-0.0,0.0,0.280161966506949
1785524867478836600,0,-0.0002,-0.0,-0.0,0.0,0.280161966506949
1785524867498722200,0,-0.0002,-0.0,-0.0,0.0,0.280161966506949
1785524867518337600,0,-0.0002,-0.0,-0.0,0.0,0.280161966506949
1785524867538533000,0,-0.0002,-0.0,-0.0,0.0,0.280161966506949
1785524867558182700,0,-0.0002,-0.0,-0.0,0.0,0.280161966506949
1785524867578367200,0,-0.0002,-0.0,-0.0,0.0,0.280161966506949
1785524867598016300,0,-0.0002,-0.0,-0.0,0.0,0.282446790517056
1785524867618803200,0,-0.0002,-0.0,-0.0,0.0,0.2871982116737395
1785524867638558500,0,-0.0002,-0.0,-0.0,0.0,0.29431509055811905
1785524867658891700,0,-0.0002,-0.0,-0.0,0.0,0.30409770303942524
1785524867678097500,0,-0.0002,-0.0,-0.0,0.0,0.31395570303886516
1785524867698309400,0,-0.0002,-0.0,-0.0,0.0,0.3240625530396038
1785524867718558200,0,-0.0002,-0.0,-0.0,0.0,0.3338842030387433
1785524867738240600,0,-0.0002,-0.0,-0.0,0.0,0.34402365304033183
1785524867758724300,0,-0.0002,-0.0,-0.0,0.0,0.35391085304019826
1785524867778069800,0,-0.0002,-0.0,-0.0,0.0,0.3639379530394045
1785524867798410600,0,-0.0002,-0.0,-0.0,0.0,0.374196053040415
1785524867818126900,0,-0.0002,-0.0,-0.0,0.0,0.3839674030403522
1785524867838173200,0,-0.0002,-0.0,-0.0,0.0,0.39398855303972696
1785524867858886000,0,-0.0002,-0.0,-0.0,0.0,0.4040956030401695
1785524867878425800,0,-0.0002,-0.0,-0.0,0.0,0.41385525304014764
1785524867898133400,0,-0.0002,-0.0,-0.0,0.0,0.4239697530391105
1785524867918705100,0,-0.0002,-0.0,-0.0,0.0,0.4339495030397494
1785524867938295900,0,-0.0002,-0.0,-0.0,0.0,0.44404675304014846
1785524867958955800,0,-0.0002,-0.0,-0.0,0.0,0.4539869530397674
1785524867977985600,0,-0.0002,-0.0,-0.0,0.0,0.4639031030399757
1785524867998759100,0,-0.0002,-0.0,-0.0,0.0,0.473993353039824
1785524868018181500,0,-0.0002,-0.0,-0.0,0.0,0.48399390303877327
1785524868039070500,0,-0.0002,-0.0,-0.0,0.0,0.49402350303882586
1785524868058812300,0,-0.0002,-0.0,-0.0,0.0,0.504047503039893
1785524868078332700,0,-0.0002,-0.0,-0.0,0.0,0.5140715030391412
1785524868098219900,0,-0.0002,-0.0,-0.0,0.0,0.5216438494959256
1785524868118530300,0,-0.0002,-0.0,-0.0,0.0,0.5268087659536231
1785524868138802500,0,-0.0002,-0.0,-0.0,0.0,0.5296699758950584
1785524868158426000,0,-0.0002,-0.0,-0.0,0.0,0.5300608119229228
1785524868178434700,0,-0.0002,-0.0,-0.0,0.0,0.5300608119229228
1785524868198233200,0,-0.0002,-0.0,-0.0,0.0,0.5300608119229228
1785524868218871300,0,-0.0002,-0.0,-0.0,0.0,0.5300608119229228
1785524868238511000,0,-0.0002,-0.0,-0.0,0.0,0.5300608119229228
1785524868258884100,0,-0.0002,-0.0,-0.0,0.0,0.5300608119229228
1785524868278957300,0,-0.0002,-0.0,-0.0,0.0,0.5300608119229228
1785524868297968000,0,-0.0002,-0.0,-0.0,0.0,0.5300608119229228
1785524868318840900,0,-0.0002,-0.0,-0.0,0.0,0.5300608119229228
1785524868338109100,0,-0.0002,-0.0,-0.0,0.0,0.5300608119229228
1785524868358707900,0,-0.0002,-0.0,-0.0,0.0,0.5300608119229228
1785524868378176400,0,-0.0002,-0.0,-0.0,0.0,0.5300608119229228
1785524868398815700,0,-0.0002,-0.0,-0.0,0.0,0.5300608119229228
1785524868418143000,0,-0.0002,-0.0,-0.0,0.0,0.5300608119229228
1785524868438452600,0,-0.0002,-0.0,-0.0,0.0,0.5300608119229228
1785524868458064700,0,-0.0002,-0.0,-0.0,0.0,0.5324913886968684
1785524868478317600,0,-0.0002,-0.0,-0.0,0.0,0.5374174014687425
1785524868498829900,0,-0.0002,-0.0,-0.0,0.0,0.5446478860790092
1785524868518733500,0,-0.0002,-0.0,-0.0,0.0,0.5540986169289845
1785524868537896700,0,-0.0002,-0.0,-0.0,0.0,0.5640405169288152
1785524868558195800,0,-0.0002,-0.0,-0.0,0.0,0.5741935669284595
1785524868578225400,0,-0.0002,-0.0,-0.0,0.0,0.5842172169286806
1785524868599058300,0,-0.0002,-0.0,-0.0,0.0,0.5941836669280911
1785524868618145000,0,-0.0002,-0.0,-0.0,0.0,0.6017728405447774
1785524868638408800,0,-0.0002,-0.0,-0.0,0.0,0.607015851567218
1785524868658376600,0,-0.0002,-0.0,-0.0,0.0,0.609787744673583
1785524868678039100,0,-0.0002,-0.0,-0.0,0.0,0.6101967199407939
1785524868698807300,0,-0.0002,-0.0,-0.0,0.0,0.6101967199407939
1785524868718841300,0,-0.0002,-0.0,-0.0,0.0,0.6126711116473044
1785524868738458700,0,-0.0002,-0.0,-0.0,0.0,0.6173666735949698
1785524868758070400,0,-0.0002,-0.0,-0.0,0.0,0.6246378950735817
1785524868777998400,0,-0.0002,-0.0,-0.0,0.0,0.6341801947347967
1785524868799081900,0,-0.0002,-0.0,-0.0,0.0,0.6414671468979136
1785524868817934200,0,-0.0002,-0.0,-0.0,0.0,0.6461652380027766
1785524868838071900,0,-0.0002,-0.0,-0.0,0.0,0.648568647722815
1785524868858606300,0,-0.0002,-0.0,-0.0,0.0,0.6485755368381639
1785524868878710300,0,-0.0002,-0.0,-0.0,0.0,0.6485755368381639
1785524868898328200,0,-0.0002,-0.0,-0.0,0.0,0.6485755368381639
1785524868918052500,0,-0.0002,-0.0,-0.0,0.0,0.6485755368381639
1785524868938749500,0,-0.0002,-0.0,-0.0,0.0,0.6485755368381639
1785524868958202700,0,-0.0002,-0.0,-0.0,0.0,0.6485755368381639
1785524868978636700,0,-0.0002,-0.0,-0.0,0.0,0.6485755368381639
1785524868998165600,0,-0.0002,-0.0,-0.0,0.0,0.6485755368381639
1785524869018200500,0,-0.0002,-0.0,-0.0,0.0,0.6485755368381639
1785524869038667700,0,-0.0002,-0.0,-0.0,0.0,0.6485755368381639
1785524869058461800,0,-0.0002,-0.0,-0.0,0.0,0.6485755368381639
1785524869078295500,0,-0.0002,-0.0,-0.0,0.0,0.6485755368381639
1785524869098658300,0,-0.0002,-0.0,-0.0,0.0,0.6485755368381639
1785524869118212000,0,-0.0002,-0.0,-0.0,0.0,0.6485755368381639
1785524869138691400,0,-0.0002,-0.0,-0.0,0.0,0.6485755368381639
1785524869158486500,0,-0.0002,-0.0,-0.0,0.0,0.6485755368381639
1785524869178809100,0,-0.0002,-0.0,-0.0,0.0,0.6485755368381639
1785524869199220900,0,-0.0002,-0.0,-0.0,0.0,0.6485755368381639
1785524869218331600,0,-0.0002,-0.0,-0.0,0.0,0.6485755368381639
1785524869238902800,0,-0.0002,-0.0,-0.0,0.0,0.6485755368381639
1785524869258333900,0,-0.0002,-0.0,-0.0,0.0,0.6485755368381639
1785524869278817100,0,-0.0002,-0.0,-0.0,0.0,0.6485755368381639
1785524869298120100,0,-0.0002,-0.0,-0.0,0.0,0.6485755368381639
1785524869318014000,0,-0.0002,-0.0,-0.0,0.0,0.6485755368381639
1785524869338914100,0,-0.0002,-0.0,-0.0,0.0,0.6485755368381639
1785524869358441800,0,-0.0002,-0.0,-0.0,0.0,0.6485755368381639
1785524869378027200,0,-0.0002,-0.0,-0.0,0.0,0.6485755368381639
1785524869398064000,0,-0.0002,-0.0,-0.0,0.0,0.6485755368381639
1785524869418590400,0,-0.0002,-0.0,-0.0,0.0,0.6485755368381639
1785524869438792400,0,-0.0002,-0.0,-0.0,0.0,0.6485755368381639
1785524869458763900,0,-0.0002,-0.0,-0.0,0.0,0.6485755368381639
1785524869478779300,0,-0.0002,-0.0,-0.0,0.0,0.6485755368381639
1785524869497975300,0,-0.0002,-0.0,-0.0,0.0,0.6485755368381639
1785524869518067000,0,-0.0002,-0.0,-0.0,0.0,0.6485755368381639
1785524869538882400,0,-0.0002,-0.0,-0.0,0.0,0.6485755368381639
1785524869558624700,0,-0.0002,-0.0,-0.0,0.0,0.6485755368381639
1785524869578894500,0,-0.0002,-0.0,-0.0,0.0,0.6485755368381639
1785524869598582000,0,-0.0002,-0.0,-0.0,0.0,0.6485755368381639
1785524869618781100,0,-0.0002,-0.0,-0.0,0.0,0.6485755368381639
1785524869638210500,0,-0.0002,-0.0,-0.0,0.0,0.6485755368381639
1785524869658563600,0,-0.0002,-0.0,-0.0,0.0,0.6485755368381639
1785524869678354800,0,-0.0002,-0.0,-0.0,0.0,0.6485755368381639
1785524869698204200,0,-0.0002,-0.0,-0.0,0.0,0.6485755368381639
1785524869717927000,0,-0.0002,-0.0,-0.0,0.0,0.6485755368381639
1785524869738415000,0,-0.0002,-0.0,-0.0,0.0,0.6485755368381639
1785524869758918300,0,-0.0002,-0.0,-0.0,0.0,0.6485755368381639
1785524869778616400,0,-0.0002,-0.0,-0.0,0.0,0.6485755368381639
1785524869798874000,0,-0.0002,-0.0,-0.0,0.0,0.6485755368381639
1785524869817982100,0,-0.0002,-0.0,-0.0,0.0,0.6485755368381639
1785524869838410100,0,-0.0002,-0.0,-0.0,0.0,0.6485755368381639
1785524869857952400,0,-0.0002,-0.0,-0.0,0.0,0.6485755368381639
1785524869878949600,0,-0.0002,-0.0,-0.0,0.0,0.6485755368381639
1785524869898590000,0,-0.0002,-0.0,-0.0,0.0,0.6485755368381639
1785524869918024600,0,-0.0002,-0.0,-0.0,0.0,0.6485755368381639
1785524869938184700,0,-0.0002,-0.0,-0.0,0.0,0.6485755368381639
1785524869958231700,0,-0.0002,-0.0,-0.0,0.0,0.6485755368381639
1785524869978275700,0,-0.0002,-0.0,-0.0,0.0,0.6485755368381639
1785524869998564200,0,-0.0002,-0.0,-0.0,0.0,0.6485755368381639
1785524870018897000,0,-0.0002,-0.0,-0.0,0.0,0.6485755368381639
1785524870038451300,0,-0.0002,-0.0,-0.0,0.0,0.6485755368381639
1785524870058896300,0,-0.0002,-0.0,-0.0,0.0,0.6485755368381639
1785524870078838100,0,-0.0002,-0.0,-0.0,0.0,0.6485755368381639
1785524870099023500,0,-0.0002,-0.0,-0.0,0.0,0.6485755368381639
1785524870118342100,0,-0.0002,-0.0,-0.0,0.0,0.6485755368381639
1785524870138797700,0,-0.0002,-0.0,-0.0,0.0,0.6485755368381639
1785524870157963300,0,-0.0002,-0.0,-0.0,0.0,0.6485755368381639
1785524870178089900,0,-0.0002,-0.0,-0.0,0.0,0.6485755368381639
1785524870198934500,0,-0.0002,-0.0,-0.0,0.0,0.6485755368381639
1785524870219222000,0,-0.0002,-0.0,-0.0,0.0,0.6485755368381639
1785524870239115600,0,-0.0002,-0.0,-0.0,0.0,0.6485755368381639
1785524870258392200,0,-0.0002,-0.0,-0.0,0.0,0.6485755368381639
1785524870278520600,0,-0.0002,-0.0,-0.0,0.0,0.6485755368381639
1785524870298046100,0,-0.0002,-0.0,-0.0,0.0,0.6485755368381639
1785524870318572500,0,-0.0002,-0.0,-0.0,0.0,0.6485755368381639
1785524870338447300,0,-0.0002,-0.0,-0.0,0.0,0.6485755368381639
1785524870358711700,0,-0.0002,-0.0,-0.0,0.0,0.6485755368381639
1785524870378314200,0,-0.0002,-0.0,-0.0,0.0,0.6485755368381639
1785524870399113200,0,-0.0002,-0.0,-0.0,0.0,0.6485755368381639
1785524870418307100,0,-0.0002,-0.0,-0.0,0.0,0.6485755368381639
1785524870438843200,0,-0.0002,-0.0,-0.0,0.0,0.6485755368381639
1785524870458098400,0,-0.0002,-0.0,-0.0,0.0,0.6485755368381639
1785524870478347900,0,-0.0002,-0.0,-0.0,0.0,0.6485755368381639
1785524870498500200,0,-0.0002,-0.0,-0.0,0.0,0.6485755368381639
1785524870519005000,0,-0.0002,-0.0,-0.0,0.0,0.6485755368381639
1785524870538160600,0,-0.0002,-0.0,-0.0,0.0,0.6485755368381639
1785524870558015800,0,-0.0002,-0.0,-0.0,0.0,0.6485755368381639
1785524870578289500,0,-0.0002,-0.0,-0.0,0.0,0.6485755368381639
1785524870598483800,0,-0.0002,-0.0,-0.0,0.0,0.6485755368381639
1785524870619183800,0,-0.0002,-0.0,-0.0,0.0,0.6485755368381639
1785524870638198800,0,-0.0002,-0.0,-0.0,0.0,0.6485755368381639
1785524870658036800,0,-0.0002,-0.0,-0.0,0.0,0.6485755368381639
1785524870678196500,0,-0.0002,-0.0,-0.0,0.0,0.6485755368381639
1785524870698781900,0,-0.0002,-0.0,-0.0,0.0,0.6485755368381639
1785524870717919200,0,-0.0002,-0.0,-0.0,0.0,0.6485755368381639
1785524870738702100,0,-0.0002,-0.0,-0.0,0.0,0.6485755368381639
1785524870757942700,0,-0.0002,-0.0,-0.0,0.0,0.6485755368381639
1785524870778401300,0,-0.0002,-0.0,-0.0,0.0,0.6485755368381639
1785524870798276600,0,-0.0002,-0.0,-0.0,0.0,0.6485755368381639
1785524870818067200,0,-0.0002,-0.0,-0.0,0.0,0.6485755368381639
1785524870838525900,0,-0.0002,-0.0,-0.0,0.0,0.6485755368381639
1785524870858138100,0,-0.0002,-0.0,-0.0,0.0,0.6485755368381639
1785524870878369800,0,-0.0002,-0.0,-0.0,0.0,0.6485755368381639
1785524870898630000,0,-0.0002,-0.0,-0.0,0.0,0.6485755368381639
1785524870918294600,0,-0.0002,-0.0,-0.0,0.0,0.6485755368381639
1785524870938275800,0,-0.0002,-0.0,-0.0,0.0,0.6485755368381639
1785524870958375000,0,-0.0002,-0.0,-0.0,0.0,0.6485755368381639
1785524870978432200,0,-0.0002,-0.0,-0.0,0.0,0.6485755368381639
1785524870998497000,0,-0.0002,-0.0,-0.0,0.0,0.6485755368381639
1785524871018214200,0,-0.0002,-0.0,-0.0,0.0,0.6485755368381639
1785524871038475000,0,-0.0002,-0.0,-0.0,0.0,0.6485755368381639
1785524871058106800,0,-0.0002,-0.0,-0.0,0.0,0.6485755368381639
1785524871078076800,0,-0.0002,-0.0,-0.0,0.0,0.6485755368381639
1785524871099114400,0,-0.0002,-0.0,-0.0,0.0,0.6485755368381639
1785524871119005200,0,-0.0002,-0.0,-0.0,0.0,0.6485755368381639
1785524871138058100,0,-0.0002,-0.0,-0.0,0.0,0.6485755368381639
1785524871158163600,0,-0.0002,-0.0,-0.0,0.0,0.6510044956715073
1785524871178176600,0,-0.0002,-0.0,-0.0,0.0,0.6558247769397431
1785524871198662500,0,-0.0002,-0.0,-0.0,0.0,0.6630257288325965
1785524871218269000,0,-0.0002,-0.0,-0.0,0.0,0.6727045187260073
1785524871238448100,0,-0.0002,-0.0,-0.0,0.0,0.6825459687249377
1785524871258136800,0,-0.0002,-0.0,-0.0,0.0,0.6926376187263513
1785524871278420600,0,-0.0002,-0.0,-0.0,0.0,0.7025196187248212
1785524871298153700,0,-0.0002,-0.0,-0.0,0.0,0.7126461187260275
1785524871318453700,0,-0.0002,-0.0,-0.0,0.0,0.7225398687248371
1785524871338086300,0,-0.0002,-0.0,-0.0,0.0,0.7326124187263331
1785524871358601600,0,-0.0002,-0.0,-0.0,0.0,0.7425832687265056
1785524871378800400,0,-0.0002,-0.0,-0.0,0.0,0.7527306687249647
1785524871398631000,0,-0.0002,-0.0,-0.0,0.0,0.7625936187257166
1785524871418095200,0,-0.0002,-0.0,-0.0,0.0,0.77263021872632
1785524871438375700,0,-0.0002,-0.0,-0.0,0.0,0.7827604687251578
1785524871458418500,0,-0.0002,-0.0,-0.0,0.0,0.7925278187255599
1785524871478535300,0,-0.0002,-0.0,-0.0,0.0,0.8025787187259111
1785524871498863600,0,-0.0002,-0.0,-0.0,0.0,0.8127514187260231
1785524871518370200,0,-0.0002,-0.0,-0.0,0.0,0.8227556687258611
1785524871538833100,0,-0.0002,-0.0,-0.0,0.0,0.8327435187263318
1785524871558766300,0,-0.0002,-0.0,-0.0,0.0,0.8426568187248477
1785524871578226100,0,-0.0002,-0.0,-0.0,0.0,0.850268999527456
1785524871599004100,0,-0.0002,-0.0,-0.0,0.0,0.8554809084561437
1785524871618711700,0,-0.0002,-0.0,-0.0,0.0,0.8582574364312624
1785524871638752300,0,-0.0002,-0.0,-0.0,0.0,0.8586550464231831
1785524871658020000,0,-0.0002,-0.0,-0.0,0.0,0.8586550464231831
1785524871678607600,0,-0.0002,-0.0,-0.0,0.0,0.8586550464231831
1785524871698133300,0,-0.0002,-0.0,-0.0,0.0,0.8586550464231831
1785524871718706400,0,-0.0002,-0.0,-0.0,0.0,0.8586550464231831
1785524871738355000,0,-0.0002,-0.0,-0.0,0.0,0.8586550464231831
1785524871758740600,0,-0.0002,-0.0,-0.0,0.0,0.8586550464231831
1785524871778410400,0,-0.0002,-0.0,-0.0,0.0,0.8586550464231831
1785524871798260100,0,-0.0002,-0.0,-0.0,0.0,0.8586550464231831
1785524871818981900,0,-0.0002,-0.0,-0.0,0.0,0.8586550464231831
1785524871838226600,0,-0.0002,-0.0,-0.0,0.0,0.8586550464231831
1785524871858110700,0,-0.0002,-0.0,-0.0,0.0,0.8586550464231831
1785524871877976100,0,-0.0002,-0.0,-0.0,0.0,0.8586550464231831
1785524871898658200,0,-0.0002,-0.0,-0.0,0.0,0.8586550464231831
1785524871918886900,0,-0.0002,-0.0,-0.0,0.0,0.8586550464231831
1785524871938602500,0,-0.0002,-0.0,-0.0,0.0,0.8586550464231831
1785524871958685700,0,-0.0002,-0.0,-0.0,0.0,0.8586550464231831
1785524871978359200,0,-0.0002,-0.0,-0.0,0.0,0.8586550464231831
1785524871998584100,0,-0.0002,-0.0,-0.0,0.0,0.8586550464231831
1785524872019323400,0,-0.0002,-0.0,-0.0,0.0,0.8586550464231831
1785524872039016400,0,-0.0002,-0.0,-0.0,0.0,0.8586550464231831
1785524872058248700,0,-0.0002,-0.0,-0.0,0.0,0.8586550464231831
1785524872077978500,0,-0.0002,-0.0,-0.0,0.0,0.8586550464231831
1785524872098740800,0,-0.0002,-0.0,-0.0,0.0,0.8586550464231831
1785524872118259600,0,-0.0002,-0.0,-0.0,0.0,0.8586550464231831
1785524872138518400,0,-0.0002,-0.0,-0.0,0.0,0.8586550464231831
1785524872158233500,0,-0.0002,-0.0,-0.0,0.0,0.8586550464231831
1785524872178532400,0,-0.0002,-0.0,-0.0,0.0,0.8586550464231831
1785524872198742000,0,-0.0002,-0.0,-0.0,0.0,0.8586550464231831
1785524872218707600,0,-0.0002,-0.0,-0.0,0.0,0.8586550464231831
1785524872237991600,0,-0.0002,-0.0,-0.0,0.0,0.8586550464231831
1785524872258160900,0,-0.0002,-0.0,-0.0,0.0,0.8586550464231831
1785524872278202800,0,-0.0002,-0.0,-0.0,0.0,0.8586550464231831
1785524872298724500,0,-0.0002,-0.0,-0.0,0.0,0.8586550464231831
1785524872318226900,0,-0.0002,-0.0,-0.0,0.0,0.8586550464231831
1785524872338824500,0,-0.0002,-0.0,-0.0,0.0,0.8586550464231831
1785524872358172800,0,-0.0002,-0.0,-0.0,0.0,0.8586550464231831
1785524872378230900,0,-0.0002,-0.0,-0.0,0.0,0.8586550464231831
1785524872398804400,0,-0.0002,-0.0,-0.0,0.0,0.8586550464231831
1785524872418722800,0,-0.0002,-0.0,-0.0,0.0,0.8586550464231831
1785524872438603700,0,-0.0002,-0.0,-0.0,0.0,0.8586550464231831
1785524872458718600,0,-0.0002,-0.0,-0.0,0.0,0.8586550464231831
1785524872478321300,0,-0.0002,-0.0,-0.0,0.0,0.8586550464231831
1785524872498383100,0,-0.0002,-0.0,-0.0,0.0,0.8586550464231831
1785524872518893000,0,-0.0002,-0.0,-0.0,0.0,0.8586550464231831
1785524872538283400,0,-0.0002,-0.0,-0.0,0.0,0.8586550464231831
1785524872558390900,0,-0.0002,-0.0,-0.0,0.0,0.8586550464231831
1785524872578748900,0,-0.0002,-0.0,-0.0,0.0,0.8586550464231831
1785524872598641100,0,-0.0002,-0.0,-0.0,0.0,0.8586550464231831
1785524872618892300,0,-0.0002,-0.0,-0.0,0.0,0.8586550464231831
1785524872638359100,0,-0.0002,-0.0,-0.0,0.0,0.8586550464231831
1785524872658632200,0,-0.0002,-0.0,-0.0,0.0,0.8586550464231831
1785524872678228300,0,-0.0002,-0.0,-0.0,0.0,0.8586550464231831
1785524872699045200,0,-0.0002,-0.0,-0.0,0.0,0.8586550464231831
1785524872718002900,0,-0.0002,-0.0,-0.0,0.0,0.8586550464231831
1785524872738236900,0,-0.0002,-0.0,-0.0,0.0,0.8586550464231831
1785524872757908500,0,-0.0002,-0.0,-0.0,0.0,0.8586550464231831
1785524872778636600,0,-0.0002,-0.0,-0.0,0.0,0.8586550464231831
1785524872798404900,0,-0.0002,-0.0,-0.0,0.0,0.8586550464231831
1785524872818776700,0,-0.0002,-0.0,-0.0,0.0,0.8586550464231831
1785524872838345600,0,-0.0002,-0.0,-0.0,0.0,0.8586550464231831
1785524872858199200,0,-0.0002,-0.0,-0.0,0.0,0.8586550464231831
1785524872878248900,0,-0.0002,-0.0,-0.0,0.0,0.8586550464231831
1785524872897998400,0,-0.0002,-0.0,-0.0,0.0,0.8586550464231831
1785524872918512100,0,-0.0002,-0.0,-0.0,0.0,0.8586550464231831
1785524872938207200,0,-0.0002,-0.0,-0.0,0.0,0.8586550464231831
1785524872958273600,0,-0.0002,-0.0,-0.0,0.0,0.8586550464231831
1785524872978870200,0,-0.0002,-0.0,-0.0,0.0,0.8586550464231831
1785524872998236800,0,-0.0002,-0.0,-0.0,0.0,0.8586550464231831
1785524873018844700,0,-0.0002,-0.0,-0.0,0.0,0.8586550464231831
1785524873038552700,0,-0.0002,-0.0,-0.0,0.0,0.8586550464231831
1785524873058025000,0,-0.0002,-0.0,-0.0,0.0,0.8586550464231831
1785524873078405300,0,-0.0002,-0.0,-0.0,0.0,0.8586550464231831
1785524873097999200,0,-0.0002,-0.0,-0.0,0.0,0.8586550464231831
1785524873118580800,0,-0.0002,-0.0,-0.0,0.0,0.8586550464231831
1785524873138792200,0,-0.0002,-0.0,-0.0,0.0,0.8586550464231831
1785524873158257300,0,-0.0002,-0.0,-0.0,0.0,0.8586550464231831
1785524873178383800,0,-0.0002,-0.0,-0.0,0.0,0.8586550464231831
1785524873198012200,0,-0.0002,-0.0,-0.0,0.0,0.8586550464231831
1785524873218965100,0,-0.0002,-0.0,-0.0,0.0,0.8586550464231831
1785524873238499000,0,-0.0002,-0.0,-0.0,0.0,0.8586550464231831
1785524873258714700,0,-0.0002,-0.0,-0.0,0.0,0.8586550464231831
1785524873278344600,0,-0.0002,-0.0,-0.0,0.0,0.8586550464231831
1785524873297923500,0,-0.0002,-0.0,-0.0,0.0,0.8586550464231831
1785524873318014300,0,-0.0002,-0.0,-0.0,0.0,0.8586550464231831
1785524873338680700,0,-0.0002,-0.0,-0.0,0.0,0.8586550464231831
1785524873358542300,0,-0.0002,-0.0,-0.0,0.0,0.8586550464231831
1785524873378090900,0,-0.0002,-0.0,-0.0,0.0,0.8586550464231831
1785524873398419100,0,-0.0002,-0.0,-0.0,0.0,0.8586550464231831
1785524873418780100,0,-0.0002,-0.0,-0.0,0.0,0.8586550464231831
1785524873438280600,0,-0.0002,-0.0,-0.0,0.0,0.8586550464231831
1785524873458720300,0,-0.0002,-0.0,-0.0,0.0,0.8586550464231831
1785524873478776800,0,-0.0002,-0.0,-0.0,0.0,0.8586550464231831
1785524873498361200,0,-0.0002,-0.0,-0.0,0.0,0.8586550464231831
1785524873518511800,0,-0.0002,-0.0,-0.0,0.0,0.8586550464231831
1785524873538842400,0,-0.0002,-0.0,-0.0,0.0,0.8586550464231831
1785524873558241700,0,-0.0002,-0.0,-0.0,0.0,0.8586550464231831
1785524873579010700,0,-0.0002,-0.0,-0.0,0.0,0.8586550464231831
1785524873598375600,0,-0.0002,-0.0,-0.0,0.0,0.8586550464231831
1785524873618397300,0,-0.0002,-0.0,-0.0,0.0,0.8586550464231831
1785524873638653900,0,-0.0002,-0.0,-0.0,0.0,0.8586550464231831
1785524873658244400,0,-0.0002,-0.0,-0.0,0.0,0.8586550464231831
1785524873678511200,0,-0.0002,-0.0,-0.0,0.0,0.8586550464231831
1785524873698201500,0,-0.0002,-0.0,-0.0,0.0,0.8586550464231831
1785524873719326300,0,-0.0002,-0.0,-0.0,0.0,0.8586550464231831
1785524873738301100,0,-0.0002,-0.0,-0.0,0.0,0.8586550464231831
1785524873758460500,0,-0.0002,-0.0,-0.0,0.0,0.8586550464231831
1785524873777969700,0,-0.0002,-0.0,-0.0,0.0,0.8586550464231831
1785524873798792900,0,-0.0002,-0.0,-0.0,0.0,0.8586550464231831
1785524873818013600,0,-0.0002,-0.0,-0.0,0.0,0.8586550464231831
1785524873838931300,0,-0.0002,-0.0,-0.0,0.0,0.8586550464231831
1785524873858762500,0,-0.0002,-0.0,-0.0,0.0,0.8586550464231831
1785524873878381300,0,-0.0002,-0.0,-0.0,0.0,0.8586550464231831
1785524873898469100,0,-0.0002,-0.0,-0.0,0.0,0.8586550464231831
1785524873917990500,0,-0.0002,-0.0,-0.0,0.0,0.8586550464231831
1785524873938495700,0,-0.0002,-0.0,-0.0,0.0,0.8586550464231831
1785524873957955700,0,-0.0002,-0.0,-0.0,0.0,0.8586550464231831
1785524873978439900,0,-0.0002,-0.0,-0.0,0.0,0.8586550464231831
1785524873998520400,0,-0.0002,-0.0,-0.0,0.0,0.8586550464231831
1785524874018613600,0,-0.0002,-0.0,-0.0,0.0,0.8586550464231831
1785524874038374700,0,-0.0002,-0.0,-0.0,0.0,0.8586550464231831
1785524874058148500,0,-0.0002,-0.0,-0.0,0.0,0.8586550464231831
1785524874078577100,0,-0.0002,-0.0,-0.0,0.0,0.8586550464231831
1785524874098544800,0,-0.0002,-0.0,-0.0,0.0,0.8586550464231831
1785524874118011400,0,-0.0002,-0.0,-0.0,0.0,0.8586550464231831
1785524874138529800,0,-0.0002,-0.0,-0.0,0.0,0.8586550464231831
1785524874158211800,0,-0.0002,-0.0,-0.0,0.0,0.8586550464231831
1785524874178816700,0,-0.0002,-0.0,-0.0,0.0,0.8586550464231831
1785524874198236100,0,-0.0002,-0.0,-0.0,0.0,0.8586550464231831
1785524874218697800,0,-0.0002,-0.0,-0.0,0.0,0.8586550464231831
1785524874238161900,0,-0.0002,-0.0,-0.0,0.0,0.8586550464231831
1785524874258401000,0,-0.0002,-0.0,-0.0,0.0,0.8586550464231831
1785524874278036800,0,-0.0002,-0.0,-0.0,0.0,0.8586550464231831
1785524874298197100,0,-0.0002,-0.0,-0.0,0.0,0.8586550464231831
1785524874318935600,0,-0.0002,-0.0,-0.0,0.0,0.8586550464231831
1785524874338885100,0,-0.0002,-0.0,-0.0,0.0,0.8586550464231831
1785524874358757300,0,-0.0002,-0.0,-0.0,0.0,0.8586550464231831
1785524874378793300,0,-0.0002,-0.0,-0.0,0.0,0.8586550464231831
1785524874398615700,0,-0.0002,-0.0,-0.0,0.0,0.8586550464231831
1785524874418704900,0,-0.0002,-0.0,-0.0,0.0,0.8586550464231831
1785524874438292100,0,-0.0002,-0.0,-0.0,0.0,0.8586550464231831
1785524874458405500,0,-0.0002,-0.0,-0.0,0.0,0.8586550464231831
1785524874478128500,0,-0.0002,-0.0,-0.0,0.0,0.8586550464231831
1785524874498851200,0,-0.0002,-0.0,-0.0,0.0,0.8586550464231831
1785524874518707700,0,-0.0002,-0.0,-0.0,0.0,0.8586550464231831
1785524874538150200,0,-0.0002,-0.0,-0.0,0.0,0.8586550464231831
1785524874558832700,0,-0.0002,-0.0,-0.0,0.0,0.8586550464231831
1785524874578132100,0,-0.0002,-0.0,-0.0,0.0,0.8586550464231831
1785524874597980100,0,-0.0002,-0.0,-0.0,0.0,0.8586550464231831
1785524874618605900,0,-0.0002,-0.0,-0.0,0.0,0.8586550464231831
1785524874638664000,0,-0.0002,-0.0,-0.0,0.0,0.8586550464231831
1785524874658265500,0,-0.0002,-0.0,-0.0,0.0,0.8586550464231831
1785524874679078600,0,-0.0002,-0.0,-0.0,0.0,0.8586550464231831
1785524874698316600,0,-0.0002,-0.0,-0.0,0.0,0.8586550464231831
1785524874718461200,0,-0.0002,-0.0,-0.0,0.0,0.8586550464231831
1785524874738082800,0,-0.0002,-0.0,-0.0,0.0,0.8586550464231831
1785524874758559000,0,-0.0002,-0.0,-0.0,0.0,0.8586550464231831
1785524874778843600,0,-0.0002,-0.0,-0.0,0.0,0.8586550464231831
1785524874798611700,0,-0.0002,-0.0,-0.0,0.0,0.8586550464231831
1785524874818078100,0,-0.0002,-0.0,-0.0,0.0,0.8586550464231831
1785524874838335100,0,-0.0002,-0.0,-0.0,0.0,0.8586550464231831
1785524874858619800,0,-0.0002,-0.0,-0.0,0.0,0.8586550464231831
1785524874878665600,0,-0.0002,-0.0,-0.0,0.0,0.8586550464231831
1785524874898368800,0,-0.0002,-0.0,-0.0,0.0,0.8586550464231831
1785524874918079300,0,-0.0002,-0.0,-0.0,0.0,0.8586550464231831
1785524874937918000,0,-0.0002,-0.0,-0.0,0.0,0.8586550464231831
1785524874957914900,0,-0.0002,-0.0,-0.0,0.0,0.8586550464231831
1785524874978278200,0,-0.0002,-0.0,-0.0,0.0,0.8586550464231831
1785524874999010700,0,-0.0002,-0.0,-0.0,0.0,0.8586550464231831
1785524875017982400,0,-0.0002,-0.0,-0.0,0.0,0.8586550464231831
1785524875038514400,0,-0.0002,-0.0,-0.0,0.0,0.8586550464231831
1785524875058969800,0,-0.0002,-0.0,-0.0,0.0,0.8586550464231831
1785524875078434900,0,-0.0002,-0.0,-0.0,0.0,0.8586550464231831
1785524875098291100,0,-0.0002,-0.0,-0.0,0.0,0.8586550464231831
1785524875118024400,0,-0.0002,-0.0,-0.0,0.0,0.8586550464231831
1785524875138032300,0,-0.0002,-0.0,-0.0,0.0,0.8586550464231831
1785524875158556000,0,-0.0002,-0.0,-0.0,0.0,0.8586550464231831
1785524875178899200,0,-0.0002,-0.0,-0.0,0.0,0.8586550464231831
1785524875198590300,0,-0.0002,-0.0,-0.0,0.0,0.8586550464231831
1785524875217968000,0,-0.0002,-0.0,-0.0,0.0,0.8586550464231831
1785524875238889900,0,-0.0002,-0.0,-0.0,0.0,0.8586550464231831
1785524875259151400,0,-0.0002,-0.0,-0.0,0.0,0.8586550464231831
1785524875277977100,0,-0.0002,-0.0,-0.0,0.0,0.8586550464231831
1785524875298916600,0,-0.0002,-0.0,-0.0,0.0,0.8586550464231831
1785524875318102100,0,-0.0002,-0.0,-0.0,0.0,0.8586550464231831
1785524875338705800,0,-0.0002,-0.0,-0.0,0.0,0.8586550464231831
1785524875358140700,0,-0.0002,-0.0,-0.0,0.0,0.8586550464231831
1785524875378396100,0,-0.0002,-0.0,-0.0,0.0,0.8586550464231831
1785524875398720100,0,-0.0002,-0.0,-0.0,0.0,0.8586550464231831
1785524875418165200,0,-0.0002,-0.0,-0.0,0.0,0.8586550464231831
1785524875438493100,0,-0.0002,-0.0,-0.0,0.0,0.8586550464231831
1785524875457884100,0,-0.0002,-0.0,-0.0,0.0,0.8586550464231831
1785524875478963500,0,-0.0002,-0.0,-0.0,0.0,0.8586550464231831
1785524875498172300,0,-0.0002,-0.0,-0.0,0.0,0.8586550464231831
1785524875518208900,0,-0.0002,-0.0,-0.0,0.0,0.8586550464231831
1785524875538487100,0,-0.0002,-0.0,-0.0,0.0,0.8586550464231831
1785524875557938400,0,-0.0002,-0.0,-0.0,0.0,0.8586550464231831
1785524875578829300,0,-0.0002,-0.0,-0.0,0.0,0.8586550464231831
1785524875598104400,0,-0.0002,-0.0,-0.0,0.0,0.8586550464231831
1785524875618849600,0,-0.0002,-0.0,-0.0,0.0,0.8586550464231831
1785524875638766300,0,-0.0002,-0.0,-0.0,0.0,0.8586550464231831
1785524875658729800,0,-0.0002,-0.0,-0.0,0.0,0.8586550464231831
1785524875679139500,0,-0.0002,-0.0,-0.0,0.0,0.8586550464231831
1785524875698417600,0,-0.0002,-0.0,-0.0,0.0,0.8586550464231831
1785524875718811700,0,-0.0002,-0.0,-0.0,0.0,0.8586550464231831
1785524875738539800,0,-0.0002,-0.0,-0.0,0.0,0.8586550464231831
1785524875758301600,0,-0.0002,-0.0,-0.0,0.0,0.8586550464231831
1785524875778454900,0,-0.0002,-0.0,-0.0,0.0,0.8586550464231831
1785524875798076600,0,-0.0002,-0.0,-0.0,0.0,0.8586550464231831
1785524875819186000,0,-0.0002,-0.0,-0.0,0.0,0.8586550464231831
1785524875838813100,0,-0.0002,-0.0,-0.0,0.0,0.8586550464231831
1785524875858850600,0,-0.0002,-0.0,-0.0,0.0,0.8562029507463136
1785524875878589700,0,-0.0002,-0.0,-0.0,0.0,0.8514671707427572
1785524875898632500,0,-0.0002,-0.0,-0.0,0.0,0.8442538503491791
1785524875918476300,0,-0.0002,-0.0,-0.0,0.0,0.8347457142682119
1785524875937961700,0,-0.0002,-0.0,-0.0,0.0,0.824743814268078
1785524875958829800,0,-0.0002,-0.0,-0.0,0.0,0.8146684142685275
1785524875978042000,0,-0.0002,-0.0,-0.0,0.0,0.8047018142679748
1785524875998139400,0,-0.0002,-0.0,-0.0,0.0,0.7946561642675819
1785524876018378000,0,-0.0002,-0.0,-0.0,0.0,0.7845188142674319
1785524876038719800,0,-0.0002,-0.0,-0.0,0.0,0.7746217142685795
1785524876058345000,0,-0.0002,-0.0,-0.0,0.0,0.764557864267846
1785524876078211200,0,-0.0002,-0.0,-0.0,0.0,0.7546128142676766
1785524876098176500,0,-0.0002,-0.0,-0.0,0.0,0.7446392642669538
1785524876118302400,0,-0.0002,-0.0,-0.0,0.0,0.7345772642675742
1785524876138735100,0,-0.0002,-0.0,-0.0,0.0,0.7246105142676983
1785524876158098500,0,-0.0002,-0.0,-0.0,0.0,0.714602464268029
1785524876178731300,0,-0.0002,-0.0,-0.0,0.0,0.7046149642684044
1785524876198166900,0,-0.0002,-0.0,-0.0,0.0,0.6946468142669632
1785524876218553600,0,-0.0002,-0.0,-0.0,0.0,0.6847819642681147
1785524876238548300,0,-0.0002,-0.0,-0.0,0.0,0.674704414268564
1785524876258328100,0,-0.0002,-0.0,-0.0,0.0,0.6645616142669327
1785524876278973700,0,-0.0002,-0.0,-0.0,0.0,0.6545370142685728
1785524876298236900,0,-0.0002,-0.0,-0.0,0.0,0.6446065142682359
1785524876317962700,0,-0.0002,-0.0,-0.0,0.0,0.6347417642683298
1785524876338262700,0,-0.0002,-0.0,-0.0,0.0,0.6245984642683483
1785524876358866900,0,-0.0002,-0.0,-0.0,0.0,0.6146537142686442
1785524876378036400,0,-0.0002,-0.0,-0.0,0.0,0.6047118642673753
1785524876398928000,0,-0.0002,-0.0,-0.0,0.0,0.5945624642682391
1785524876418931700,0,-0.0002,-0.0,-0.0,0.0,0.5845572142680625
1785524876438691600,0,-0.0002,-0.0,-0.0,0.0,0.5746872642685789
1785524876458860000,0,-0.0002,-0.0,-0.0,0.0,0.5645439642685973
1785524876478355000,0,-0.0002,-0.0,-0.0,0.0,0.5545509142685491
1785524876498463000,0,-0.0002,-0.0,-0.0,0.0,0.5447338142676758
1785524876517981200,0,-0.0002,-0.0,-0.0,0.0,0.5347344642669499
1785524876538420100,0,-0.0002,-0.0,-0.0,0.0,0.5271532936308873
1785524876558154600,0,-0.0002,-0.0,-0.0,0.0,0.5219114379490093
1785524876578385800,0,-0.0002,-0.0,-0.0,0.0,0.5191369426543305
1785524876597993400,0,-0.0002,-0.0,-0.0,0.0,0.5187374379168863
1785524876618766000,0,-0.0002,-0.0,-0.0,0.0,0.5187374379168863
1785524876638601400,0,-0.0002,-0.0,-0.0,0.0,0.5187374379168863
1785524876657872900,0,-0.0002,-0.0,-0.0,0.0,0.5187374379168863
1785524876678097300,0,-0.0002,-0.0,-0.0,0.0,0.5187374379168863
1785524876698502100,0,-0.0002,-0.0,-0.0,0.0,0.5187374379168863
1785524876718818400,0,-0.0002,-0.0,-0.0,0.0,0.5187374379168863
1785524876738977800,0,-0.0002,-0.0,-0.0,0.0,0.5187374379168863
1785524876758071700,0,-0.0002,-0.0,-0.0,0.0,0.5187374379168863
1785524876778144800,0,-0.0002,-0.0,-0.0,0.0,0.5187374379168863
1785524876798695700,0,-0.0002,-0.0,-0.0,0.0,0.5187374379168863
1785524876818105800,0,-0.0002,-0.0,-0.0,0.0,0.5187374379168863
1785524876838619600,0,-0.0002,-0.0,-0.0,0.0,0.5187374379168863
1785524876858653200,0,-0.0002,-0.0,-0.0,0.0,0.5187374379168863
1785524876878814700,0,-0.0002,-0.0,-0.0,0.0,0.5187374379168863
1785524876898573900,0,-0.0002,-0.0,-0.0,0.0,0.5187374379168863
1785524876918500600,0,-0.0002,-0.0,-0.0,0.0,0.5187374379168863
1785524876938378400,0,-0.0002,-0.0,-0.0,0.0,0.5187374379168863
1785524876958783400,0,-0.0002,-0.0,-0.0,0.0,0.5187374379168863
1785524876978142800,0,-0.0002,-0.0,-0.0,0.0,0.5187374379168863
1785524876998883200,0,-0.0002,-0.0,-0.0,0.0,0.5163639562568645
1785524877018794100,0,-0.0002,-0.0,-0.0,0.0,0.5114924409189319
1785524877037904600,0,-0.0002,-0.0,-0.0,0.0,0.5044528646857288
1785524877058801500,0,-0.0002,-0.0,-0.0,0.0,0.4946512500641087
1785524877078872200,0,-0.0002,-0.0,-0.0,0.0,0.4847945500636537
1785524877098619900,0,-0.0002,-0.0,-0.0,0.0,0.4747467500632605
1785524877118767000,0,-0.0002,-0.0,-0.0,0.0,0.4647015000640944
1785524877138025100,0,-0.0002,-0.0,-0.0,0.0,0.4547870500640978
1785524877158045700,0,-0.0002,-0.0,-0.0,0.0,0.44477480006337045
1785524877178304100,0,-0.0002,-0.0,-0.0,0.0,0.43464240006453236
1785524877198379400,0,-0.0002,-0.0,-0.0,0.0,0.4248583000639168
1785524877218366600,0,-0.0002,-0.0,-0.0,0.0,0.4146167000630352
1785524877238134200,0,-0.0002,-0.0,-0.0,0.0,0.4046966000636725
1785524877258690300,0,-0.0002,-0.0,-0.0,0.0,0.3947057000636245
1785524877278261900,0,-0.0002,-0.0,-0.0,0.0,0.3846655500632745
1785524877298360100,0,-0.0002,-0.0,-0.0,0.0,0.3746170000644464
1785524877318050800,0,-0.0002,-0.0,-0.0,0.0,0.3670995217919325
1785524877338249400,0,-0.0002,-0.0,-0.0,0.0,0.36183283254064535
1785524877358935600,0,-0.0002,-0.0,-0.0,0.0,0.35901766233825866
1785524877378857400,0,-0.0002,-0.0,-0.0,0.0,0.35861809498374064
1785524877398711200,0,-0.0002,-0.0,-0.0,0.0,0.35861809498374064
1785524877418834000,0,-0.0002,-0.0,-0.0,0.0,0.35861809498374064
1785524877438484500,0,-0.0002,-0.0,-0.0,0.0,0.35861809498374064
1785524877458778700,0,-0.0002,-0.0,-0.0,0.0,0.35861809498374064
1785524877478623300,0,-0.0002,-0.0,-0.0,0.0,0.35861809498374064
1785524877498278200,0,-0.0002,-0.0,-0.0,0.0,0.35861809498374064
1785524877518390400,0,-0.0002,-0.0,-0.0,0.0,0.35861809498374064
1785524877538828000,0,-0.0002,-0.0,-0.0,0.0,0.35861809498374064
1785524877558356600,0,-0.0002,-0.0,-0.0,0.0,0.35861809498374064
1785524877578373200,0,-0.0002,-0.0,-0.0,0.0,0.35861809498374064
1785524877598231100,0,-0.0002,-0.0,-0.0,0.0,0.35861809498374064
1785524877618306800,0,-0.0002,-0.0,-0.0,0.0,0.35861809498374064
1785524877638375800,0,-0.0002,-0.0,-0.0,0.0,0.35861809498374064
1785524877658967500,0,-0.0002,-0.0,-0.0,0.0,0.35861809498374064
1785524877678054500,0,-0.0002,-0.0,-0.0,0.0,0.35861809498374064
1785524877698103700,0,-0.0002,-0.0,-0.0,0.0,0.35861809498374064
1785524877718027900,0,-0.0002,-0.0,-0.0,0.0,0.35623701753707226
1785524877738297900,0,-0.0002,-0.0,-0.0,0.0,0.351349532252093
1785524877758615500,0,-0.0002,-0.0,-0.0,0.0,0.3442590334427284
1785524877778371900,0,-0.0002,-0.0,-0.0,0.0,0.3344428338802622
1785524877797959300,0,-0.0002,-0.0,-0.0,0.0,0.32465713388201534
1785524877818983100,0,-0.0002,-0.0,-0.0,0.0,0.31444973388143393
1785524877838678300,0,-0.0002,-0.0,-0.0,0.0,0.30461693388106637
1785524877858252000,0,-0.0002,-0.0,-0.0,0.0,0.2945178838815131
1785524877878450200,0,-0.0002,-0.0,-0.0,0.0,0.2846623338807198
1785524877898455500,0,-0.0002,-0.0,-0.0,0.0,0.2746531338813888
1785524877918925700,0,-0.0002,-0.0,-0.0,0.0,0.2645414838804804
1785524877938829000,0,-0.0002,-0.0,-0.0,0.0,0.25453618388174204
1785524877958392300,0,-0.0002,-0.0,-0.0,0.0,0.24444908388041353
1785524877978558400,0,-0.0002,-0.0,-0.0,0.0,0.23461828388072303
1785524877998840700,0,-0.0002,-0.0,-0.0,0.0,0.22456858388041423
1785524878018512700,0,-0.0002,-0.0,-0.0,0.0,0.2143814338812312
1785524878038787100,0,-0.0002,-0.0,-0.0,0.0,0.20453708388204672
1785524878058787400,0,-0.0002,-0.0,-0.0,0.0,0.19700951159075666
1785524878077940000,0,-0.0002,-0.0,-0.0,0.0,0.19177429936685897
1785524878098204900,0,-0.0002,-0.0,-0.0,0.0,0.18893669193033852
1785524878118390800,0,-0.0002,-0.0,-0.0,0.0,0.18850543601064784
1785524878138570300,0,-0.0002,-0.0,-0.0,0.0,0.18850543601064784
1785524878158639400,0,-0.0002,-0.0,-0.0,0.0,0.18850543601064784
1785524878178139600,0,-0.0002,-0.0,-0.0,0.0,0.18850543601064784
1785524878199093400,0,-0.0002,-0.0,-0.0,0.0,0.18850543601064784
1785524878218807300,0,-0.0002,-0.0,-0.0,0.0,0.18850543601064784
1785524878238278000,0,-0.0002,-0.0,-0.0,0.0,0.18850543601064784
1785524878258728400,0,-0.0002,-0.0,-0.0,0.0,0.18850543601064784
1785524878278778700,0,-0.0002,-0.0,-0.0,0.0,0.18850543601064784
1785524878298133700,0,-0.0002,-0.0,-0.0,0.0,0.18850543601064784
1785524878318722700,0,-0.0002,-0.0,-0.0,0.0,0.18850543601064784
1785524878338771000,0,-0.0002,-0.0,-0.0,0.0,0.18850543601064784
1785524878358280700,0,-0.0002,-0.0,-0.0,0.0,0.18850543601064784
1785524878378402800,0,-0.0002,-0.0,-0.0,0.0,0.18850543601064784
1785524878398400100,0,-0.0002,-0.0,-0.0,0.0,0.18600196008527206
1785524878418925600,0,-0.0002,-0.0,-0.0,0.0,0.18118295221438213
1785524878438227700,0,-0.0002,-0.0,-0.0,0.0,0.1739822507453114
1785524878458763700,0,-0.0002,-0.0,-0.0,0.0,0.16445217873127455
1785524878478176500,0,-0.0002,-0.0,-0.0,0.0,0.1543958787316418
1785524878498250100,0,-0.0002,-0.0,-0.0,0.0,0.144356978731715
1785524878518658300,0,-0.0002,-0.0,-0.0,0.0,0.1344080787313336
1785524878538209800,0,-0.0002,-0.0,-0.0,0.0,0.12437442873136512
1785524878558507000,0,-0.0002,-0.0,-0.0,0.0,0.11448137873060965
1785524878578753100,0,-0.0002,-0.0,-0.0,0.0,0.10434487873147497
1785524878598574000,0,-0.0002,-0.0,-0.0,0.0,0.09454782873047712
1785524878618262600,0,-0.0002,-0.0,-0.0,0.0,0.08684948644199493
1785524878638804000,0,-0.0002,-0.0,-0.0,0.0,0.08171413196649199
1785524878658820900,0,-0.0002,-0.0,-0.0,0.0,0.07894006697880028
1785524878678615700,0,-0.0002,-0.0,-0.0,0.0,0.07855409767415873
1785524878697914100,0,-0.0002,-0.0,-0.0,0.0,0.07855409767415873
1785524878718540300,0,-0.0002,-0.0,-0.0,0.0,0.07855409767415873
1785524878738326800,0,-0.0002,-0.0,-0.0,0.0,0.07855409767415873
1785524878758535600,0,-0.0002,-0.0,-0.0,0.0,0.07855409767415873
1785524878778380600,0,-0.0002,-0.0,-0.0,0.0,0.07855409767415873
1785524878799237000,0,-0.0002,-0.0,-0.0,0.0,0.07855409767415873
1785524878818757400,0,-0.0002,-0.0,-0.0,0.0,0.07855409767415873
1785524878837896100,0,-0.0002,-0.0,-0.0,0.0,0.07855409767415873
1785524878858507300,0,-0.0002,-0.0,-0.0,0.0,0.07855409767415873
1785524878878032100,0,-0.0002,-0.0,-0.0,0.0,0.07855409767415873
1785524878898719200,0,-0.0002,-0.0,-0.0,0.0,0.07855409767415873
1785524878918782300,0,-0.0002,-0.0,-0.0,0.0,0.07855409767415873
1785524878938351200,0,-0.0002,-0.0,-0.0,0.0,0.07855409767415873
1785524878959009800,0,-0.0002,-0.0,-0.0,0.0,0.07855409767415873
1785524878978261200,0,-0.0002,-0.0,-0.0,0.0,0.07855409767415873
1785524878998743800,0,-0.0002,-0.0,-0.0,0.0,0.07855409767415873
1785524879019136100,0,-0.0002,-0.0,-0.0,0.0,0.07855409767415873
1785524879039043200,0,-0.0002,-0.0,-0.0,0.0,0.07855409767415873
1785524879058611900,0,-0.0002,-0.0,-0.0,0.0,0.07855409767415873
1785524879078207200,0,-0.0002,-0.0,-0.0,0.0,0.07855409767415873
1785524879098916100,0,-0.0002,-0.0,-0.0,0.0,0.07855409767415873
1785524879118503000,0,-0.0002,-0.0,-0.0,0.0,0.07855409767415873
1785524879138783800,0,-0.0002,-0.0,-0.0,0.0,0.07855409767415873
1785524879158460800,0,-0.0002,-0.0,-0.0,0.0,0.07855409767415873
1785524879178685600,0,-0.0002,-0.0,-0.0,0.0,0.07855409767415873
1785524879198539200,0,-0.0002,-0.0,-0.0,0.0,0.07855409767415873
1785524879218914700,0,-0.0002,-0.0,-0.0,0.0,0.07855409767415873
1785524879238471200,0,-0.0002,-0.0,-0.0,0.0,0.07855409767415873
1785524879257863400,0,-0.0002,-0.0,-0.0,0.0,0.07855409767415873
1785524879278707800,0,-0.0002,-0.0,-0.0,0.0,0.07855409767415873
1785524879298119100,0,-0.0002,-0.0,-0.0,0.0,0.07855409767415873
1785524879318181500,0,-0.0002,-0.0,-0.0,0.0,0.07855409767415873
1785524879338544600,0,-0.0002,-0.0,-0.0,0.0,0.07855409767415873
1785524879358238500,0,-0.0002,-0.0,-0.0,0.0,0.07855409767415873
1785524879378800900,0,-0.0002,-0.0,-0.0,0.0,0.07855409767415873
1785524879398071400,0,-0.0002,-0.0,-0.0,0.0,0.07855409767415873
1785524879418773500,0,-0.0002,-0.0,-0.0,0.0,0.07855409767415873
1785524879438353000,0,-0.0002,-0.0,-0.0,0.0,0.07855409767415873
1785524879458429900,0,-0.0002,-0.0,-0.0,0.0,0.07855409767415873
1785524879478004000,0,-0.0002,-0.0,-0.0,0.0,0.07855409767415873
1785524879498342200,0,-0.0002,-0.0,-0.0,0.0,0.07855409767415873
1785524879518662100,0,-0.0002,-0.0,-0.0,0.0,0.07855409767415873
1785524879538129800,0,-0.0002,-0.0,-0.0,0.0,0.07855409767415873
1785524879558031500,0,-0.0002,-0.0,-0.0,0.0,0.07855409767415873
1785524879578803900,0,-0.0002,-0.0,-0.0,0.0,0.07855409767415873
1785524879598137400,0,-0.0002,-0.0,-0.0,0.0,0.07855409767415873
1785524879618880200,0,-0.0002,-0.0,-0.0,0.0,0.07855409767415873
1785524879638486000,0,-0.0002,-0.0,-0.0,0.0,0.07855409767415873
1785524879658763600,0,-0.0002,-0.0,-0.0,0.0,0.07855409767415873
1785524879678534100,0,-0.0002,-0.0,-0.0,0.0,0.07855409767415873
1785524879698216200,0,-0.0002,-0.0,-0.0,0.0,0.07855409767415873
1785524879718560500,0,-0.0002,-0.0,-0.0,0.0,0.07855409767415873
1785524879738087300,0,-0.0002,-0.0,-0.0,0.0,0.08084534245723135
1785524879758454300,0,-0.0002,-0.0,-0.0,0.0,0.08554630564579746
1785524879778203200,0,-0.0002,-0.0,-0.0,0.0,0.09279243176066346
1785524879798880800,0,-0.0002,-0.0,-0.0,0.0,0.102226705601531
1785524879818750200,0,-0.0002,-0.0,-0.0,0.0,0.11236235560146933
1785524879838341200,0,-0.0002,-0.0,-0.0,0.0,0.11998231411988097
1785524879858207800,0,-0.0002,-0.0,-0.0,0.0,0.12515452014343514
1785524879878432900,0,-0.0002,-0.0,-0.0,0.0,0.12795501414730412
1785524879898157000,0,-0.0002,-0.0,-0.0,0.0,0.12837118953993437
1785524879919018100,0,-0.0002,-0.0,-0.0,0.0,0.12837118953993437
1785524879938738000,0,-0.0002,-0.0,-0.0,0.0,0.13074818095117466
1785524879957903100,0,-0.0002,-0.0,-0.0,0.0,0.13543982832494675
1785524879978176300,0,-0.0002,-0.0,-0.0,0.0,0.14272781735089335
1785524879998710500,0,-0.0002,-0.0,-0.0,0.0,0.15233609792822522
1785524880019036000,0,-0.0002,-0.0,-0.0,0.0,0.16225159792894106
1785524880038831500,0,-0.0002,-0.0,-0.0,0.0,0.1699017090434957
1785524880057984800,0,-0.0002,-0.0,-0.0,0.0,0.17504734506386588
1785524880078118600,0,-0.0002,-0.0,-0.0,0.0,0.17785297341702483
1785524880097973700,0,-0.0002,-0.0,-0.0,0.0,0.17825668186578897
1785524880118944400,0,-0.0002,-0.0,-0.0,0.0,0.17825668186578897
1785524880138762000,0,-0.0002,-0.0,-0.0,0.0,0.18056394740152348
1785524880158393000,0,-0.0002,-0.0,-0.0,0.0,0.18528437654288915
1785524880178329200,0,-0.0002,-0.0,-0.0,0.0,0.19263040344888244
1785524880198909900,0,-0.0002,-0.0,-0.0,0.0,0.19742712401656748
1785524880218646500,0,-0.0002,-0.0,-0.0,0.0,0.19981636586249565
1785524880238179100,0,-0.0002,-0.0,-0.0,0.0,0.19982702501501362
1785524880258810600,0,-0.0002,-0.0,-0.0,0.0,0.19982702501501362
1785524880278092700,0,-0.0002,-0.0,-0.0,0.0,0.19982702501501362
1785524880298638500,0,-0.0002,-0.0,-0.0,0.0,0.19982702501501362
1785524880317937100,0,-0.0002,-0.0,-0.0,0.0,0.19982702501501362
1785524880338318000,0,-0.0002,-0.0,-0.0,0.0,0.19982702501501362
1785524880358947300,0,-0.0002,-0.0,-0.0,0.0,0.19982702501501362
1785524880378167500,0,-0.0002,-0.0,-0.0,0.0,0.19982702501501362
1785524880398341500,0,-0.0002,-0.0,-0.0,0.0,0.19982702501501362
1785524880418145400,0,-0.0002,-0.0,-0.0,0.0,0.19982702501501362
1785524880438223600,0,-0.0002,-0.0,-0.0,0.0,0.19982702501501362
1785524880458908400,0,-0.0002,-0.0,-0.0,0.0,0.19982702501501362
1785524880477986100,0,-0.0002,-0.0,-0.0,0.0,0.19982702501501362
1785524880497948100,0,-0.0002,-0.0,-0.0,0.0,0.19982702501501362
1785524880518583500,0,-0.0002,-0.0,-0.0,0.0,0.19982702501501362
1785524880538303500,0,-0.0002,-0.0,-0.0,0.0,0.19982702501501362
1785524880558746900,0,-0.0002,-0.0,-0.0,0.0,0.19982702501501362
1785524880578317500,0,-0.0002,-0.0,-0.0,0.0,0.20227354427735947
1785524880598462100,0,-0.0002,-0.0,-0.0,0.0,0.20696966583659882
1785524880618089100,0,-0.0002,-0.0,-0.0,0.0,0.2142033163859419
1785524880638072900,0,-0.0002,-0.0,-0.0,0.0,0.22379161976338016
1785524880658850200,0,-0.0002,-0.0,-0.0,0.0,0.2338798697643704
1785524880678162500,0,-0.0002,-0.0,-0.0,0.0,0.24383441976411793
1785524880698564900,0,-0.0002,-0.0,-0.0,0.0,0.2514032902261568
1785524880718346900,0,-0.0002,-0.0,-0.0,0.0,0.25666060891011055
1785524880738908600,0,-0.0002,-0.0,-0.0,0.0,0.2594373843184557
1785524880758003600,0,-0.0002,-0.0,-0.0,0.0,0.2598484526841281
1785524880778308900,0,-0.0002,-0.0,-0.0,0.0,0.2598484526841281
1785524880799142800,0,-0.0002,-0.0,-0.0,0.0,0.2598484526841281
1785524880818313700,0,-0.0002,-0.0,-0.0,0.0,0.2598484526841281
1785524880838941800,0,-0.0002,-0.0,-0.0,0.0,0.2598484526841281
1785524880858322000,0,-0.0002,-0.0,-0.0,0.0,0.2598484526841281
1785524880878323100,0,-0.0002,-0.0,-0.0,0.0,0.2598484526841281
1785524880898067800,0,-0.0002,-0.0,-0.0,0.0,0.2598484526841281
1785524880918291100,0,-0.0002,-0.0,-0.0,0.0,0.2598484526841281
1785524880938731700,0,-0.0002,-0.0,-0.0,0.0,0.2598484526841281
1785524880958725900,0,-0.0002,-0.0,-0.0,0.0,0.2622680525373687
1785524880978365500,0,-0.0002,-0.0,-0.0,0.0,0.2671304831555817
1785524880998980900,0,-0.0002,-0.0,-0.0,0.0,0.27426631311447414
1785524881018361600,0,-0.0002,-0.0,-0.0,0.0,0.28398197531293795
1785524881038007000,0,-0.0002,-0.0,-0.0,0.0,0.2938034253123735
1785524881058206600,0,-0.0002,-0.0,-0.0,0.0,0.30146581395839667
1785524881078299700,0,-0.0002,-0.0,-0.0,0.0,0.30664462564119477
1785524881098161900,0,-0.0002,-0.0,-0.0,0.0,0.3094063810595926
1785524881118273700,0,-0.0002,-0.0,-0.0,0.0,0.3097762824605713
1785524881138635600,0,-0.0002,-0.0,-0.0,0.0,0.3097762824605713
1785524881158306200,0,-0.0002,-0.0,-0.0,0.0,0.3097762824605713
1785524881178910200,0,-0.0002,-0.0,-0.0,0.0,0.3097762824605713
1785524881198199800,0,-0.0002,-0.0,-0.0,0.0,0.3097762824605713
1785524881218263500,0,-0.0002,-0.0,-0.0,0.0,0.3097762824605713
1785524881238300500,0,-0.0002,-0.0,-0.0,0.0,0.3097762824605713
1785524881259089500,0,-0.0002,-0.0,-0.0,0.0,0.3097762824605713
1785524881278947900,0,-0.0002,-0.0,-0.0,0.0,0.3097762824605713
1785524881298022500,0,-0.0002,-0.0,-0.0,0.0,0.3097762824605713
1785524881318211600,0,-0.0002,-0.0,-0.0,0.0,0.3097762824605713
1785524881338684500,0,-0.0002,-0.0,-0.0,0.0,0.3097762824605713
1785524881358121300,0,-0.0002,-0.0,-0.0,0.0,0.3097762824605713
1785524881378835400,0,-0.0002,-0.0,-0.0,0.0,0.3097762824605713
1785524881398771700,0,-0.0002,-0.0,-0.0,0.0,0.3097762824605713
1785524881418195700,0,-0.0002,-0.0,-0.0,0.0,0.3097762824605713
1785524881438532100,0,-0.0002,-0.0,-0.0,0.0,0.3097762824605713
1785524881458014600,0,-0.0002,-0.0,-0.0,0.0,0.3097762824605713
1785524881478271000,0,-0.0002,-0.0,-0.0,0.0,0.3097762824605713
1785524881498773200,0,-0.0002,-0.0,-0.0,0.0,0.3097762824605713
1785524881518519400,0,-0.0002,-0.0,-0.0,0.0,0.3097762824605713
1785524881537906800,0,-0.0002,-0.0,-0.0,0.0,0.3073870224188966
1785524881558161400,0,-0.0002,-0.0,-0.0,0.0,0.3025039041252906
1785524881578445200,0,-0.0002,-0.0,-0.0,0.0,0.2953759761254491
1785524881598247600,0,-0.0002,-0.0,-0.0,0.0,0.2855954964860515
1785524881618304000,0,-0.0002,-0.0,-0.0,0.0,0.27555499648485543
1785524881638117700,0,-0.0002,-0.0,-0.0,0.0,0.268014351931519
1785524881658424300,0,-0.0002,-0.0,-0.0,0.0,0.262813629670504
1785524881678616300,0,-0.0002,-0.0,-0.0,0.0,0.2599597957867605
1785524881698791500,0,-0.0002,-0.0,-0.0,0.0,0.25952259509633235
1785524881718009800,0,-0.0002,-0.0,-0.0,0.0,0.25952259509633235
1785524881738345100,0,-0.0002,-0.0,-0.0,0.0,0.25952259509633235
1785524881758526500,0,-0.0002,-0.0,-0.0,0.0,0.25952259509633235
1785524881778807900,0,-0.0002,-0.0,-0.0,0.0,0.25952259509633235
1785524881798268800,0,-0.0002,-0.0,-0.0,0.0,0.25952259509633235
1785524881818754800,0,-0.0002,-0.0,-0.0,0.0,0.25952259509633235
1785524881838857700,0,-0.0002,-0.0,-0.0,0.0,0.25952259509633235
1785524881858255800,0,-0.0002,-0.0,-0.0,0.0,0.25952259509633235
1785524881878406200,0,-0.0002,-0.0,-0.0,0.0,0.25952259509633235
1785524881898159200,0,-0.0002,-0.0,-0.0,0.0,0.25952259509633235
1785524881918377000,0,-0.0002,-0.0,-0.0,0.0,0.25952259509633235
1785524881938676800,0,-0.0002,-0.0,-0.0,0.0,0.25952259509633235
1785524881958046900,0,-0.0002,-0.0,-0.0,0.0,0.25952259509633235
1785524881978918600,0,-0.0002,-0.0,-0.0,0.0,0.25952259509633235
1785524881998327900,0,-0.0002,-0.0,-0.0,0.0,0.25952259509633235
1785524882018608900,0,-0.0002,-0.0,-0.0,0.0,0.25952259509633235
1785524882038223100,0,-0.0002,-0.0,-0.0,0.0,0.25952259509633235
1785524882058946700,0,-0.0002,-0.0,-0.0,0.0,0.25952259509633235
1785524882078398200,0,-0.0002,-0.0,-0.0,0.0,0.25952259509633235
1785524882098172400,0,-0.0002,-0.0,-0.0,0.0,0.25952259509633235
1785524882118789900,0,-0.0002,-0.0,-0.0,0.0,0.25952259509633235
1785524882138233100,0,-0.0002,-0.0,-0.0,0.0,0.25952259509633235
1785524882158734800,0,-0.0002,-0.0,-0.0,0.0,0.25952259509633235
1785524882177998000,0,-0.0002,-0.0,-0.0,0.0,0.25952259509633235
1785524882198874800,0,-0.0002,-0.0,-0.0,0.0,0.25952259509633235
1785524882217944400,0,-0.0002,-0.0,-0.0,0.0,0.25952259509633235
1785524882238382700,0,-0.0002,-0.0,-0.0,0.0,0.25952259509633235
1785524882257971100,0,-0.0002,-0.0,-0.0,0.0,0.25952259509633235
1785524882278867600,0,-0.0002,-0.0,-0.0,0.0,0.25952259509633235
1785524882297871000,0,-0.0002,-0.0,-0.0,0.0,0.25952259509633235
1785524882318302900,0,-0.0002,-0.0,-0.0,0.0,0.25952259509633235
1785524882338009300,0,-0.0002,-0.0,-0.0,0.0,0.25952259509633235
1785524882358454500,0,-0.0002,-0.0,-0.0,0.0,0.25952259509633235
1785524882378794900,0,-0.0002,-0.0,-0.0,0.0,0.25952259509633235
1785524882398204300,0,-0.0002,-0.0,-0.0,0.0,0.25952259509633235
1785524882418773900,0,-0.0002,-0.0,-0.0,0.0,0.25952259509633235
1785524882438200800,0,-0.0002,-0.0,-0.0,0.0,0.25952259509633235
1785524882458083500,0,-0.0002,-0.0,-0.0,0.0,0.25952259509633235
1785524882478212500,0,-0.0002,-0.0,-0.0,0.0,0.25952259509633235
1785524882498447900,0,-0.0002,-0.0,-0.0,0.0,0.25952259509633235
1785524882518115400,0,-0.0002,-0.0,-0.0,0.0,0.25952259509633235
1785524882538481300,0,-0.0002,-0.0,-0.0,0.0,0.25952259509633235
1785524882558730000,0,-0.0002,-0.0,-0.0,0.0,0.25952259509633235
1785524882578435900,0,-0.0002,-0.0,-0.0,0.0,0.25952259509633235
1785524882599000100,0,-0.0002,-0.0,-0.0,0.0,0.25952259509633235
1785524882618827300,0,-0.0002,-0.0,-0.0,0.0,0.25952259509633235
1785524882638256900,0,-0.0002,-0.0,-0.0,0.0,0.25952259509633235
1785524882658830700,0,-0.0002,-0.0,-0.0,0.0,0.25952259509633235
1785524882678524300,0,-0.0002,-0.0,-0.0,0.0,0.25952259509633235
1785524882698778800,0,-0.0002,-0.0,-0.0,0.0,0.25952259509633235
1785524882718034800,0,-0.0002,-0.0,-0.0,0.0,0.25952259509633235
1785524882738257300,0,-0.0002,-0.0,-0.0,0.0,0.25952259509633235
1785524882758422700,0,-0.0002,-0.0,-0.0,0.0,0.25952259509633235
1785524882778365300,0,-0.0002,-0.0,-0.0,0.0,0.25952259509633235
1785524882798427300,0,-0.0002,-0.0,-0.0,0.0,0.25952259509633235
1785524882819077400,0,-0.0002,-0.0,-0.0,0.0,0.25952259509633235
1785524882838270700,0,-0.0002,-0.0,-0.0,0.0,0.25952259509633235
1785524882859058700,0,-0.0002,-0.0,-0.0,0.0,0.25952259509633235
1785524882879105900,0,-0.0002,-0.0,-0.0,0.0,0.25952259509633235
1785524882897912300,0,-0.0002,-0.0,-0.0,0.0,0.25952259509633235
1785524882919065100,0,-0.0002,-0.0,-0.0,0.0,0.25952259509633235
1785524882938296100,0,-0.0002,-0.0,-0.0,0.0,0.25952259509633235
1785524882958314800,0,-0.0002,-0.0,-0.0,0.0,0.25952259509633235
1785524882978804000,0,-0.0002,-0.0,-0.0,0.0,0.25952259509633235
1785524882998121200,0,-0.0002,-0.0,-0.0,0.0,0.25952259509633235
1785524883018269400,0,-0.0002,-0.0,-0.0,0.0,0.25952259509633235
1785524883038996700,0,-0.0002,-0.0,-0.0,0.0,0.25952259509633235
1785524883058074900,0,-0.0002,-0.0,-0.0,0.0,0.25952259509633235
1785524883078142700,0,-0.0002,-0.0,-0.0,0.0,0.25952259509633235
1785524883098412500,0,-0.0002,-0.0,-0.0,0.0,0.25952259509633235
1785524883118332400,0,-0.0002,-0.0,-0.0,0.0,0.25952259509633235
1785524883138484600,0,-0.0002,-0.0,-0.0,0.0,0.25952259509633235
1785524883158297200,0,-0.0002,-0.0,-0.0,0.0,0.25952259509633235
1785524883179034900,0,-0.0002,-0.0,-0.0,0.0,0.25952259509633235
1785524883198090600,0,-0.0002,-0.0,-0.0,0.0,0.25952259509633235
1785524883218605600,0,-0.0002,-0.0,-0.0,0.0,0.25952259509633235
1785524883238777600,0,-0.0002,-0.0,-0.0,0.0,0.25952259509633235
1785524883258177200,0,-0.0002,-0.0,-0.0,0.0,0.25952259509633235
1785524883278061500,0,-0.0002,-0.0,-0.0,0.0,0.25952259509633235
1785524883299074800,0,-0.0002,-0.0,-0.0,0.0,0.25952259509633235
1785524883317858400,0,-0.0002,-0.0,-0.0,0.0,0.25952259509633235
1785524883338833600,0,-0.0002,-0.0,-0.0,0.0,0.25952259509633235
1785524883358633700,0,-0.0002,-0.0,-0.0,0.0,0.25952259509633235
1785524883377961400,0,-0.0002,-0.0,-0.0,0.0,0.25952259509633235
1785524883398738000,0,-0.0002,-0.0,-0.0,0.0,0.25952259509633235
1785524883418806700,0,-0.0002,-0.0,-0.0,0.0,0.25952259509633235
1785524883438129000,0,-0.0002,-0.0,-0.0,0.0,0.25952259509633235
1785524883458764600,0,-0.0002,-0.0,-0.0,0.0,0.25952259509633235
1785524883478105400,0,-0.0002,-0.0,-0.0,0.0,0.25952259509633235
1785524883498334900,0,-0.0002,-0.0,-0.0,0.0,0.25952259509633235
1785524883518369500,0,-0.0002,-0.0,-0.0,0.0,0.25952259509633235
1785524883538066300,0,-0.0002,-0.0,-0.0,0.0,0.25952259509633235
1785524883558384200,0,-0.0002,-0.0,-0.0,0.0,0.25952259509633235
1785524883578212900,0,-0.0002,-0.0,-0.0,0.0,0.25952259509633235
1785524883598399200,0,-0.0002,-0.0,-0.0,0.0,0.25952259509633235
1785524883618135300,0,-0.0002,-0.0,-0.0,0.0,0.25952259509633235
1785524883638826100,0,-0.0002,-0.0,-0.0,0.0,0.25952259509633235
1785524883658387100,0,-0.0002,-0.0,-0.0,0.0,0.25952259509633235
1785524883678819400,0,-0.0002,-0.0,-0.0,0.0,0.25952259509633235
1785524883698658400,0,-0.0002,-0.0,-0.0,0.0,0.25952259509633235
1785524883718750600,0,-0.0002,-0.0,-0.0,0.0,0.25952259509633235
1785524883738346700,0,-0.0002,-0.0,-0.0,0.0,0.25952259509633235
1785524883758348000,0,-0.0002,-0.0,-0.0,0.0,0.25952259509633235
1785524883778130100,0,-0.0002,-0.0,-0.0,0.0,0.25952259509633235
1785524883798829500,0,-0.0002,-0.0,-0.0,0.0,0.25952259509633235
1785524883817945600,0,-0.0002,-0.0,-0.0,0.0,0.25952259509633235
1785524883838484200,0,-0.0002,-0.0,-0.0,0.0,0.25952259509633235
1785524883858087500,0,-0.0002,-0.0,-0.0,0.0,0.25952259509633235
1785524883878907500,0,-0.0002,-0.0,-0.0,0.0,0.25952259509633235
1785524883898065100,0,-0.0002,-0.0,-0.0,0.0,0.25952259509633235
1785524883918725900,0,-0.0002,-0.0,-0.0,0.0,0.25952259509633235
1785524883938584200,0,-0.0002,-0.0,-0.0,0.0,0.25952259509633235
1785524883958364500,0,-0.0002,-0.0,-0.0,0.0,0.25952259509633235
1785524883978956300,0,-0.0002,-0.0,-0.0,0.0,0.25952259509633235
1785524883998670500,0,-0.0002,-0.0,-0.0,0.0,0.25952259509633235
1785524884018275200,0,-0.0002,-0.0,-0.0,0.0,0.25952259509633235
1785524884038290200,0,-0.0002,-0.0,-0.0,0.0,0.25952259509633235
1785524884058949600,0,-0.0002,-0.0,-0.0,0.0,0.25952259509633235
1785524884078366300,0,-0.0002,-0.0,-0.0,0.0,0.25952259509633235
1785524884098094100,0,-0.0002,-0.0,-0.0,0.0,0.25952259509633235
1785524884118988200,0,-0.0002,-0.0,-0.0,0.0,0.25952259509633235
1785524884138713900,0,-0.0002,-0.0,-0.0,0.0,0.25952259509633235
1785524884158704500,0,-0.0002,-0.0,-0.0,0.0,0.25952259509633235
1785524884177931100,0,-0.0002,-0.0,-0.0,0.0,0.25952259509633235
1785524884199011800,0,-0.0002,-0.0,-0.0,0.0,0.25952259509633235
1785524884219022000,0,-0.0002,-0.0,-0.0,0.0,0.25952259509633235
1785524884238793200,0,-0.0002,-0.0,-0.0,0.0,0.25952259509633235
1785524884258736300,0,-0.0002,-0.0,-0.0,0.0,0.25952259509633235
1785524884278150100,0,-0.0002,-0.0,-0.0,0.0,0.25952259509633235
1785524884298044500,0,-0.0002,-0.0,-0.0,0.0,0.25952259509633235
1785524884318853700,0,-0.0002,-0.0,-0.0,0.0,0.25952259509633235
1785524884338226200,0,-0.0002,-0.0,-0.0,0.0,0.25952259509633235
1785524884358840600,0,-0.0002,-0.0,-0.0,0.0,0.25952259509633235
1785524884377983300,0,-0.0002,-0.0,-0.0,0.0,0.25952259509633235
1785524884398540000,0,-0.0002,-0.0,-0.0,0.0,0.25952259509633235
1785524884418855700,0,-0.0002,-0.0,-0.0,0.0,0.25952259509633235
1785524884438513500,0,-0.0002,-0.0,-0.0,0.0,0.25952259509633235
1785524884458984300,0,-0.0002,-0.0,-0.0,0.0,0.25952259509633235
1785524884479187500,0,-0.0002,-0.0,-0.0,0.0,0.25952259509633235
1785524884497961600,0,-0.0002,-0.0,-0.0,0.0,0.25952259509633235
1785524884518087000,0,-0.0002,-0.0,-0.0,0.0,0.25952259509633235
1785524884538770000,0,-0.0002,-0.0,-0.0,0.0,0.25952259509633235
1785524884558496100,0,-0.0002,-0.0,-0.0,0.0,0.25952259509633235
1785524884578760500,0,-0.0002,-0.0,-0.0,0.0,0.25952259509633235
1785524884598857900,0,-0.0002,-0.0,-0.0,0.0,0.25952259509633235
1785524884618857300,0,-0.0002,-0.0,-0.0,0.0,0.25952259509633235
1785524884638040700,0,-0.0002,-0.0,-0.0,0.0,0.25952259509633235
1785524884658291800,0,-0.0002,-0.0,-0.0,0.0,0.25952259509633235
1785524884678189900,0,-0.0002,-0.0,-0.0,0.0,0.25952259509633235
1785524884698363300,0,-0.0002,-0.0,-0.0,0.0,0.25952259509633235
1785524884718444400,0,-0.0002,-0.0,-0.0,0.0,0.25952259509633235
1785524884738476800,0,-0.0002,-0.0,-0.0,0.0,0.25952259509633235
1785524884758252700,0,-0.0002,-0.0,-0.0,0.0,0.25952259509633235
1785524884778493600,0,-0.0002,-0.0,-0.0,0.0,0.25952259509633235
1785524884798290600,0,-0.0002,-0.0,-0.0,0.0,0.25952259509633235
1785524884818485600,0,-0.0002,-0.0,-0.0,0.0,0.25952259509633235
1785524884838364500,0,-0.0002,-0.0,-0.0,0.0,0.25952259509633235
1785524884859178900,0,-0.0002,-0.0,-0.0,0.0,0.25952259509633235
1785524884878691400,0,-0.0002,-0.0,-0.0,0.0,0.25952259509633235
1785524884898267400,0,-0.0002,-0.0,-0.0,0.0,0.25952259509633235
1785524884917920000,0,-0.0002,-0.0,-0.0,0.0,0.25952259509633235
1785524884938644400,0,-0.0002,-0.0,-0.0,0.0,0.25952259509633235
1785524884958456000,0,-0.0002,-0.0,-0.0,0.0,0.25952259509633235
1785524884978005300,0,-0.0002,-0.0,-0.0,0.0,0.25952259509633235
1785524884998916700,0,-0.0002,-0.0,-0.0,0.0,0.25952259509633235
1785524885018527100,0,-0.0002,-0.0,-0.0,0.0,0.25952259509633235
1785524885037858500,0,-0.0002,-0.0,-0.0,0.0,0.25952259509633235
1785524885057928500,0,-0.0002,-0.0,-0.0,0.0,0.25952259509633235
1785524885077945800,0,-0.0002,-0.0,-0.0,0.0,0.25952259509633235
1785524885097998200,0,-0.0002,-0.0,-0.0,0.0,0.25952259509633235
1785524885118613900,0,-0.0002,-0.0,-0.0,0.0,0.25952259509633235
1785524885138863700,0,-0.0002,-0.0,-0.0,0.0,0.25952259509633235
1785524885157943100,0,-0.0002,-0.0,-0.0,0.0,0.25952259509633235
1785524885178767600,0,-0.0002,-0.0,-0.0,0.0,0.25952259509633235
1785524885197891100,0,-0.0002,-0.0,-0.0,0.0,0.25952259509633235
1785524885219044600,0,-0.0002,-0.0,-0.0,0.0,0.25952259509633235
1785524885238730300,0,-0.0002,-0.0,-0.0,0.0,0.25952259509633235
1785524885257978700,0,-0.0002,-0.0,-0.0,0.0,0.25952259509633235
1785524885279053800,0,-0.0002,-0.0,-0.0,0.0,0.25952259509633235
1785524885298097900,0,-0.0002,-0.0,-0.0,0.0,0.25952259509633235
1785524885319006100,0,-0.0002,-0.0,-0.0,0.0,0.25952259509633235
1785524885338514300,0,-0.0002,-0.0,-0.0,0.0,0.25952259509633235
1785524885358323400,0,-0.0002,-0.0,0.6122099999993225,0.0,0.25952259509633235
1785524885378035300,0,-0.0002,-0.0,1.203540000024077,0.0,0.25952259509633235
1785524885398813900,0,-0.0002,-0.0,1.811660999992455,0.0,0.25952259509633235
1785524885418040800,0,-0.0002,-0.0,2.4034439999741153,0.0,0.25952259509633235
1785524885438531600,0,-0.0002,-0.0,1.8039179999686894,0.0,0.25952259509633235
1785524885458592700,0,-0.0002,-0.0,1.206491999910213,0.0,0.25952259509633235
1785524885478816800,0,-0.0002,-0.0,0.6010769999193144,0.0,0.25952259509633235
1785524885497983500,0,-0.0002,-0.0,0.005369999962567817,0.0,0.25952259509633235
1785524885518365000,0,-0.0002,-0.0,-0.0,0.0,0.25952259509633235
1785524885538805100,0,-0.0002,-0.0,-0.0,0.0,0.25952259509633235
1785524885558090600,0,-0.0002,-0.0,-0.0,0.0,0.25952259509633235
1785524885578062000,0,-0.0002,-0.0,-0.0,0.0,0.25952259509633235
1785524885598066300,0,-0.0002,-0.0,-0.0,0.0,0.25952259509633235
1785524885618750500,0,-0.0002,-0.0,-0.0,0.0,0.25952259509633235
1785524885638888000,0,-0.0002,-0.0,-0.0,0.0,0.25952259509633235
1785524885658366300,0,-0.0002,-0.0,-0.0,0.0,0.25952259509633235
1785524885678546900,0,-0.0002,-0.0,-0.0,0.0,0.25952259509633235
1785524885698844700,0,-0.0002,-0.0,-0.0,0.0,0.25952259509633235
1785524885718362200,0,-0.0002,-0.0,-0.0,0.0,0.25952259509633235
1785524885738311500,0,-0.0002,-0.0,-0.0,0.0,0.25952259509633235
1785524885758418600,0,-0.0002,-0.0,-0.0,0.0,0.25952259509633235
1785524885778097100,0,-0.0002,-0.0,-0.0,0.0,0.25952259509633235
1785524885798690700,0,-0.0002,-0.0,-0.0,0.0,0.25952259509633235
1785524885818180100,0,-0.0002,-0.0,-0.0,0.0,0.25952259509633235
1785524885838713800,0,-0.0002,-0.0,-0.0,0.0,0.25952259509633235
1785524885858234000,0,-0.0002,-0.0,-0.0,0.0,0.25952259509633235
1785524885878192000,0,-0.0002,-0.0,-0.0,0.0,0.25952259509633235
1785524885898569500,0,-0.0002,-0.0,-0.0,0.0,0.25952259509633235
1785524885917944500,0,-0.0002,-0.0,-0.0,0.0,0.25952259509633235
1785524885938151100,0,-0.0002,-0.0,-0.0,0.0,0.25952259509633235
1785524885958128500,0,-0.0002,-0.0,-0.0,0.0,0.25952259509633235
1785524885978406900,0,-0.0002,-0.0,-0.0,0.0,0.25952259509633235
1785524885998908100,0,-0.0002,-0.0,-0.0,0.0,0.25952259509633235
1785524886018062300,0,-0.0002,-0.0,-0.0,0.0,0.25952259509633235
1785524886038622100,0,-0.0002,-0.0,-0.0,0.0,0.25952259509633235
1785524886058818200,0,-0.0002,-0.0,-0.0,0.0,0.25952259509633235
1785524886078804700,0,-0.0002,-0.0,-0.0,0.0,0.25952259509633235
1785524886098777300,0,-0.0002,-0.0,-0.0,0.0,0.25952259509633235
1785524886118246800,0,-0.0002,-0.0,-0.0,0.0,0.25952259509633235
1785524886138604400,0,-0.0002,-0.0,-0.0,0.0,0.25952259509633235
1785524886158297500,0,-0.0002,-0.0,-0.0,0.0,0.25952259509633235
1785524886178040000,0,-0.0002,-0.0,-0.0,0.0,0.25952259509633235
1785524886198821800,0,-0.0002,-0.0,-0.0,0.0,0.25952259509633235
1785524886218530400,0,-0.0002,-0.0,-0.0,0.0,0.25952259509633235
1785524886239140300,0,-0.0002,-0.0,-0.0,0.0,0.25952259509633235
1785524886258266800,0,-0.0002,-0.0,-0.0,0.0,0.25952259509633235
1785524886278858400,0,-0.0002,-0.0,-0.0,0.0,0.25952259509633235
1785524886298188300,0,-0.0002,-0.0,-0.0,0.0,0.25952259509633235
1785524886318393000,0,-0.0002,-0.0,-0.0,0.0,0.25952259509633235
1785524886338311900,0,-0.0002,-0.0,-0.0,0.0,0.25952259509633235
1785524886358366300,0,-0.0002,-0.0,-0.0,0.0,0.25952259509633235
1785524886378842000,0,-0.0002,-0.0,-0.0,0.0,0.25952259509633235
1785524886398518500,0,-0.0002,-0.0,-0.0,0.0,0.25952259509633235
1785524886418815400,0,-0.0002,-0.0,-0.0,0.0,0.25952259509633235
1785524886438711500,0,-0.0002,-0.0,-0.0,0.0,0.25952259509633235
1785524886458101700,0,-0.0002,-0.0,-0.0,0.0,0.25952259509633235
1785524886478814100,0,-0.0002,-0.0,-0.0,0.0,0.25952259509633235
1785524886498024200,0,-0.0002,-0.0,-0.0,0.0,0.25952259509633235
1785524886518550600,0,-0.0002,-0.0,-0.0,0.0,0.25952259509633235
1785524886538289000,0,-0.0002,-0.0,-0.0,0.0,0.25952259509633235
1785524886558571500,0,-0.0002,-0.0,-0.0,0.0,0.25952259509633235
1785524886578276800,0,-0.0002,-0.0,-0.0,0.0,0.25952259509633235
1785524886598939200,0,-0.0002,-0.0,-0.0,0.0,0.25952259509633235
1785524886618584600,0,-0.0002,-0.0,-0.0,0.0,0.25952259509633235
1785524886638285100,0,-0.0002,-0.0,-0.0,0.0,0.25952259509633235
1785524886658473500,0,-0.0002,-0.0,-0.0,0.0,0.25952259509633235
1785524886677985800,0,-0.0002,-0.0,-0.0,0.0,0.25952259509633235
1785524886698115000,0,-0.0002,-0.0,-0.0,0.0,0.25952259509633235
1785524886718310800,0,-0.0002,-0.0,-0.0,0.0,0.25952259509633235
1785524886738643500,0,-0.0002,-0.0,-0.0,0.0,0.25952259509633235
1785524886758251600,0,-0.0002,-0.0,-0.0,0.0,0.25952259509633235
1785524886778479200,0,-0.0002,-0.0,-0.0,0.0,0.25952259509633235
1785524886798209800,0,-0.0002,-0.0,-0.0,0.0,0.25952259509633235
1785524886818367800,0,-0.0002,-0.0,-0.0,0.0,0.25952259509633235
1785524886837914200,0,-0.0002,-0.0,-0.0,0.0,0.25952259509633235
1785524886858707400,0,-0.0002,-0.0,-0.0,0.0,0.25952259509633235
1785524886879082100,0,-0.0002,-0.0,-0.0,0.0,0.25952259509633235
1785524886898000300,0,-0.0002,-0.0,-0.0,0.0,0.25952259509633235
1785524886919108500,0,-0.0002,-0.0,-0.0,0.0,0.25952259509633235
1785524886938758800,0,-0.0002,-0.0,-0.0,0.0,0.25952259509633235
1785524886958127300,0,-0.0002,-0.0,-0.0,0.0,0.25952259509633235
1785524886978806900,0,-0.0002,-0.0,-0.0,0.0,0.25952259509633235
1785524886998208100,0,-0.0002,-0.0,-0.5996099999902071,0.0,0.25952259509633235
1785524887018468400,0,-0.0002,-0.0,-1.1923379999643657,0.0,0.25952259509633235
1785524887038180700,0,-0.0002,-0.0,-1.7987790000188397,0.0,0.25952259509633235
1785524887058513000,0,-0.0002,-0.0,-2.3909940000157803,0.0,0.25952259509633235
1785524887078810500,0,-0.0002,-0.0,-2.5,0.0,0.25952259509633235
1785524887097885400,0,-0.0002,-0.0,-2.5,0.0,0.25952259509633235
1785524887118857200,0,-0.0002,-0.0,-2.5,0.0,0.25952259509633235
1785524887138569200,0,-0.0002,-0.0,-1.915240000016638,0.0,0.25952259509633235
1785524887158575600,0,-0.0002,-0.0,-1.3086610000027576,0.0,0.25952259509633235
1785524887177994400,0,-0.0002,-0.0,-0.7109259999924689,0.0,0.25952259509633235
1785524887198860700,0,-0.0002,-0.0,-0.10508799994568108,0.0,0.25952259509633235
1785524887218322600,0,-0.0002,-0.0,-0.0,0.0,0.25952259509633235
1785524887238792200,0,-0.0002,-0.0,-0.0,0.0,0.25952259509633235
1785524887258093500,0,-0.0002,-0.0,-0.0,0.0,0.25952259509633235
1785524887278743300,0,-0.0002,-0.0,-0.0,0.0,0.25952259509633235
1785524887298123200,0,-0.0002,-0.0,-0.0,0.0,0.25952259509633235
1785524887319190700,0,-0.0002,-0.0,-0.0,0.0,0.25952259509633235
1785524887338069300,0,-0.0002,-0.0,-0.0,0.0,0.25952259509633235
1785524887358283700,0,-0.0002,-0.0,-0.0,0.0,0.25952259509633235
1785524887378019000,0,-0.0002,-0.0,-0.0,0.0,0.25952259509633235
1785524887398711800,0,-0.0002,-0.0,-0.0,0.0,0.25952259509633235
1785524887419045200,0,-0.0002,-0.0,-0.0,0.0,0.25952259509633235
1785524887438275500,0,-0.0002,-0.0,-0.0,0.0,0.25952259509633235
1785524887458431600,0,-0.0002,-0.0,-0.0,0.0,0.25952259509633235
1785524887478101600,0,-0.0002,-0.0,-0.0,0.0,0.25952259509633235
1785524887498366900,0,-0.0002,-0.0,-0.0,0.0,0.25952259509633235
1785524887518352100,0,-0.0002,-0.0,-0.0,0.0,0.25952259509633235
1785524887538810600,0,-0.0002,-0.0,-0.0,0.0,0.25952259509633235
1785524887558831200,0,-0.0002,-0.0,-0.0,0.0,0.25952259509633235
1785524887578636600,0,-0.0002,-0.0,-0.0,0.0,0.25952259509633235
1785524887598081000,0,-0.0002,-0.0,-0.0,0.0,0.25952259509633235
1785524887618187000,0,-0.0002,-0.0,-0.0,0.0,0.25952259509633235
1785524887638167400,0,-0.0002,-0.0,-0.0,0.0,0.25952259509633235
1785524887657927200,0,-0.0002,-0.0,-0.0,0.0,0.25952259509633235
1785524887678984400,0,-0.0002,-0.0,-0.0,0.0,0.25952259509633235
1785524887698035000,0,-0.0002,-0.0,-0.0,0.0,0.25952259509633235
1785524887718645300,0,-0.0002,-0.0,-0.0,0.0,0.25952259509633235
1785524887738146000,0,-0.0002,-0.0,-0.0,0.0,0.25952259509633235
1785524887758285100,0,-0.0002,-0.0,-0.0,0.0,0.25952259509633235
1785524887778098000,0,-0.0002,-0.0,-0.0,0.0,0.25952259509633235
1785524887798576300,0,-0.0002,-0.0,-0.0,0.0,0.25952259509633235
1785524887818398200,0,-0.0002,-0.0,-0.0,0.0,0.25952259509633235
1785524887838111800,0,-0.0002,-0.0,-0.0,0.0,0.25952259509633235
1785524887858830500,0,-0.0002,-0.0,-0.0,0.0,0.25952259509633235
1785524887878375300,0,-0.0002,-0.0,-0.0,0.0,0.25952259509633235
1785524887898074200,0,-0.0002,-0.0,-0.0,0.0,0.25952259509633235
1785524887919005800,0,-0.0002,-0.0,-0.0,0.0,0.25952259509633235
1785524887938297600,0,-0.0002,-0.0,-0.0,0.0,0.25952259509633235
1785524887958566900,0,-0.0002,-0.0,-0.0,0.0,0.25952259509633235
1785524887978094200,0,-0.0002,-0.0,-0.0,0.0,0.25952259509633235
1785524887998906600,0,-0.0002,-0.0,-0.0,0.0,0.25952259509633235
1785524888017953800,0,-0.0002,-0.0,-0.0,0.0,0.25952259509633235
1785524888038846200,0,-0.0002,-0.0,-0.0,0.0,0.25952259509633235
1785524888058774500,0,-0.0002,-0.0,-0.0,0.0,0.25952259509633235
1785524888078084200,0,-0.0002,-0.0,-0.0,0.0,0.25952259509633235
1785524888099084300,0,-0.0002,-0.0,0.6050849999883212,0.0,0.25952259509633235
1785524888118777700,0,-0.0002,-0.0,1.205651999953261,0.0,0.25952259509633235
1785524888138545000,0,-0.0002,-0.0,1.797749999932421,0.0,0.25952259509633235
1785524888158818500,0,-0.0002,-0.0,1.1961029999292805,0.0,0.25952259509633235
1785524888178150600,0,-0.0002,-0.0,0.5932979998397059,0.0,0.25952259509633235
1785524888198395900,0,-0.0002,-0.0,0.0013589998707175255,0.0,0.25952259509633235
1785524888218854800,0,-0.0002,-0.0,-0.0,0.0,0.25952259509633235
1785524888238359800,0,-0.0002,-0.0,-0.0,0.0,0.25952259509633235
1785524888258621400,0,-0.0002,-0.0,-0.0,0.0,0.25952259509633235
1785524888278842900,0,-0.0002,-0.0,-0.0,0.0,0.25952259509633235
1785524888298270700,0,-0.0002,-0.0,-0.0,0.0,0.25952259509633235
1785524888317888600,0,-0.0002,-0.0,-0.0,0.0,0.25952259509633235
1785524888338605500,0,-0.0002,-0.0,-0.0,0.0,0.25952259509633235
1785524888358227000,0,-0.0002,-0.0,-0.0,0.0,0.25952259509633235
1785524888378541500,0,-0.0002,-0.0,-0.0,0.0,0.25952259509633235
1785524888398562000,0,-0.0002,-0.0,-0.0,0.0,0.25952259509633235
1785524888418643700,0,-0.0002,-0.0,-0.0,0.0,0.25952259509633235
1785524888437874500,0,-0.0002,-0.0,-0.0,0.0,0.25952259509633235
1785524888458691000,0,-0.0002,-0.0,-0.0,0.0,0.25952259509633235
1785524888478192500,0,-0.0002,-0.0,-0.0,0.0,0.25952259509633235
1785524888498190900,0,-0.0002,-0.0,-0.0,0.0,0.25952259509633235
1785524888518351200,0,-0.0002,-0.0,-0.0,0.0,0.25952259509633235
1785524888538410300,0,-0.0002,-0.0,-0.0,0.0,0.25952259509633235
1785524888557903400,0,-0.0002,-0.0,-0.0,0.0,0.25952259509633235
1785524888578392200,0,-0.0002,-0.0,-0.0,0.0,0.25952259509633235
1785524888598143400,0,-0.0002,-0.0,-0.0,0.0,0.25952259509633235
1785524888618159400,0,-0.0002,-0.0,-0.0,0.0,0.25952259509633235
1785524888639057300,0,-0.0002,-0.0,-0.0,0.0,0.25952259509633235
1785524888658200800,0,-0.0002,-0.0,-0.0,0.0,0.25952259509633235
1785524888678074000,0,-0.0002,-0.0,-0.0,0.0,0.25952259509633235
1785524888698654800,0,-0.0002,-0.0,-0.0,0.0,0.25952259509633235
1785524888718959300,0,-0.0002,-0.0,-0.0,0.0,0.25952259509633235
1785524888738615900,0,-0.0002,-0.0,-0.0,0.0,0.25952259509633235
1785524888758180900,0,-0.0002,-0.0,-0.0,0.0,0.25952259509633235
1785524888778348400,0,-0.0002,-0.0,-0.0,0.0,0.25952259509633235
1785524888797978300,0,-0.0002,-0.0,-0.0,0.0,0.25952259509633235
1785524888818822200,0,-0.0002,-0.0,-0.0,0.0,0.25952259509633235
1785524888838685900,0,-0.0002,-0.0,-0.0,0.0,0.25952259509633235
1785524888858352900,0,-0.0002,-0.0,-0.0,0.0,0.25952259509633235
1785524888878476700,0,-0.0002,-0.0,-0.0,0.0,0.25952259509633235
1785524888898073600,0,-0.0002,-0.0,-0.0,0.0,0.25952259509633235
1785524888918669000,0,-0.0002,-0.0,-0.0,0.0,0.25952259509633235
1785524888938240800,0,-0.0002,-0.0,-0.0,0.0,0.25952259509633235
1785524888958702700,0,-0.0002,-0.0,-0.0,0.0,0.25952259509633235
1785524888978568200,0,-0.0002,-0.0,-0.0,0.0,0.25952259509633235
1785524888998367900,0,-0.0002,-0.0,-0.0,0.0,0.25952259509633235
1785524889018571800,0,-0.0002,-0.0,-0.0,0.0,0.25952259509633235
1785524889038568000,0,-0.0002,-0.0,-0.0,0.0,0.25952259509633235
1785524889058350500,0,-0.0002,-0.0,-0.0,0.0,0.25952259509633235
1785524889079176500,0,-0.0002,-0.0,-0.0,0.0,0.25952259509633235
1785524889098830600,0,-0.0002,-0.0,-0.0,0.0,0.25952259509633235
1785524889118332800,0,-0.0002,-0.0,-0.0,0.0,0.25952259509633235
1785524889138761300,0,-0.0002,-0.0,-0.0,0.0,0.25952259509633235
1785524889157910400,0,-0.0002,-0.0,-0.0,0.0,0.25952259509633235
1785524889178226800,0,-0.0002,-0.0,-0.0,0.0,0.25952259509633235
1785524889198997100,0,-0.0002,-0.0,-0.0,0.0,0.25952259509633235
1785524889218321000,0,-0.0002,-0.0,-0.0,0.0,0.25952259509633235
1785524889239235900,0,-0.0002,-0.0,-0.0,0.0,0.25952259509633235
1785524889258262900,0,-0.0002,-0.0,-0.0,0.0,0.25952259509633235
1785524889278980200,0,-0.0002,-0.0,-0.0,0.0,0.25952259509633235
1785524889298285200,0,-0.0002,-0.0,-0.0,0.0,0.25952259509633235
1785524889318467500,0,-0.0002,-0.0,-0.0,0.0,0.25952259509633235
1785524889338488000,0,-0.0002,-0.0,-0.0,0.0,0.25952259509633235
1785524889358080900,0,-0.0002,-0.0,-0.0,0.0,0.25952259509633235
1785524889378689200,0,-0.0002,-0.0,-0.0,0.0,0.25952259509633235
1785524889397918700,0,-0.0002,-0.0,-0.0,0.0,0.25952259509633235
1785524889418518200,0,-0.0002,-0.0,-0.0,0.0,0.25952259509633235
1785524889438270200,0,-0.0002,-0.0,-0.0,0.0,0.25952259509633235
1785524889458827100,0,-0.0002,-0.0,-0.0,0.0,0.25952259509633235
1785524889478799100,0,-0.0002,-0.0,-0.0,0.0,0.25952259509633235
1785524889498201700,0,-0.0002,-0.0,-0.0,0.0,0.25952259509633235
1785524889518879700,0,-0.0002,-0.0,-0.0,0.0,0.25952259509633235
1785524889538014200,0,-0.0002,-0.0,-0.0,0.0,0.25952259509633235
1785524889559045500,0,-0.0002,-0.0,-0.0,0.0,0.25952259509633235
1785524889578310000,0,-0.0002,-0.0,-0.0,0.0,0.25952259509633235
1785524889598615000,0,-0.0002,-0.0,-0.0,0.0,0.25952259509633235
1785524889618787700,0,-0.0002,-0.0,-0.0,0.0,0.25952259509633235
1785524889637893500,0,-0.0002,-0.0,-0.0,0.0,0.25952259509633235
1785524889658787500,0,-0.0002,-0.0,-0.0,0.0,0.25952259509633235
1785524889678756600,0,-0.0002,-0.0,-0.0,0.0,0.25952259509633235
1785524889698053900,0,-0.0002,-0.0,-0.0,0.0,0.25952259509633235
1785524889718443900,0,-0.0002,-0.0,-0.0,0.0,0.25952259509633235
1785524889738969000,0,-0.0002,-0.0,-0.0,0.0,0.25952259509633235
1785524889758175000,0,-0.0002,-0.0,-0.0,0.0,0.25952259509633235
1785524889778192900,0,-0.0002,-0.0,-0.0,0.0,0.25952259509633235
1785524889798602600,0,-0.0002,-0.0,-0.0,0.0,0.25952259509633235
1785524889818524100,0,-0.0002,-0.0,-0.0,0.0,0.25952259509633235
1785524889837997400,0,-0.0002,-0.0,-0.0,0.0,0.25952259509633235
1785524889858066900,0,-0.0002,-0.0,-0.0,0.0,0.25952259509633235
1785524889878701800,0,-0.0002,-0.0,-0.0,0.0,0.25952259509633235
1785524889898288700,0,-0.0002,-0.0,-0.0,0.0,0.25952259509633235
1785524889918125500,0,-0.0002,-0.0,-0.0,0.0,0.25952259509633235
1785524889938519800,0,-0.0002,-0.0,-0.0,0.0,0.25952259509633235
1785524889958019700,0,-0.0002,-0.0,-0.0,0.0,0.25952259509633235
1785524889978556900,0,-0.0002,-0.0,-0.0,0.0,0.25952259509633235
1785524889998635300,0,-0.0002,-0.0,-0.0,0.0,0.25952259509633235
1785524890018281500,0,-0.0002,-0.0,-0.0,0.0,0.25952259509633235
1785524890038714600,0,-0.0002,-0.0,-0.0,0.0,0.25952259509633235
1785524890058242500,0,-0.0002,-0.0,-0.0,0.0,0.25952259509633235
1785524890078868700,0,-0.0002,-0.0,-0.0,0.0,0.25952259509633235
1785524890097838400,0,-0.0002,-0.0,-0.0,0.0,0.25952259509633235
1785524890117879200,0,-0.0002,-0.0,-0.0,0.0,0.25952259509633235
1785524890138371200,0,-0.0002,-0.0,-0.0,0.0,0.25952259509633235
1785524890158297200,0,-0.0002,-0.0,-0.0,0.0,0.25952259509633235
1785524890178874000,0,-0.0002,-0.0,-0.0,0.0,0.25952259509633235
1785524890198644000,0,-0.0002,-0.0,-0.0,0.0,0.25952259509633235
1785524890217996100,0,-0.0002,-0.0,-0.0,0.0,0.25952259509633235
1785524890238283100,0,-0.0002,-0.0,-0.0,0.0,0.25952259509633235
1785524890258752100,0,-0.0002,-0.0,-0.0,0.0,0.25952259509633235
1785524890278499400,0,-0.0002,-0.0,-0.0,0.0,0.25952259509633235
1785524890299021700,0,-0.0002,-0.0,-0.0,0.0,0.25952259509633235
1785524890317972400,0,-0.0002,-0.0,-0.0,0.0,0.25952259509633235
1785524890338556500,0,-0.0002,-0.0,-0.0,0.0,0.25952259509633235
1785524890358287400,0,-0.0002,-0.0,-0.0,0.0,0.25952259509633235
1785524890378281800,0,-0.0002,-0.0,-0.0,0.0,0.25952259509633235
1785524890398004600,0,-0.0002,-0.0,-0.0,0.0,0.25952259509633235
1785524890418232500,0,-0.0002,-0.0,-0.0,0.0,0.25952259509633235
1785524890438483500,0,-0.0002,-0.0,-0.0,0.0,0.25952259509633235
1785524890458207500,0,-0.0002,-0.0,-0.0,0.0,0.25952259509633235
1785524890479275000,0,-0.0002,-0.0,-0.0,0.0,0.25952259509633235
1785524890498231800,0,-0.0002,-0.0,-0.0,0.0,0.25952259509633235
1785524890518774900,0,-0.0002,-0.0,-0.0,0.0,0.25952259509633235
1785524890538922700,0,-0.0002,-0.0,-0.0,0.0,0.25952259509633235
1785524890557903900,0,-0.0002,-0.0,-0.0,0.0,0.25952259509633235
1785524890578653100,0,-0.0002,-0.0,-0.0,0.0,0.25952259509633235
1785524890599064100,0,-0.0002,-0.0,-0.0,0.0,0.25952259509633235
1785524890618207300,0,-0.0002,-0.0,-0.0,0.0,0.25952259509633235
1785524890638159100,0,-0.0002,-0.0,-0.0,0.0,0.25952259509633235
1785524890658725700,0,-0.0002,-0.0,-0.0,0.0,0.25952259509633235
1785524890678274600,0,-0.0002,-0.0,-0.0,0.0,0.25952259509633235
1785524890698747800,0,-0.0002,-0.0,-0.0,0.0,0.25952259509633235
1785524890718844100,0,-0.0002,-0.0,-0.0,0.0,0.25952259509633235
1785524890738689700,0,-0.0002,-0.0,-0.0,0.0,0.25952259509633235
1785524890758106600,0,-0.0002,-0.0,-0.0,0.0,0.25952259509633235
1785524890778528200,0,-0.0002,-0.0,-0.0,0.0,0.25952259509633235
1785524890798888200,0,-0.0002,-0.0,-0.0,0.0,0.25952259509633235
1785524890818186100,0,-0.0002,-0.0,-0.0,0.0,0.25952259509633235
1785524890837891400,0,-0.0002,-0.0,-0.0,0.0,0.25952259509633235
1785524890858325200,0,-0.0002,-0.0,-0.0,0.0,0.25952259509633235
1785524890878902700,0,-0.0002,-0.0,-0.0,0.0,0.25952259509633235
1785524890898173400,0,-0.0002,-0.0,-0.0,0.0,0.25952259509633235
1785524890918304500,0,-0.0002,-0.0,-0.0,0.0,0.25952259509633235
1785524890938551900,0,-0.0002,-0.0,-0.0,0.0,0.25952259509633235
1785524890958829000,0,-0.0002,-0.0,-0.0,0.0,0.25952259509633235
1785524890978297300,0,-0.0002,-0.0,-0.0,0.0,0.25952259509633235
1785524890998428600,0,-0.0002,-0.0,-0.0,0.0,0.25952259509633235
1785524891018801500,0,-0.0002,-0.0,-0.0,0.0,0.25952259509633235
1785524891037925500,0,-0.0002,-0.0,-0.0,0.0,0.25952259509633235
1785524891057888100,0,-0.0002,-0.0,-0.0,0.0,0.25952259509633235
1785524891078042700,0,-0.0002,-0.0,-0.0,0.0,0.25952259509633235
1785524891098599300,0,-0.0002,-0.0,-0.0,0.0,0.25952259509633235
1785524891118654500,0,-0.0002,-0.0,-0.0,0.0,0.25952259509633235
1785524891138275600,0,-0.0002,-0.0,-0.0,0.0,0.25952259509633235
1785524891158207200,0,-0.0002,-0.0,-0.0,0.0,0.25952259509633235
1785524891178236200,0,-0.0002,-0.0,-0.0,0.0,0.25952259509633235
1785524891198908800,0,-0.0002,-0.0,-0.0,0.0,0.25952259509633235
1785524891218357800,0,-0.0002,-0.0,-0.0,0.0,0.25952259509633235
1785524891238566800,0,-0.0002,-0.0,-0.0,0.0,0.25952259509633235
1785524891258052300,0,-0.0002,-0.0,-0.0,0.0,0.25952259509633235
1785524891278666600,0,-0.0002,-0.0,-0.0,0.0,0.25952259509633235
1785524891298103000,0,-0.0002,-0.0,-0.0,0.0,0.25952259509633235
1785524891318897400,0,-0.0002,-0.0,-0.0,0.0,0.25952259509633235
1785524891338078700,0,-0.0002,-0.0,-0.0,0.0,0.25952259509633235
1785524891359039200,0,-0.0002,-0.0,-0.0,0.0,0.25952259509633235
1785524891378681000,0,-0.0002,-0.0,-0.0,0.0,0.25952259509633235
1785524891398792200,0,-0.0002,-0.0,-0.0,0.0,0.25952259509633235
1785524891417976700,0,-0.0002,-0.0,-0.0,0.0,0.25952259509633235
1785524891438098900,0,-0.0002,-0.0,-0.0,0.0,0.25952259509633235
1785524891458553300,0,-0.0002,-0.0,-0.0,0.0,0.25952259509633235
1785524891478189000,0,-0.0002,-0.0,-0.0,0.0,0.25952259509633235
1785524891498532800,0,-0.0002,-0.0,-0.0,0.0,0.25952259509633235
1785524891518066000,0,-0.0002,-0.0,-0.0,0.0,0.25952259509633235
1785524891538518500,0,-0.0002,-0.0,-0.0,0.0,0.25952259509633235
1785524891558215100,0,-0.0002,-0.0,-0.0,0.0,0.25952259509633235
1785524891578964000,0,-0.0002,-0.0,-0.0,0.0,0.25952259509633235
1785524891598476500,0,-0.0002,-0.0,-0.0,0.0,0.25952259509633235
1785524891617923000,0,-0.0002,-0.0,-0.0,0.0,0.25952259509633235
1785524891638209700,0,-0.0002,-0.0,-0.0,0.0,0.25952259509633235
1785524891658291900,0,-0.0002,-0.0,-0.0,0.0,0.25952259509633235
1785524891678435800,0,-0.0002,-0.0,-0.0,0.0,0.25952259509633235
1785524891698144900,0,-0.0002,-0.0,-0.0,0.0,0.25952259509633235
1785524891718584300,0,-0.0002,-0.0,-0.0,0.0,0.25952259509633235
1785524891738732900,0,-0.0002,-0.0,-0.0,0.0,0.25952259509633235
1785524891758166300,0,-0.0002,-0.0,-0.0,0.0,0.25952259509633235
1785524891778925500,0,-0.0002,-0.0,-0.0,0.0,0.25952259509633235
1785524891798834200,0,-0.0002,-0.0,-0.0,0.0,0.25952259509633235
1785524891818233500,0,-0.0002,-0.0,-0.0,0.0,0.25952259509633235
1785524891838877100,0,-0.0002,-0.0,-0.0,0.0,0.25952259509633235
1785524891858089700,0,-0.0002,-0.0,-0.0,0.0,0.25952259509633235
1785524891878000400,0,-0.0002,-0.0,-0.0,0.0,0.25952259509633235
1785524891898207500,0,-0.0002,-0.0,-0.0,0.0,0.25952259509633235
1785524891918433300,0,-0.0002,-0.0,-0.0,0.0,0.25952259509633235
1785524891938357400,0,-0.0002,-0.0,-0.0,0.0,0.25952259509633235
1785524891958122200,0,-0.0002,-0.0,-0.0,0.0,0.25952259509633235
1785524891978796100,0,-0.0002,-0.0,-0.0,0.0,0.25952259509633235
1785524891998057000,0,-0.0002,-0.0,-0.0,0.0,0.25952259509633235
1785524892018829000,0,-0.0002,-0.0,-0.0,0.0,0.25952259509633235
1785524892037922100,0,-0.0002,-0.0,-0.0,0.0,0.25952259509633235
1785524892057964300,0,-0.0002,-0.0,-0.0,0.0,0.25952259509633235
1785524892078400900,0,-0.0002,-0.0,-0.0,0.0,0.25952259509633235
1785524892097918800,0,-0.0002,-0.0,-0.0,0.0,0.25952259509633235
1785524892118304100,0,-0.0002,-0.0,-0.0,0.0,0.25952259509633235
1785524892138685500,0,-0.0002,-0.0,-0.0,0.0,0.25952259509633235
1785524892158667500,0,-0.0002,-0.0,-0.0,0.0,0.25952259509633235
1785524892179235900,0,-0.0002,-0.0,-0.0,0.0,0.25952259509633235
1785524892198055400,0,-0.0002,-0.0,-0.0,0.0,0.25952259509633235
1785524892218757700,0,-0.0002,-0.0,-0.0,0.0,0.25952259509633235
1785524892238605600,0,-0.0002,-0.0,-0.0,0.0,0.25952259509633235
1785524892258099000,0,-0.0002,-0.0,-0.0,0.0,0.25952259509633235
1785524892278549100,0,-0.0002,-0.0,-0.0,0.0,0.25952259509633235
1785524892298804900,0,-0.0002,-0.0,-0.0,0.0,0.25952259509633235
1785524892318592000,0,-0.0002,-0.0,-0.0,0.0,0.25952259509633235
1785524892338158900,0,-0.0002,-0.0,-0.0,0.0,0.25952259509633235
1785524892358711400,0,-0.0002,-0.0,-0.0,0.0,0.25952259509633235
1785524892378019800,0,-0.0002,-0.0,-0.0,0.0,0.25952259509633235
1785524892397933900,0,-0.0002,-0.0,-0.0,0.0,0.25952259509633235
1785524892418537500,0,-0.0002,-0.0,-0.0,0.0,0.25952259509633235
1785524892438314900,0,-0.0002,-0.0,-0.0,0.0,0.25952259509633235
1785524892458627600,0,-0.0002,-0.0,-0.0,0.0,0.25952259509633235
1785524892478756900,0,-0.0002,-0.0,-0.0,0.0,0.25952259509633235
1785524892498230200,0,-0.0002,-0.0,-0.0,0.0,0.25952259509633235
1785524892517881200,0,-0.0002,-0.0,-0.0,0.0,0.25952259509633235
1785524892538912000,0,-0.0002,-0.0,-0.0,0.0,0.25952259509633235
1785524892558203900,0,-0.0002,-0.0,-0.0,0.0,0.25952259509633235
1785524892578905800,0,-0.0002,-0.0,-0.0,0.0,0.25952259509633235
1785524892598312600,0,-0.0002,-0.0,-0.0,0.0,0.25952259509633235
1785524892618103400,0,-0.0002,-0.0,-0.0,0.0,0.25952259509633235
1785524892637999800,0,-0.0002,-0.0,-0.0,0.0,0.25952259509633235
1785524892658215700,0,-0.0002,-0.0,-0.0,0.0,0.25952259509633235
1785524892678502000,0,-0.0002,-0.0,-0.0,0.0,0.25952259509633235
1785524892698317700,0,-0.0002,-0.0,-0.0,0.0,0.25952259509633235
1785524892718135900,0,-0.0002,-0.0,-0.0,0.0,0.25952259509633235
1785524892738133100,0,-0.0002,-0.0,-0.0,0.0,0.25952259509633235
1785524892758688200,0,-0.0002,-0.0,-0.0,0.0,0.25952259509633235
1785524892778849700,0,-0.0002,-0.0,-0.0,0.0,0.25952259509633235
1785524892798282900,0,-0.0002,-0.0,-0.0,0.0,0.25952259509633235
1785524892818359500,0,-0.0002,-0.0,-0.0,0.0,0.25952259509633235
1785524892838071200,0,-0.0002,-0.0,-0.0,0.0,0.25952259509633235
1785524892858086600,0,-0.0002,-0.0,-0.0,0.0,0.25952259509633235
1785524892878366100,0,-0.0002,-0.0,-0.0,0.0,0.25952259509633235
1785524892898697100,0,-0.0002,-0.0,-0.0,0.0,0.25952259509633235
1785524892918191400,0,-0.0002,-0.0,-0.0,0.0,0.25952259509633235
1785524892938772900,0,-0.0002,-0.0,-0.0,0.0,0.25952259509633235
1785524892959134900,0,-0.0002,-0.0,-0.0,0.0,0.25952259509633235
1785524892978210100,0,-0.0002,-0.0,-0.0,0.0,0.25952259509633235
1785524892998388900,0,-0.0002,-0.0,-0.0,0.0,0.25952259509633235
1785524893018706800,0,-0.0002,-0.0,-0.0,0.0,0.25952259509633235
1785524893038201200,0,-0.0002,-0.0,-0.0,0.0,0.25952259509633235
1785524893058807200,0,-0.0002,-0.0,-0.0,0.0,0.25952259509633235
1785524893078227800,0,-0.0002,-0.0,-0.0,0.0,0.25952259509633235
1785524893098081400,0,-0.0002,-0.0,-0.0,0.0,0.25952259509633235
1785524893117962400,0,-0.0002,-0.0,-0.0,0.0,0.25952259509633235
1785524893138501500,0,-0.0002,-0.0,-0.0,0.0,0.25952259509633235
1785524893158597400,0,-0.0002,-0.0,-0.0,0.0,0.25952259509633235
1785524893178022000,0,-0.0002,-0.0,-0.0,0.0,0.25952259509633235
1785524893198014900,0,-0.0002,-0.0,-0.0,0.0,0.25952259509633235
1785524893218696900,0,-0.0002,-0.0,-0.0,0.0,0.25952259509633235
1785524893237845000,0,-0.0002,-0.0,-0.0,0.0,0.25952259509633235
1785524893258996500,0,-0.0002,-0.0,-0.0,0.0,0.25952259509633235
1785524893278369800,0,-0.0002,-0.0,-0.0,0.0,0.25952259509633235
1785524893298639700,0,-0.0002,-0.0,-0.0,0.0,0.25952259509633235
1785524893318466800,0,-0.0002,-0.0,-0.0,0.0,0.25952259509633235
1785524893338203400,0,-0.0002,-0.0,-0.0,0.0,0.25952259509633235
1785524893358642400,0,-0.0002,-0.0,-0.0,0.0,0.25952259509633235
1785524893378094700,0,-0.0002,-0.0,-0.0,0.0,0.25952259509633235
1785524893398149600,0,-0.0002,-0.0,-0.0,0.0,0.25952259509633235
1785524893418891000,0,-0.0002,-0.0,-0.0,0.0,0.25952259509633235
1785524893438646400,0,-0.0002,-0.0,-0.0,0.0,0.25952259509633235
1785524893458030800,0,-0.0002,-0.0,-0.0,0.0,0.25952259509633235
1785524893478325500,0,-0.0002,-0.0,-0.0,0.0,0.25952259509633235
1785524893498220900,0,-0.0002,-0.0,-0.0,0.0,0.25952259509633235
1785524893518689900,0,-0.0002,-0.0,-0.0,0.0,0.25952259509633235
1785524893538112300,0,-0.0002,-0.0,-0.0,0.0,0.25952259509633235
1785524893558638600,0,-0.0002,-0.0,-0.0,0.0,0.25952259509633235
1785524893578214600,0,-0.0002,-0.0,-0.0,0.0,0.25952259509633235
1785524893598262000,0,-0.0002,-0.0,-0.0,0.0,0.25952259509633235
1785524893618804800,0,-0.0002,-0.0,-0.0,0.0,0.25952259509633235
1785524893638066100,0,-0.0002,-0.0,-0.0,0.0,0.25952259509633235
1785524893658425900,0,-0.0002,-0.0,-0.0,0.0,0.25952259509633235
1785524893678189100,0,-0.0002,-0.0,-0.0,0.0,0.25952259509633235
1785524893698173700,0,-0.0002,-0.0,-0.0,0.0,0.25952259509633235
1785524893718758600,0,-0.0002,-0.0,-0.0,0.0,0.25952259509633235
1785524893739010400,0,-0.0002,-0.0,-0.0,0.0,0.25952259509633235
1785524893758109500,0,-0.0002,-0.0,-0.0,0.0,0.25952259509633235
1785524893778116700,0,-0.0002,-0.0,-0.0,0.0,0.25952259509633235
1785524893798351800,0,-0.0002,-0.0,-0.0,0.0,0.25952259509633235
1785524893818285700,0,-0.0002,-0.0,-0.0,0.0,0.25952259509633235
1785524893838116700,0,-0.0002,-0.0,-0.0,0.0,0.25952259509633235
1785524893858634000,0,-0.0002,-0.0,-0.0,0.0,0.25952259509633235
1785524893878061600,0,-0.0002,-0.0,-0.0,0.0,0.25952259509633235
1785524893898816100,0,-0.0002,-0.0,-0.0,0.0,0.25952259509633235
1785524893918603400,0,-0.0002,-0.0,-0.0,0.0,0.25952259509633235
1785524893938292500,0,-0.0002,-0.0,-0.0,0.0,0.25952259509633235
1785524893958319500,0,-0.0002,-0.0,-0.0,0.0,0.25952259509633235
1785524893978211400,0,-0.0002,-0.0,-0.0,0.0,0.25952259509633235
1785524893998109300,0,-0.0002,-0.0,-0.0,0.0,0.25952259509633235
1785524894018768400,0,-0.0002,-0.0,-0.0,0.0,0.25952259509633235
1785524894038832000,0,-0.0002,-0.0,-0.0,0.0,0.25952259509633235
1785524894057869800,0,-0.0002,-0.0,-0.0,0.0,0.25952259509633235
1785524894078121000,0,-0.0002,-0.0,-0.0,0.0,0.25952259509633235
1785524894098979100,0,-0.0002,-0.0,-0.0,0.0,0.25952259509633235
1785524894117921300,0,-0.0002,-0.0,-0.0,0.0,0.25952259509633235
1785524894138180500,0,-0.0002,-0.0,-0.0,0.0,0.25952259509633235
1785524894158665900,0,-0.0002,-0.0,-0.0,0.0,0.25952259509633235
1785524894178267700,0,-0.0002,-0.0,-0.0,0.0,0.25952259509633235
1785524894198320200,0,-0.0002,-0.0,-0.0,0.0,0.25952259509633235
1785524894218659900,0,-0.0002,-0.0,-0.0,0.0,0.25952259509633235
1785524894238794100,0,-0.0002,-0.0,-0.0,0.0,0.25952259509633235
1785524894258714700,0,-0.0002,-0.0,-0.0,0.0,0.25952259509633235
1785524894278273600,0,-0.0002,-0.0,-0.0,0.0,0.25952259509633235
1785524894298918900,0,-0.0002,-0.0,-0.0,0.0,0.25952259509633235
1785524894318368000,0,-0.0002,-0.0,-0.0,0.0,0.25952259509633235
1785524894338365600,0,-0.0002,-0.0,-0.0,0.0,0.25952259509633235
1785524894358345800,0,-0.0002,-0.0,-0.0,0.0,0.25952259509633235
1785524894378641700,0,-0.0002,-0.0,-0.0,0.0,0.25952259509633235
1785524894397899900,0,-0.0002,-0.0,-0.0,0.0,0.25952259509633235
1785524894418475300,0,-0.0002,-0.0,-0.0,0.0,0.25952259509633235
1785524894438173800,0,-0.0002,-0.0,-0.0,0.0,0.25952259509633235
1785524894458191100,0,-0.0002,-0.0,-0.0,0.0,0.25952259509633235
1785524894478206900,0,-0.0002,-0.0,-0.0,0.0,0.25952259509633235
1785524894498297700,0,-0.0002,-0.0,-0.0,0.0,0.25952259509633235
1785524894518104700,0,-0.0002,-0.0,-0.0,0.0,0.25952259509633235
1785524894538334200,0,-0.0002,-0.0,-0.0,0.0,0.25952259509633235
1785524894558812600,0,-0.0002,-0.0,-0.0,0.0,0.25952259509633235
1785524894578387900,0,-0.0002,-0.0,-0.0,0.0,0.25952259509633235
1785524894598689500,0,-0.0002,-0.0,-0.0,0.0,0.25952259509633235
1785524894618581300,0,-0.0002,-0.0,-0.0,0.0,0.25952259509633235
1785524894638037900,0,-0.0002,-0.0,-0.0,0.0,0.25952259509633235
1785524894658556100,0,-0.0002,-0.0,-0.0,0.0,0.25952259509633235
1785524894678340700,0,-0.0002,-0.0,-0.0,0.0,0.25952259509633235
1785524894697897600,0,-0.0002,-0.0,-0.0,0.0,0.25952259509633235
1785524894718820600,0,-0.0002,-0.0,-0.0,0.0,0.25952259509633235
1785524894738113800,0,-0.0002,-0.0,-0.0,0.0,0.25952259509633235
1785524894758838000,0,-0.0002,-0.0,-0.0,0.0,0.25952259509633235
1785524894778116200,0,-0.0002,-0.0,-0.0,0.0,0.25952259509633235
1785524894799082100,0,-0.0002,-0.0,-0.0,0.0,0.25952259509633235
1785524894817979200,0,-0.0002,-0.0,-0.0,0.0,0.25952259509633235
1785524894838091300,0,-0.0002,-0.0,-0.0,0.0,0.25952259509633235
1785524894858307200,0,-0.0002,-0.0,-0.0,0.0,0.25952259509633235
1785524894878383600,0,-0.0002,-0.0,-0.0,0.0,0.25952259509633235
1785524894898181200,0,-0.0002,-0.0,0.6090000000040163,0.0,0.25952259509633235
1785524894918666100,0,-0.0002,-0.0,1.2060750000091502,0.0,0.25952259509633235
1785524894938090000,0,-0.0002,-0.0,1.806380999951216,0.0,0.25952259509633235
1785524894958425400,0,-0.0002,-0.0,2.4016320000373526,0.0,0.25952259509633235
1785524894978249700,0,-0.0002,-0.0,2.5,0.0,0.25952259509633235
1785524894998123900,0,-0.0002,-0.0,1.9033150000177557,0.0,0.25952259509633235
1785524895018799000,0,-0.0002,-0.0,1.2988659999609808,0.0,0.25952259509633235
1785524895038590500,0,-0.0002,-0.0,0.7043680000424501,0.0,0.25952259509633235
1785524895057995900,0,-0.0002,-0.0,0.10758699998405064,0.0,0.25952259509633235
1785524895078373700,0,-0.0002,-0.0,-0.0,0.0,0.25952259509633235
1785524895099054100,0,-0.0002,-0.0,-0.0,0.0,0.25952259509633235
1785524895118096700,0,-0.0002,-0.0,-0.0,0.0,0.25952259509633235
1785524895138293100,0,-0.0002,-0.0,-0.0,0.0,0.25952259509633235
1785524895158745000,0,-0.0002,-0.0,-0.0,0.0,0.25952259509633235
1785524895178373200,0,-0.0002,-0.0,-0.0,0.0,0.25952259509633235
1785524895197910800,0,-0.0002,-0.0,-0.0,0.0,0.25952259509633235
1785524895218748800,0,-0.0002,-0.0,-0.0,0.0,0.25952259509633235
1785524895238074600,0,-0.0002,-0.0,-0.0,0.0,0.25952259509633235
1785524895257836300,0,-0.0002,-0.0,-0.0,0.0,0.25952259509633235
1785524895278320600,0,-0.0002,-0.0,-0.0,0.0,0.25952259509633235
1785524895298585400,0,-0.0002,-0.0,-0.0,0.0,0.25952259509633235
1785524895317912800,0,-0.0002,-0.0,-0.0,0.0,0.25952259509633235
1785524895338098100,0,-0.0002,-0.0,-0.0,0.0,0.25952259509633235
1785524895358895700,0,-0.0002,-0.0,-0.0,0.0,0.25952259509633235
1785524895378151200,0,-0.0002,-0.0,-0.0,0.0,0.25952259509633235
1785524895398252800,0,-0.0002,-0.0,-0.0,0.0,0.25952259509633235
1785524895418142800,0,-0.0002,-0.0,-0.0,0.0,0.25952259509633235
1785524895438092800,0,-0.0002,-0.0,-0.0,0.0,0.25952259509633235
1785524895458082100,0,-0.0002,-0.0,-0.0,0.0,0.25952259509633235
1785524895478863200,0,-0.0002,-0.0,-0.0,0.0,0.25952259509633235
1785524895498691000,0,-0.0002,-0.0,-0.0,0.0,0.25952259509633235
1785524895518281200,0,-0.0002,-0.0,-0.0,0.0,0.25952259509633235
1785524895538398000,0,-0.0002,-0.0,-0.0,0.0,0.26183035482668154
1785524895558320100,0,-0.0002,-0.0,-0.0,0.0,0.26673778388791036
1785524895578374400,0,-0.0002,-0.0,-0.0,0.0,0.2737272406421896
1785524895598732000,0,-0.0002,-0.0,-0.0,0.0,0.28349358106335565
1785524895618557700,0,-0.0002,-0.0,-0.0,0.0,0.2933285310637235
1785524895638082000,0,-0.0002,-0.0,-0.0,0.0,0.30341838106416397
1785524895658027600,0,-0.0002,-0.0,-0.0,0.0,0.31338993106420965
1785524895678676000,0,-0.0002,-0.0,-0.0,0.0,0.3234317310643906
1785524895698100500,0,-0.0002,-0.0,-0.0,0.0,0.33343223106295916
1785524895718655200,0,-0.0002,-0.0,-0.0,0.0,0.34331323106290945
1785524895738260100,0,-0.0002,-0.0,-0.0,0.0,0.3535110310631513
1785524895758354700,0,-0.0002,-0.0,-0.0,0.0,0.36330603106309134
1785524895778125700,0,-0.0002,-0.0,-0.0,0.0,0.373445281063157
1785524895798368700,0,-0.0002,-0.0,-0.0,0.0,0.3833114310628094
1785524895818526400,0,-0.0002,-0.0,-0.0,0.0,0.39095256775863635
1785524895838033800,0,-0.0002,-0.0,-0.0,0.0,0.39613470712064
1785524895858890300,0,-0.0002,-0.0,-0.0,0.0,0.39891959995746457
1785524895877901200,0,-0.0002,-0.0,-0.0,0.0,0.3992999172525084
1785524895899120900,0,-0.0002,-0.0,-0.0,0.0,0.3992999172525084
1785524895918263300,0,-0.0002,-0.0,-0.0,0.0,0.3992999172525084
1785524895938917900,0,-0.0002,-0.0,-0.0,0.0,0.3992999172525084
1785524895957968200,0,-0.0002,-0.0,-0.0,0.0,0.3992999172525084
1785524895978959800,0,-0.0002,-0.0,-0.0,0.0,0.3992999172525084
1785524895998334900,0,-0.0002,-0.0,-0.0,0.0,0.3992999172525084
1785524896019155100,0,-0.0002,-0.0,-0.0,0.0,0.3992999172525084
1785524896038037800,0,-0.0002,-0.0,-0.0,0.0,0.3992999172525084
1785524896058965200,0,-0.0002,-0.0,-0.0,0.0,0.3992999172525084
1785524896078622500,0,-0.0002,-0.0,-0.0,0.0,0.3992999172525084
1785524896098714000,0,-0.0002,-0.0,-0.0,0.0,0.3992999172525084
1785524896118436100,0,-0.0002,-0.0,-0.0,0.0,0.3992999172525084
1785524896138566300,0,-0.0002,-0.0,-0.0,0.0,0.3992999172525084
1785524896157975100,0,-0.0002,-0.0,-0.0,0.0,0.3992999172525084
1785524896178872900,0,-0.0002,-0.0,-0.0,0.0,0.3992999172525084
1785524896198259100,0,-0.0002,-0.0,-0.0,0.0,0.3992999172525084
1785524896218563200,0,-0.0002,-0.0,-0.0,0.0,0.3992999172525084
1785524896238074900,0,-0.0002,-0.0,-0.0,0.0,0.3992999172525084
1785524896258614100,0,-0.0002,-0.0,-0.0,0.0,0.3992999172525084
1785524896277937700,0,-0.0002,-0.0,-0.0,0.0,0.3992999172525084
1785524896299071000,0,-0.0002,-0.0,-0.0,0.0,0.3992999172525084
1785524896318248600,0,-0.0002,-0.0,-0.0,0.0,0.3992999172525084
1785524896338759800,0,-0.0002,-0.0,-0.0,0.0,0.3992999172525084
1785524896358276600,0,-0.0002,-0.0,-0.0,0.0,0.3992999172525084
1785524896377926200,0,-0.0002,-0.0,-0.0,0.0,0.3992999172525084
1785524896398356700,0,-0.0002,-0.0,-0.0,0.0,0.3992999172525084
1785524896418977500,0,-0.0002,-0.0,-0.0,0.0,0.3992999172525084
1785524896438385000,0,-0.0002,-0.0,-0.0,0.0,0.3992999172525084
1785524896458076800,0,-0.0002,-0.0,-0.0,0.0,0.3992999172525084
1785524896479096000,0,-0.0002,-0.0,-0.0,0.0,0.3992999172525084
1785524896498287300,0,-0.0002,-0.0,-0.0,0.0,0.3992999172525084
1785524896518600900,0,-0.0002,-0.0,-0.0,0.0,0.3992999172525084
1785524896538290400,0,-0.0002,-0.0,-0.0,0.0,0.3992999172525084
1785524896559012900,0,-0.0002,-0.0,-0.0,0.0,0.3992999172525084
1785524896578172500,0,-0.0002,-0.0,-0.0,0.0,0.3992999172525084
1785524896598391600,0,-0.0002,-0.0,-0.0,0.0,0.3992999172525084
1785524896617866000,0,-0.0002,-0.0,-0.0,0.0,0.3992999172525084
1785524896638979100,0,-0.0002,-0.0,-0.0,0.0,0.3992999172525084
1785524896658610000,0,-0.0002,-0.0,-0.0,0.0,0.3992999172525084
1785524896678852400,0,-0.0002,-0.0,-0.0,0.0,0.3992999172525084
1785524896698135300,0,-0.0002,-0.0,-0.0,0.0,0.3992999172525084
1785524896718970300,0,-0.0002,-0.0,-0.0,0.0,0.3992999172525084
1785524896738367800,0,-0.0002,-0.0,-0.0,0.0,0.3992999172525084
1785524896758798600,0,-0.0002,-0.0,-0.0,0.0,0.3992999172525084
1785524896778665400,0,-0.0002,-0.0,-0.0,0.0,0.3992999172525084
1785524896798053800,0,-0.0002,-0.0,-0.0,0.0,0.3992999172525084
1785524896818629200,0,-0.0002,-0.0,-0.0,0.0,0.3992999172525084
1785524896838788700,0,-0.0002,-0.0,-0.0,0.0,0.3992999172525084
1785524896858193200,0,-0.0002,-0.0,-0.0,0.0,0.3992999172525084
1785524896879086600,0,-0.0002,-0.0,-0.0,0.0,0.3992999172525084
1785524896898126000,0,-0.0002,-0.0,-0.0,0.0,0.3992999172525084
1785524896918202800,0,-0.0002,-0.0,-0.0,0.0,0.3992999172525084
1785524896938585800,0,-0.0002,-0.0,-0.0,0.0,0.3992999172525084
1785524896958157500,0,-0.0002,-0.0,-0.0,0.0,0.3992999172525084
1785524896978519000,0,-0.0002,-0.0,-0.0,0.0,0.3992999172525084
1785524896998104500,0,-0.0002,-0.0,-0.0,0.0,0.3992999172525084
1785524897018729300,0,-0.0002,-0.0,-0.0,0.0,0.3992999172525084
1785524897038488800,0,-0.0002,-0.0,-0.0,0.0,0.3992999172525084
1785524897058530800,0,-0.0002,-0.0,-0.0,0.0,0.3992999172525084
1785524897077920600,0,-0.0002,-0.0,-0.0,0.0,0.3992999172525084
1785524897098872100,0,-0.0002,-0.0,-0.0,0.0,0.3992999172525084
1785524897118262500,0,-0.0002,-0.0,-0.0,0.0,0.3992999172525084
1785524897138845500,0,-0.0002,-0.0,-0.0,0.0,0.3992999172525084
1785524897158334300,0,-0.0002,-0.0,-0.0,0.0,0.3992999172525084
1785524897178438100,0,-0.0002,-0.0,-0.0,0.0,0.3992999172525084
1785524897198725300,0,-0.0002,-0.0,-0.0,0.0,0.3992999172525084
1785524897218338700,0,-0.0002,-0.0,-0.0,0.0,0.3992999172525084
1785524897238607100,0,-0.0002,-0.0,-0.0,0.0,0.3992999172525084
1785524897258265100,0,-0.0002,-0.0,-0.0,0.0,0.3992999172525084
1785524897278408600,0,-0.0002,-0.0,-0.0,0.0,0.3992999172525084
1785524897298123200,0,-0.0002,-0.0,-0.0,0.0,0.3992999172525084
1785524897318933700,0,-0.0002,-0.0,-0.0,0.0,0.3992999172525084
1785524897338859200,0,-0.0002,-0.0,-0.0,0.0,0.3992999172525084
1785524897358270100,0,-0.0002,-0.0,-0.0,0.0,0.3992999172525084
1785524897378484400,0,-0.0002,-0.0,-0.0,0.0,0.3992999172525084
1785524897398782900,0,-0.0002,-0.0,-0.0,0.0,0.3992999172525084
1785524897418444000,0,-0.0002,-0.0,-0.0,0.0,0.3992999172525084
1785524897438037200,0,-0.0002,-0.0,-0.0,0.0,0.3992999172525084
1785524897458817200,0,-0.0002,-0.0,-0.0,0.0,0.3992999172525084
1785524897477968200,0,-0.0002,-0.0,-0.0,0.0,0.3992999172525084
1785524897498808400,0,-0.0002,-0.0,-0.0,0.0,0.3992999172525084
1785524897518251900,0,-0.0002,-0.0,-0.0,0.0,0.3992999172525084
1785524897538600100,0,-0.0002,-0.0,-0.0,0.0,0.3992999172525084
1785524897558168600,0,-0.0002,-0.0,-0.0,0.0,0.3992999172525084
1785524897578368700,0,-0.0002,-0.0,-0.0,0.0,0.3992999172525084
1785524897597969200,0,-0.0002,-0.0,-0.0,0.0,0.3992999172525084
1785524897618595200,0,-0.0002,-0.0,-0.0,0.0,0.3992999172525084
1785524897637978500,0,-0.0002,-0.0,-0.0,0.0,0.3992999172525084
1785524897658165000,0,-0.0002,-0.0,-0.0,0.0,0.3992999172525084
1785524897678442000,0,-0.0002,-0.0,-0.0,0.0,0.3992999172525084
1785524897698219900,0,-0.0002,-0.0,-0.0,0.0,0.3992999172525084
1785524897719028700,0,-0.0002,-0.0,-0.0,0.0,0.3992999172525084
1785524897738277200,0,-0.0002,-0.0,-0.0,0.0,0.3992999172525084
1785524897758877400,0,-0.0002,-0.0,-0.0,0.0,0.3992999172525084
1785524897778144300,0,-0.0002,-0.0,-0.0,0.0,0.3992999172525084
1785524897798645000,0,-0.0002,-0.0,-0.0,0.0,0.3992999172525084
1785524897818593000,0,-0.0002,-0.0,-0.0,0.0,0.3992999172525084
1785524897838213800,0,-0.0002,-0.0,-0.0,0.0,0.3992999172525084
1785524897858402600,0,-0.0002,-0.0,-0.0,0.0,0.3992999172525084
1785524897879154500,0,-0.0002,-0.0,-0.0,0.0,0.3992999172525084
1785524897898328100,0,-0.0002,-0.0,-0.0,0.0,0.3992999172525084
1785524897918670800,0,-0.0002,-0.0,-0.0,0.0,0.3992999172525084
1785524897937984300,0,-0.0002,-0.0,-0.0,0.0,0.3992999172525084
1785524897958249900,0,-0.0002,-0.0,-0.0,0.0,0.3992999172525084
1785524897978696500,0,-0.0002,-0.0,-0.0,0.0,0.3992999172525084
1785524897998530300,0,-0.0002,-0.0,-0.0,0.0,0.3992999172525084
1785524898018244400,0,-0.0002,-0.0,-0.0,0.0,0.3992999172525084
1785524898038912000,0,-0.0002,-0.0,-0.0,0.0,0.3992999172525084
1785524898058471300,0,-0.0002,-0.0,-0.0,0.0,0.3992999172525084
1785524898078158800,0,-0.0002,-0.0,-0.0,0.0,0.3992999172525084
1785524898098593500,0,-0.0002,-0.0,-0.0,0.0,0.3992999172525084
1785524898118335900,0,-0.0002,-0.0,-0.0,0.0,0.3992999172525084
1785524898138028400,0,-0.0002,-0.0,-0.0,0.0,0.3992999172525084
1785524898158633000,0,-0.0002,-0.0,-0.0,0.0,0.3992999172525084
1785524898178315100,0,-0.0002,-0.0,-0.0,0.0,0.3992999172525084
1785524898198687700,0,-0.0002,-0.0,-0.0,0.0,0.3992999172525084
1785524898218807900,0,-0.0002,-0.0,-0.0,0.0,0.3992999172525084
1785524898238280900,0,-0.0002,-0.0,-0.0,0.0,0.3992999172525084
1785524898258685200,0,-0.0002,-0.0,-0.0,0.0,0.3992999172525084
1785524898278170800,0,-0.0002,-0.0,-0.0,0.0,0.3992999172525084
1785524898298892000,0,-0.0002,-0.0,-0.0,0.0,0.3992999172525084
1785524898318138300,0,-0.0002,-0.0,-0.0,0.0,0.3992999172525084
1785524898338801300,0,-0.0002,-0.0,-0.0,0.0,0.3992999172525084
1785524898357998900,0,-0.0002,-0.0,-0.0,0.0,0.3992999172525084
1785524898378259300,0,-0.0002,-0.0,-0.0,0.0,0.3992999172525084
1785524898397876800,0,-0.0002,-0.0,-0.0,0.0,0.3992999172525084
1785524898418285300,0,-0.0002,-0.0,-0.0,0.0,0.3992999172525084
1785524898438977900,0,-0.0002,-0.0,-0.0,0.0,0.3992999172525084
1785524898458342700,0,-0.0002,-0.0,-0.0,0.0,0.3992999172525084
1785524898478394000,0,-0.0002,-0.0,-0.0,0.0,0.3992999172525084
1785524898497878400,0,-0.0002,-0.0,-0.0,0.0,0.3992999172525084
1785524898518487100,0,-0.0002,-0.0,-0.0,0.0,0.3992999172525084
1785524898538821800,0,-0.0002,-0.0,-0.0,0.0,0.3992999172525084
1785524898558197700,0,-0.0002,-0.0,-0.0,0.0,0.3992999172525084
1785524898578684300,0,-0.0002,-0.0,-0.0,0.0,0.3992999172525084
1785524898598818500,0,-0.0002,-0.0,-0.0,0.0,0.3992999172525084
1785524898618692400,0,-0.0002,-0.0,-0.0,0.0,0.3992999172525084
1785524898638827300,0,-0.0002,-0.0,-0.0,0.0,0.3992999172525084
1785524898658313400,0,-0.0002,-0.0,-0.0,0.0,0.3992999172525084
1785524898678344000,0,-0.0002,-0.0,-0.0,0.0,0.3992999172525084
1785524898698574700,0,-0.0002,-0.0,-0.0,0.0,0.3992999172525084
1785524898718823500,0,-0.0002,-0.0,-0.0,0.0,0.3992999172525084
1785524898738316200,0,-0.0002,-0.0,-0.0,0.0,0.3992999172525084
1785524898758279600,0,-0.0002,-0.0,-0.0,0.0,0.3992999172525084
1785524898778619300,0,-0.0002,-0.0,-0.0,0.0,0.3992999172525084
1785524898798168900,0,-0.0002,-0.0,-0.0,0.0,0.3992999172525084
1785524898818858100,0,-0.0002,-0.0,-0.0,0.0,0.3992999172525084
1785524898838545500,0,-0.0002,-0.0,-0.0,0.0,0.3992999172525084
1785524898857886200,0,-0.0002,-0.0,-0.0,0.0,0.3992999172525084
1785524898878617900,0,-0.0002,-0.0,-0.0,0.0,0.3992999172525084
1785524898898362400,0,-0.0002,-0.0,-0.0,0.0,0.3992999172525084
1785524898918646600,0,-0.0002,-0.0,-0.0,0.0,0.3992999172525084
1785524898938279600,0,-0.0002,-0.0,-0.0,0.0,0.3992999172525084
1785524898958125900,0,-0.0002,-0.0,-0.0,0.0,0.3992999172525084
1785524898977976200,0,-0.0002,-0.0,-0.0,0.0,0.3992999172525084
1785524898998730100,0,-0.0002,-0.0,-0.0,0.0,0.3992999172525084
1785524899018487000,0,-0.0002,-0.0,-0.0,0.0,0.3992999172525084
1785524899038120100,0,-0.0002,-0.0,-0.0,0.0,0.3992999172525084
1785524899058697400,0,-0.0002,-0.0,-0.0,0.0,0.3992999172525084
1785524899078680700,0,-0.0002,-0.0,-0.0,0.0,0.3992999172525084
1785524899098103900,0,-0.0002,-0.0,-0.0,0.0,0.3992999172525084
1785524899118095500,0,-0.0002,-0.0,-0.0,0.0,0.3992999172525084
1785524899138574200,0,-0.0002,-0.0,-0.0,0.0,0.3992999172525084
1785524899158070100,0,-0.0002,-0.0,-0.0,0.0,0.3992999172525084
1785524899178333600,0,-0.0002,-0.0,-0.0,0.0,0.3992999172525084
1785524899198151400,0,-0.0002,-0.0,-0.0,0.0,0.3992999172525084
1785524899218571600,0,-0.0002,-0.0,-0.0,0.0,0.3992999172525084
1785524899237950800,0,-0.0002,-0.0,-0.0,0.0,0.3992999172525084
1785524899258661100,0,-0.0002,-0.0,-0.0,0.0,0.3992999172525084
1785524899278752300,0,-0.0002,-0.0,-0.0,0.0,0.3992999172525084
1785524899298628900,0,-0.0002,-0.0,-0.0,0.0,0.3992999172525084
1785524899318070400,0,-0.0002,-0.0,-0.0,0.0,0.3992999172525084
1785524899338315300,0,-0.0002,-0.0,-0.0,0.0,0.3992999172525084
1785524899358509300,0,-0.0002,-0.0,-0.0,0.0,0.3992999172525084
1785524899378288900,0,-0.0002,-0.0,-0.0,0.0,0.3992999172525084
1785524899398386500,0,-0.0002,-0.0,-0.0,0.0,0.3992999172525084
1785524899418607500,0,-0.0002,-0.0,-0.0,0.0,0.3992999172525084
1785524899437876200,0,-0.0002,-0.0,-0.0,0.0,0.3992999172525084
1785524899458276400,0,-0.0002,-0.0,-0.0,0.0,0.3992999172525084
1785524899478296000,0,-0.0002,-0.0,-0.0,0.0,0.3992999172525084
1785524899498594300,0,-0.0002,-0.0,-0.0,0.0,0.3992999172525084
1785524899517853400,0,-0.0002,-0.0,-0.0,0.0,0.3992999172525084
1785524899538556900,0,-0.0002,-0.0,-0.0,0.0,0.3992999172525084
1785524899558333400,0,-0.0002,-0.0,-0.0,0.0,0.3992999172525084
1785524899578461200,0,-0.0002,-0.0,-0.0,0.0,0.3992999172525084
1785524899598913600,0,-0.0002,-0.0,-0.0,0.0,0.3992999172525084
1785524899618477800,0,-0.0002,-0.0,-0.0,0.0,0.3992999172525084
1785524899638483900,0,-0.0002,-0.0,-0.0,0.0,0.3992999172525084
1785524899657994900,0,-0.0002,-0.0,-0.0,0.0,0.3992999172525084
1785524899678304700,0,-0.0002,-0.0,-0.0,0.0,0.3992999172525084
1785524899698820200,0,-0.0002,-0.0,-0.0,0.0,0.3992999172525084
1785524899718085600,0,-0.0002,-0.0,-0.0,0.0,0.3992999172525084
1785524899738015500,0,-0.0002,-0.0,-0.0,0.0,0.3992999172525084
1785524899758734100,0,-0.0002,-0.0,-0.0,0.0,0.3992999172525084
1785524899778336000,0,-0.0002,-0.0,-0.0,0.0,0.3992999172525084
1785524899798723800,0,-0.0002,-0.0,-0.0,0.0,0.3992999172525084
1785524899818235700,0,-0.0002,-0.0,-0.0,0.0,0.3992999172525084
1785524899837947300,0,-0.0002,-0.0,-0.0,0.0,0.3992999172525084
1785524899858563100,0,-0.0002,-0.0,-0.0,0.0,0.3992999172525084
1785524899879103200,0,-0.0002,-0.0,-0.0,0.0,0.3992999172525084
1785524899898191500,0,-0.0002,-0.0,-0.0,0.0,0.3992999172525084
1785524899918178700,0,-0.0002,-0.0,-0.0,0.0,0.3992999172525084
1785524899938965000,0,-0.0002,-0.0,-0.0,0.0,0.3992999172525084
1785524899958234800,0,-0.0002,-0.0,-0.0,0.0,0.3992999172525084
1785524899978614100,0,-0.0002,-0.0,-0.0,0.0,0.3992999172525084
1785524899998332800,0,-0.0002,-0.0,-0.0,0.0,0.3992999172525084
1785524900018595200,0,-0.0002,-0.0,-0.0,0.0,0.3992999172525084
1785524900037942400,0,-0.0002,-0.0,-0.0,0.0,0.3992999172525084
1785524900058449800,0,-0.0002,-0.0,-0.0,0.0,0.3992999172525084
1785524900078857500,0,-0.0002,-0.0,-0.0,0.0,0.3992999172525084
1785524900098261100,0,-0.0002,-0.0,-0.0,0.0,0.3992999172525084
1785524900118898600,0,-0.0002,-0.0,-0.0,0.0,0.3992999172525084
1785524900137848700,0,-0.0002,-0.0,-0.0,0.0,0.3992999172525084
1785524900158084700,0,-0.0002,-0.0,-0.0,0.0,0.3992999172525084
1785524900178049800,0,-0.0002,-0.0,-0.0,0.0,0.3992999172525084
1785524900198826700,0,-0.0002,-0.0,-0.0,0.0,0.3992999172525084
1785524900218234400,0,-0.0002,-0.0,-0.0,0.0,0.3992999172525084
1785524900238904900,0,-0.0002,-0.0,-0.0,0.0,0.3992999172525084
1785524900258230200,0,-0.0002,-0.0,-0.0,0.0,0.3992999172525084
1785524900278676500,0,-0.0002,-0.0,-0.0,0.0,0.3992999172525084
1785524900298152900,0,-0.0002,-0.0,-0.0,0.0,0.3992999172525084
1785524900318504000,0,-0.0002,-0.0,-0.0,0.0,0.3992999172525084
1785524900338671300,0,-0.0002,-0.0,-0.0,0.0,0.3992999172525084
1785524900358750100,0,-0.0002,-0.0,-0.0,0.0,0.3992999172525084
1785524900378105600,0,-0.0002,-0.0,-0.0,0.0,0.3992999172525084
1785524900398639500,0,-0.0002,-0.0,-0.0,0.0,0.3992999172525084
1785524900418259700,0,-0.0002,-0.0,-0.0,0.0,0.3992999172525084
1785524900438049700,0,-0.0002,-0.0,-0.0,0.0,0.3992999172525084
1785524900458253700,0,-0.0002,-0.0,-0.0,0.0,0.3992999172525084
1785524900477927400,0,-0.0002,-0.0,-0.0,0.0,0.3992999172525084
1785524900498298500,0,-0.0002,-0.0,-0.0,0.0,0.3992999172525084
1785524900518904400,0,-0.0002,-0.0,-0.0,0.0,0.3992999172525084
1785524900538013800,0,-0.0002,-0.0,-0.0,0.0,0.3992999172525084
1785524900558535300,0,-0.0002,-0.0,-0.0,0.0,0.3992999172525084
1785524900577948200,0,-0.0002,-0.0,-0.0,0.0,0.3992999172525084
1785524900598678200,0,-0.0002,-0.0,-0.0,0.0,0.3992999172525084
1785524900617925900,0,-0.0002,-0.0,-0.0,0.0,0.3992999172525084
1785524900638067900,0,-0.0002,-0.0,-0.0,0.0,0.3992999172525084
1785524900658101200,0,-0.0002,-0.0,-0.0,0.0,0.3992999172525084
1785524900677947700,0,-0.0002,-0.0,-0.0,0.0,0.3992999172525084
1785524900698121200,0,-0.0002,-0.0,-0.0,0.0,0.3992999172525084
1785524900717925400,0,-0.0002,-0.0,-0.0,0.0,0.3992999172525084
1785524900738141200,0,-0.0002,-0.0,-0.0,0.0,0.3992999172525084
1785524900758879700,0,-0.0002,-0.0,-0.0,0.0,0.3992999172525084
1785524900779006600,0,-0.0002,-0.0,-0.0,0.0,0.3992999172525084
1785524900797883700,0,-0.0002,-0.0,-0.0,0.0,0.3992999172525084
1785524900818316600,0,-0.0002,-0.0,-0.0,0.0,0.3992999172525084
1785524900838575900,0,-0.0002,-0.0,-0.0,0.0,0.3992999172525084
1785524900858265600,0,-0.0002,-0.0,-0.0,0.0,0.3992999172525084
1785524900878682600,0,-0.0002,-0.0,-0.0,0.0,0.3992999172525084
1785524900898765800,0,-0.0002,-0.0,-0.0,0.0,0.3992999172525084
1785524900918669500,0,-0.0002,-0.0,-0.0,0.0,0.3992999172525084
1785524900938544700,0,-0.0002,-0.0,-0.0,0.0,0.3992999172525084
1785524900958333700,0,-0.0002,-0.0,-0.0,0.0,0.3992999172525084
1785524900978752800,0,-0.0002,-0.0,-0.0,0.0,0.3992999172525084
1785524900998321000,0,-0.0002,-0.0,-0.0,0.0,0.3992999172525084
1785524901018303100,0,-0.0002,-0.0,-0.0,0.0,0.3992999172525084
1785524901038488200,0,-0.0002,-0.0,-0.0,0.0,0.3992999172525084
1785524901057929200,0,-0.0002,-0.0,-0.0,0.0,0.3992999172525084
1785524901078009000,0,-0.0002,-0.0,-0.0,0.0,0.3992999172525084
1785524901097976500,0,-0.0002,-0.0,-0.0,0.0,0.3992999172525084
1785524901118202000,0,-0.0002,-0.0,-0.0,0.0,0.3992999172525084
1785524901137923500,0,-0.0002,-0.0,-0.0,0.0,0.3992999172525084
1785524901158751800,0,-0.0002,-0.0,-0.0,0.0,0.3992999172525084
1785524901178261900,0,-0.0002,-0.0,-0.0,0.0,0.3992999172525084
1785524901198070300,0,-0.0002,-0.0,-0.0,0.0,0.3992999172525084
1785524901218785000,0,-0.0002,-0.0,-0.0,0.0,0.3992999172525084
1785524901238724500,0,-0.0002,-0.0,-0.0,0.0,0.3992999172525084
1785524901258797800,0,-0.0002,-0.0,-0.0,0.0,0.3992999172525084
1785524901279109500,0,-0.0002,-0.0,-0.0,0.0,0.3992999172525084
1785524901298495400,0,-0.0002,-0.0,-0.0,0.0,0.3992999172525084
1785524901318744200,0,-0.0002,-0.0,-0.0,0.0,0.3992999172525084
1785524901338657200,0,-0.0002,-0.0,-0.0,0.0,0.3992999172525084
1785524901358463800,0,-0.0002,-0.0,-0.0,0.0,0.3992999172525084
1785524901378140400,0,-0.0002,-0.0,-0.0,0.0,0.3992999172525084
1785524901398710200,0,-0.0002,-0.0,-0.0,0.0,0.3992999172525084
1785524901418272700,0,-0.0002,-0.0,-0.0,0.0,0.3992999172525084
1785524901438809300,0,-0.0002,-0.0,-0.0,0.0,0.3992999172525084
1785524901458823100,0,-0.0002,-0.0,-0.0,0.0,0.3992999172525084
1785524901477890000,0,-0.0002,-0.0,-0.0,0.0,0.3992999172525084
1785524901498431300,0,-0.0002,-0.0,-0.0,0.0,0.3992999172525084
1785524901517945500,0,-0.0002,-0.0,-0.0,0.0,0.3992999172525084
1785524901538701400,0,-0.0002,-0.0,-0.0,0.0,0.3992999172525084
1785524901558163600,0,-0.0002,-0.0,-0.0,0.0,0.3992999172525084
1785524901578816200,0,-0.0002,-0.0,-0.0,0.0,0.3992999172525084
1785524901597915700,0,-0.0002,-0.0,-0.0,0.0,0.3992999172525084
1785524901618240200,0,-0.0002,-0.0,-0.0,0.0,0.3992999172525084
1785524901638591700,0,-0.0002,-0.0,-0.0,0.0,0.3992999172525084
1785524901658068800,0,-0.0002,-0.0,-0.0,0.0,0.3992999172525084
1785524901678262700,0,-0.0002,-0.0,-0.0,0.0,0.3992999172525084
1785524901698438200,0,-0.0002,-0.0,-0.0,0.0,0.3992999172525084
1785524901718026200,0,-0.0002,-0.0,-0.0,0.0,0.3992999172525084
1785524901738055700,0,-0.0002,-0.0,-0.0,0.0,0.3992999172525084
1785524901758481200,0,-0.0002,-0.0,-0.0,0.0,0.3992999172525084
1785524901778002500,0,-0.0002,-0.0,-0.0,0.0,0.3992999172525084
1785524901798159900,0,-0.0002,-0.0,-0.0,0.0,0.3992999172525084
1785524901818677600,0,-0.0002,-0.0,-0.0,0.0,0.3992999172525084
1785524901838299600,0,-0.0002,-0.0,-0.0,0.0,0.3992999172525084
1785524901858328500,0,-0.0002,-0.0,-0.0,0.0,0.3992999172525084
1785524901878613400,0,-0.0002,-0.0,-0.0,0.0,0.3992999172525084
1785524901898173400,0,-0.0002,-0.0,-0.0,0.0,0.3992999172525084
1785524901918539300,0,-0.0002,-0.0,-0.0,0.0,0.3992999172525084
1785524901938664100,0,-0.0002,-0.0,-0.0,0.0,0.3992999172525084
1785524901958674900,0,-0.0002,-0.0,-0.0,0.0,0.3992999172525084
1785524901978388100,0,-0.0002,-0.0,-0.0,0.0,0.3992999172525084
1785524901998903300,0,-0.0002,-0.0,-0.0,0.0,0.3992999172525084
1785524902018332400,0,-0.0002,-0.0,-0.0,0.0,0.3992999172525084
1785524902038747500,0,-0.0002,-0.0,-0.0,0.0,0.3992999172525084
1785524902058312000,0,-0.0002,-0.0,-0.0,0.0,0.3992999172525084
1785524902079010500,0,-0.0002,-0.0,-0.0,0.0,0.3992999172525084
1785524902098031400,0,-0.0002,-0.0,-0.0,0.0,0.3992999172525084
1785524902118488400,0,-0.0002,-0.0,-0.0,0.0,0.3992999172525084
1785524902138615100,0,-0.0002,-0.0,-0.0,0.0,0.3992999172525084
1785524902158809100,0,-0.0002,-0.0,-0.0,0.0,0.3992999172525084
1785524902177877300,0,-0.0002,-0.0,-0.0,0.0,0.3992999172525084
1785524902198109600,0,-0.0002,-0.0,-0.0,0.0,0.3992999172525084
1785524902218801900,0,-0.0002,-0.0,-0.0,0.0,0.3992999172525084
1785524902237945000,0,-0.0002,-0.0,-0.0,0.0,0.3992999172525084
1785524902257967400,0,-0.0002,-0.0,-0.0,0.0,0.3992999172525084
1785524902278468100,0,-0.0002,-0.0,-0.0,0.0,0.3992999172525084
1785524902298008600,0,-0.0002,-0.0,-0.0,0.0,0.3992999172525084
1785524902318871900,0,-0.0002,-0.0,-0.0,0.0,0.3992999172525084
1785524902338713100,0,-0.0002,-0.0,-0.0,0.0,0.3992999172525084
1785524902357989400,0,-0.0002,-0.0,-0.0,0.0,0.3992999172525084
1785524902378075400,0,-0.0002,-0.0,-0.0,0.0,0.3992999172525084
1785524902398220800,0,-0.0002,-0.0,-0.0,0.0,0.3992999172525084
1785524902418659500,0,-0.0002,-0.0,-0.0,0.0,0.3992999172525084
1785524902438243100,0,-0.0002,-0.0,-0.0,0.0,0.3992999172525084
1785524902458608900,0,-0.0002,-0.0,-0.0,0.0,0.3992999172525084
1785524902478694400,0,-0.0002,-0.0,-0.0,0.0,0.3992999172525084
1785524902498320000,0,-0.0002,-0.0,-0.0,0.0,0.3992999172525084
1785524902518173100,0,-0.0002,-0.0,-0.0,0.0,0.3992999172525084
1785524902538968700,0,-0.0002,-0.0,-0.0,0.0,0.3992999172525084
1785524902557817200,0,-0.0002,-0.0,-0.0,0.0,0.3992999172525084
1785524902577869400,0,-0.0002,-0.0,-0.0,0.0,0.3992999172525084
1785524902598907400,0,-0.0002,-0.0,-0.0,0.0,0.401697086087444
1785524902618698400,0,-0.0002,-0.0,-0.0,0.0,0.40659652105216065
1785524902638677900,0,-0.0002,-0.0,-0.0,0.0,0.41382240952218924
1785524902658136100,0,-0.0002,-0.0,-0.0,0.0,0.4234300160995245
1785524902678351400,0,-0.0002,-0.0,-0.0,0.0,0.4332834660988793
1785524902697983900,0,-0.0002,-0.0,-0.0,0.0,0.4433560160985563
1785524902718798600,0,-0.0002,-0.0,-0.0,0.0,0.4535184160984555
1785524902737991900,0,-0.0002,-0.0,-0.0,0.0,0.46338761609950424
1785524902758462800,0,-0.0002,-0.0,-0.0,0.0,0.4733410660999708
1785524902778499100,0,-0.0002,-0.0,-0.0,0.0,0.4833154160995092
1785524902798820800,0,-0.0002,-0.0,-0.0,0.0,0.4935223160999213
1785524902818736300,0,-0.0002,-0.0,-0.0,0.0,0.5009897786081088
1785524902838161500,0,-0.0002,-0.0,-0.0,0.0,0.5063007077467281
1785524902858606300,0,-0.0002,-0.0,-0.0,0.0,0.5091168463688902
1785524902878628900,0,-0.0002,-0.0,-0.0,0.0,0.5095623599377732
1785524902898702500,0,-0.0002,-0.0,-0.0,0.0,0.5095623599377732
1785524902918148600,0,-0.0002,-0.0,-0.0,0.0,0.5095623599377732
1785524902938756100,0,-0.0002,-0.0,-0.0,0.0,0.5095623599377732
1785524902958093300,0,-0.0002,-0.0,-0.0,0.0,0.5095623599377732
1785524902978946100,0,-0.0002,-0.0,-0.0,0.0,0.5095623599377732
1785524902998720500,0,-0.0002,-0.0,-0.0,0.0,0.5095623599377732
1785524903017854600,0,-0.0002,-0.0,-0.0,0.0,0.5095623599377732
1785524903038907200,0,-0.0002,-0.0,-0.0,0.0,0.5095623599377732
1785524903058175600,0,-0.0002,-0.0,-0.0,0.0,0.5095623599377732
1785524903078734800,0,-0.0002,-0.0,-0.0,0.0,0.5095623599377732
1785524903098880600,0,-0.0002,-0.0,-0.0,0.0,0.5095623599377732
1785524903118803100,0,-0.0002,-0.0,-0.0,0.0,0.5095623599377732
1785524903138668000,0,-0.0002,-0.0,-0.0,0.0,0.5095623599377732
1785524903157969900,0,-0.0002,-0.0,-0.0,0.0,0.5095623599377732
1785524903178946800,0,-0.0002,-0.0,-0.0,0.0,0.5095623599377732
1785524903197978100,0,-0.0002,-0.0,-0.0,0.0,0.5095623599377732
1785524903217901600,0,-0.0002,-0.0,-0.0,0.0,0.5119483404709914
1785524903239136800,0,-0.0002,-0.0,-0.0,0.0,0.5168832612992773
1785524903258301100,0,-0.0002,-0.0,-0.0,0.0,0.5241151973659722
1785524903278909600,0,-0.0002,-0.0,-0.0,0.0,0.5337602564260076
1785524903297906900,0,-0.0002,-0.0,-0.0,0.0,0.5435714064252304
1785524903318244200,0,-0.0002,-0.0,-0.0,0.0,0.5537305564258483
1785524903338411800,0,-0.0002,-0.0,-0.0,0.0,0.5635650064260469
1785524903358042500,0,-0.0002,-0.0,-0.0,0.0,0.5711992477232228
1785524903378239800,0,-0.0002,-0.0,-0.0,0.0,0.576410313016526
1785524903398334700,0,-0.0002,-0.0,-0.0,0.0,0.5791630387978114
1785524903418582600,0,-0.0002,-0.0,-0.0,0.0,0.5795651856513103
1785524903438437600,0,-0.0002,-0.0,-0.0,0.0,0.5823728308425697
1785524903458768600,0,-0.0002,-0.0,-0.0,0.0,0.5877045054924649
1785524903478182200,0,-0.0002,-0.0,-0.0,0.0,0.59530678722767
1785524903498647200,0,-0.0002,-0.0,-0.0,0.0,0.60517283722838
1785524903519054000,0,-0.0002,-0.0,-0.0,0.0,0.6153585872278167
1785524903538669700,0,-0.0002,-0.0,-0.0,0.0,0.6251757372290707
1785524903558600700,0,-0.0002,-0.0,-0.0,0.0,0.6328204086907939
1785524903578211200,0,-0.0002,-0.0,-0.0,0.0,0.6380155415225452
1785524903598527800,0,-0.0002,-0.0,-0.0,0.0,0.6407775106426898
1785524903618245200,0,-0.0002,-0.0,-0.0,0.0,0.6411428388910774
1785524903638894600,0,-0.0002,-0.0,-0.0,0.0,0.6411428388910774
1785524903658814300,0,-0.0002,-0.0,-0.0,0.0,0.6411428388910774
1785524903678207900,0,-0.0002,-0.0,-0.0,0.0,0.6411428388910774
1785524903698049100,0,-0.0002,-0.0,-0.0,0.0,0.6411428388910774
1785524903718261800,0,-0.0002,-0.0,-0.0,0.0,0.6411428388910774
1785524903738510400,0,-0.0002,-0.0,-0.0,0.0,0.6411428388910774
1785524903758089800,0,-0.0002,-0.0,-0.0,0.0,0.6411428388910774
1785524903778746000,0,-0.0002,-0.0,-0.0,0.0,0.6411428388910774
1785524903798045400,0,-0.0002,-0.0,-0.0,0.0,0.6411428388910774
1785524903818933100,0,-0.0002,-0.0,-0.0,0.0,0.6411428388910774
1785524903838597900,0,-0.0002,-0.0,-0.0,0.0,0.6411428388910774
1785524903858545900,0,-0.0002,-0.0,-0.0,0.0,0.6411428388910774
1785524903877946400,0,-0.0002,-0.0,-0.0,0.0,0.6411428388910774
1785524903898204600,0,-0.0002,-0.0,-0.0,0.0,0.6411428388910774
1785524903918585100,0,-0.0002,-0.0,-0.0,0.0,0.6411428388910774
1785524903938733600,0,-0.0002,-0.0,-0.0,0.0,0.6411428388910774
1785524903957857400,0,-0.0002,-0.0,-0.0,0.0,0.6411428388910774
1785524903978491300,0,-0.0002,-0.0,-0.0,0.0,0.6411428388910774
1785524903998028100,0,-0.0002,-0.0,-0.0,0.0,0.6411428388910774
1785524904018471100,0,-0.0002,-0.0,-0.0,0.0,0.6411428388910774
1785524904038088400,0,-0.0002,-0.0,-0.0,0.0,0.6411428388910774
1785524904058356200,0,-0.0002,-0.0,-0.0,0.0,0.6411428388910774
1785524904078196600,0,-0.0002,-0.0,-0.0,0.0,0.6411428388910774
1785524904098859100,0,-0.0002,-0.0,-0.0,0.0,0.6411428388910774
1785524904118838600,0,-0.0002,-0.0,-0.0,0.0,0.6411428388910774
1785524904138497200,0,-0.0002,-0.0,-0.0,0.0,0.6411428388910774
1785524904158197000,0,-0.0002,-0.0,-0.0,0.0,0.6411428388910774
1785524904178254300,0,-0.0002,-0.0,-0.0,0.0,0.6411428388910774
1785524904197918900,0,-0.0002,-0.0,-0.0,0.0,0.6411428388910774
1785524904217864300,0,-0.0002,-0.0,-0.0,0.0,0.6411428388910774
1785524904238103700,0,-0.0002,-0.0,-0.0,0.0,0.6411428388910774
1785524904257939800,0,-0.0002,-0.0,-0.0,0.0,0.6411428388910774
1785524904278815400,0,-0.0002,-0.0,-0.0,0.0,0.6411428388910774
1785524904298587600,0,-0.0002,-0.0,-0.0,0.0,0.6411428388910774
1785524904317918900,0,-0.0002,-0.0,-0.0,0.0,0.6411428388910774
1785524904338656000,0,-0.0002,-0.0,-0.0,0.0,0.6411428388910774
1785524904358513700,0,-0.0002,-0.0,-0.0,0.0,0.6411428388910774
1785524904378022600,0,-0.0002,-0.0,-0.0,0.0,0.6411428388910774
1785524904398773200,0,-0.0002,-0.0,-0.0,0.0,0.6411428388910774
1785524904417983800,0,-0.0002,-0.0,-0.0,0.0,0.6411428388910774
1785524904438601900,0,-0.0002,-0.0,-0.0,0.0,0.6411428388910774
1785524904457965500,0,-0.0002,-0.0,-0.0,0.0,0.6411428388910774
1785524904478075900,0,-0.0002,-0.0,-0.0,0.0,0.6411428388910774
1785524904497995700,0,-0.0002,-0.0,-0.0,0.0,0.6411428388910774
1785524904518113500,0,-0.0002,-0.0,-0.0,0.0,0.6411428388910774
1785524904538846900,0,-0.0002,-0.0,-0.0,0.0,0.6411428388910774
1785524904558335400,0,-0.0002,-0.0,-0.0,0.0,0.6411428388910774
1785524904578786700,0,-0.0002,-0.0,-0.0,0.0,0.6411428388910774
1785524904598104800,0,-0.0002,-0.0,-0.0,0.0,0.6411428388910774
1785524904618780500,0,-0.0002,-0.0,-0.0,0.0,0.6411428388910774
1785524904638285400,0,-0.0002,-0.0,-0.0,0.0,0.6411428388910774
1785524904658555900,0,-0.0002,-0.0,-0.0,0.0,0.6411428388910774
1785524904678180900,0,-0.0002,-0.0,-0.0,0.0,0.6411428388910774
1785524904698831800,0,-0.0002,-0.0,-0.0,0.0,0.6411428388910774
1785524904718214200,0,-0.0002,-0.0,-0.0,0.0,0.6411428388910774
1785524904738747200,0,-0.0002,-0.0,-0.0,0.0,0.6411428388910774
1785524904758056500,0,-0.0002,-0.0,-0.0,0.0,0.6411428388910774
1785524904778245700,0,-0.0002,-0.0,-0.0,0.0,0.6411428388910774
1785524904798089800,0,-0.0002,-0.0,-0.0,0.0,0.6411428388910774
1785524904818396100,0,-0.0002,-0.0,-0.0,0.0,0.6411428388910774
1785524904838228700,0,-0.0002,-0.0,-0.0,0.0,0.6411428388910774
1785524904858495300,0,-0.0002,-0.0,-0.0,0.0,0.6411428388910774
1785524904878682400,0,-0.0002,-0.0,-0.0,0.0,0.6411428388910774
1785524904898002300,0,-0.0002,-0.0,-0.0,0.0,0.6411428388910774
1785524904918269900,0,-0.0002,-0.0,-0.0,0.0,0.6411428388910774
1785524904938738200,0,-0.0002,-0.0,-0.0,0.0,0.6411428388910774
1785524904958009200,0,-0.0002,-0.0,-0.0,0.0,0.6411428388910774
1785524904978853300,0,-0.0002,-0.0,-0.0,0.0,0.6411428388910774
1785524904997906600,0,-0.0002,-0.0,-0.0,0.0,0.6411428388910774
1785524905019028200,0,-0.0002,-0.0,-0.0,0.0,0.6411428388910774
1785524905037880500,0,-0.0002,-0.0,-0.0,0.0,0.6411428388910774
1785524905057941300,0,-0.0002,-0.0,-0.0,0.0,0.6411428388910774
1785524905078556900,0,-0.0002,-0.0,-0.0,0.0,0.6411428388910774
1785524905098098200,0,-0.0002,-0.0,-0.0,0.0,0.6411428388910774
1785524905118506400,0,-0.0002,-0.0,-0.0,0.0,0.6411428388910774
1785524905138249100,0,-0.0002,-0.0,-0.0,0.0,0.6411428388910774
1785524905158443900,0,-0.0002,-0.0,-0.0,0.0,0.6411428388910774
1785524905177992600,0,-0.0002,-0.0,-0.0,0.0,0.6411428388910774
1785524905198077200,0,-0.0002,-0.0,-0.0,0.0,0.6411428388910774
1785524905218932800,0,-0.0002,-0.0,-0.0,0.0,0.6411428388910774
1785524905238669200,0,-0.0002,-0.0,-0.0,0.0,0.6411428388910774
1785524905258771500,0,-0.0002,-0.0,-0.0,0.0,0.6411428388910774
1785524905278927000,0,-0.0002,-0.0,-0.0,0.0,0.6411428388910774
1785524905298702200,0,-0.0002,-0.0,-0.0,0.0,0.6411428388910774
1785524905317859200,0,-0.0002,-0.0,-0.0,0.0,0.6411428388910774
1785524905338125100,0,-0.0002,-0.0,-0.0,0.0,0.6411428388910774
1785524905357986200,0,-0.0002,-0.0,-0.0,0.0,0.6411428388910774
1785524905379177800,0,-0.0002,-0.0,-0.0,0.0,0.6411428388910774
1785524905398499400,0,-0.0002,-0.0,-0.0,0.0,0.6411428388910774
1785524905418251800,0,-0.0002,-0.0,-0.0,0.0,0.6411428388910774
1785524905438480000,0,-0.0002,-0.0,-0.0,0.0,0.6411428388910774
1785524905457932700,0,-0.0002,-0.0,-0.0,0.0,0.6411428388910774
1785524905478034500,0,-0.0002,-0.0,-0.0,0.0,0.6411428388910774
1785524905497973600,0,-0.0002,-0.0,-0.0,0.0,0.6411428388910774
1785524905518745500,0,-0.0002,-0.0,-0.0,0.0,0.6411428388910774
1785524905538602700,0,-0.0002,-0.0,-0.0,0.0,0.6411428388910774
1785524905557834000,0,-0.0002,-0.0,-0.0,0.0,0.6411428388910774
1785524905578631900,0,-0.0002,-0.0,-0.0,0.0,0.6411428388910774
1785524905598656900,0,-0.0002,-0.0,-0.0,0.0,0.6411428388910774
1785524905618140400,0,-0.0002,-0.0,-0.0,0.0,0.6411428388910774
1785524905638508200,0,-0.0002,-0.0,-0.0,0.0,0.6411428388910774
1785524905658205200,0,-0.0002,-0.0,-0.0,0.0,0.6411428388910774
1785524905678358200,0,-0.0002,-0.0,-0.0,0.0,0.6411428388910774
1785524905699008500,0,-0.0002,-0.0,-0.0,0.0,0.6411428388910774
1785524905717899800,0,-0.0002,-0.0,-0.0,0.0,0.6411428388910774
1785524905738799300,0,-0.0002,-0.0,-0.0,0.0,0.6411428388910774
1785524905758472800,0,-0.0002,-0.0,-0.0,0.0,0.6411428388910774
1785524905778236300,0,-0.0002,-0.0,-0.0,0.0,0.6411428388910774
1785524905798565200,0,-0.0002,-0.0,-0.0,0.0,0.6411428388910774
1785524905818349200,0,-0.0002,-0.0,-0.0,0.0,0.6411428388910774
1785524905837873900,0,-0.0002,-0.0,-0.0,0.0,0.6411428388910774
1785524905858479100,0,-0.0002,-0.0,-0.0,0.0,0.6411428388910774
1785524905878289600,0,-0.0002,-0.0,-0.0,0.0,0.6411428388910774
1785524905898886000,0,-0.0002,-0.0,-0.0,0.0,0.6411428388910774
1785524905918857300,0,-0.0002,-0.0,-0.0,0.0,0.6411428388910774
1785524905938454700,0,-0.0002,-0.0,-0.0,0.0,0.6411428388910774
1785524905958875300,0,-0.0002,-0.0,-0.0,0.0,0.6411428388910774
1785524905978497400,0,-0.0002,-0.0,-0.0,0.0,0.6411428388910774
1785524905998569200,0,-0.0002,-0.0,-0.0,0.0,0.6411428388910774
1785524906018074300,0,-0.0002,-0.0,-0.0,0.0,0.6411428388910774
1785524906038447500,0,-0.0002,-0.0,-0.0,0.0,0.6411428388910774
1785524906057806200,0,-0.0002,-0.0,-0.0,0.0,0.6411428388910774
1785524906078016500,0,-0.0002,-0.0,-0.0,0.0,0.6411428388910774
1785524906098116300,0,-0.0002,-0.0,-0.0,0.0,0.6411428388910774
1785524906118801100,0,-0.0002,-0.0,-0.0,0.0,0.6411428388910774
1785524906138437300,0,-0.0002,-0.0,-0.0,0.0,0.6411428388910774
1785524906158562200,0,-0.0002,-0.0,-0.0,0.0,0.6411428388910774
1785524906178284800,0,-0.0002,-0.0,-0.0,0.0,0.6411428388910774
1785524906198848100,0,-0.0002,-0.0,-0.0,0.0,0.6411428388910774
1785524906218293200,0,-0.0002,-0.0,-0.0,0.0,0.6411428388910774
1785524906239074200,0,-0.0002,-0.0,-0.0,0.0,0.6411428388910774
1785524906258214400,0,-0.0002,-0.0,-0.0,0.0,0.6411428388910774
1785524906278636200,0,-0.0002,-0.0,-0.0,0.0,0.6411428388910774
1785524906298791000,0,-0.0002,-0.0,-0.0,0.0,0.6411428388910774
1785524906317904200,0,-0.0002,-0.0,-0.0,0.0,0.6411428388910774
1785524906338626200,0,-0.0002,-0.0,-0.0,0.0,0.6411428388910774
1785524906357845900,0,-0.0002,-0.0,-0.0,0.0,0.6411428388910774
1785524906378233900,0,-0.0002,-0.0,-0.0,0.0,0.6411428388910774
1785524906398579800,0,-0.0002,-0.0,-0.0,0.0,0.6411428388910774
1785524906417986300,0,-0.0002,-0.0,-0.0,0.0,0.6411428388910774
1785524906438709700,0,-0.0002,-0.0,-0.0,0.0,0.6411428388910774
1785524906458096600,0,-0.0002,-0.0,-0.0,0.0,0.6411428388910774
1785524906478366100,0,-0.0002,-0.0,-0.0,0.0,0.6411428388910774
1785524906498254600,0,-0.0002,-0.0,-0.0,0.0,0.6411428388910774
1785524906518477600,0,-0.0002,-0.0,-0.0,0.0,0.6411428388910774
1785524906538231300,0,-0.0002,-0.0,-0.0,0.0,0.6411428388910774
1785524906558431100,0,-0.0002,-0.0,-0.0,0.0,0.6411428388910774
1785524906579208500,0,-0.0002,-0.0,-0.0,0.0,0.6411428388910774
1785524906598702300,0,-0.0002,-0.0,-0.0,0.0,0.6411428388910774
1785524906617859500,0,-0.0002,-0.0,-0.0,0.0,0.6411428388910774
1785524906638776900,0,-0.0002,-0.0,-0.0,0.0,0.6411428388910774
1785524906658654400,0,-0.0002,-0.0,-0.0,0.0,0.6411428388910774
1785524906678557200,0,-0.0002,-0.0,-0.0,0.0,0.6411428388910774
1785524906697894200,0,-0.0002,-0.0,-0.0,0.0,0.6411428388910774
1785524906718181400,0,-0.0002,-0.0,-0.0,0.0,0.6411428388910774
1785524906738393700,0,-0.0002,-0.0,-0.0,0.0,0.6411428388910774
1785524906758100300,0,-0.0002,-0.0,-0.0,0.0,0.6411428388910774
1785524906778611300,0,-0.0002,-0.0,-0.0,0.0,0.6411428388910774
1785524906798476500,0,-0.0002,-0.0,-0.0,0.0,0.6411428388910774
1785524906818414300,0,-0.0002,-0.0,-0.0,0.0,0.6411428388910774
1785524906838761700,0,-0.0002,-0.0,-0.0,0.0,0.6411428388910774
1785524906858405600,0,-0.0002,-0.0,-0.0,0.0,0.6411428388910774
1785524906878676000,0,-0.0002,-0.0,-0.0,0.0,0.6411428388910774
1785524906898142100,0,-0.0002,-0.0,-0.0,0.0,0.6411428388910774
1785524906918390400,0,-0.0002,-0.0,-0.0,0.0,0.6411428388910774
1785524906938503500,0,-0.0002,-0.0,-0.0,0.0,0.6411428388910774
1785524906957966400,0,-0.0002,-0.0,-0.0,0.0,0.6411428388910774
1785524906978299400,0,-0.0002,-0.0,-0.0,0.0,0.6411428388910774
1785524906999227300,0,-0.0002,-0.0,-0.0,0.0,0.6411428388910774
1785524907018111900,0,-0.0002,-0.0,-0.0,0.0,0.6411428388910774
1785524907038696700,0,-0.0002,-0.0,-0.0,0.0,0.6411428388910774
1785524907057968500,0,-0.0002,-0.0,-0.0,0.0,0.6411428388910774
1785524907078655100,0,-0.0002,-0.0,-0.0,0.0,0.6411428388910774
1785524907097860000,0,-0.0002,-0.0,-0.0,0.0,0.6411428388910774
1785524907118563100,0,-0.0002,-0.0,-0.0,0.0,0.6411428388910774
1785524907138178300,0,-0.0002,-0.0,-0.0,0.0,0.6411428388910774
1785524907158341900,0,-0.0002,-0.0,-0.0,0.0,0.6411428388910774
1785524907178014500,0,-0.0002,-0.0,-0.0,0.0,0.6411428388910774
1785524907198432800,0,-0.0002,-0.0,-0.0,0.0,0.6411428388910774
1785524907218608700,0,-0.0002,-0.0,-0.0,0.0,0.6411428388910774
1785524907238545400,0,-0.0002,-0.0,-0.0,0.0,0.6411428388910774
1785524907258122200,0,-0.0002,-0.0,-0.0,0.0,0.6411428388910774
1785524907278576600,0,-0.0002,-0.0,-0.0,0.0,0.6411428388910774
1785524907297965200,0,-0.0002,-0.0,-0.0,0.0,0.6411428388910774
1785524907318109300,0,-0.0002,-0.0,-0.0,0.0,0.6411428388910774
1785524907338749200,0,-0.0002,-0.0,-0.0,0.0,0.6411428388910774
1785524907358297500,0,-0.0002,-0.0,-0.0,0.0,0.6411428388910774
1785524907378624400,0,-0.0002,-0.0,-0.0,0.0,0.6411428388910774
1785524907397889100,0,-0.0002,-0.0,-0.0,0.0,0.6411428388910774
1785524907418553000,0,-0.0002,-0.0,-0.0,0.0,0.6411428388910774
1785524907437967900,0,-0.0002,-0.0,-0.0,0.0,0.6411428388910774
1785524907458118600,0,-0.0002,-0.0,-0.0,0.0,0.6411428388910774
1785524907478503200,0,-0.0002,-0.0,-0.0,0.0,0.6411428388910774
1785524907497889300,0,-0.0002,-0.0,-0.0,0.0,0.6411428388910774
1785524907518694800,0,-0.0002,-0.0,-0.0,0.0,0.6411428388910774
1785524907538011000,0,-0.0002,-0.0,-0.0,0.0,0.6411428388910774
1785524907558792100,0,-0.0002,-0.0,-0.0,0.0,0.6411428388910774
1785524907578352500,0,-0.0002,-0.0,-0.0,0.0,0.6411428388910774
1785524907598094100,0,-0.0002,-0.0,-0.0,0.0,0.6411428388910774
1785524907618195200,0,-0.0002,-0.0,-0.0,0.0,0.6411428388910774
1785524907638426600,0,-0.0002,-0.0,-0.0,0.0,0.6411428388910774
1785524907658038200,0,-0.0002,-0.0,-0.0,0.0,0.6411428388910774
1785524907678756900,0,-0.0002,-0.0,-0.0,0.0,0.6411428388910774
1785524907698156000,0,-0.0002,-0.0,-0.0,0.0,0.6411428388910774
1785524907718164900,0,-0.0002,-0.0,-0.0,0.0,0.6411428388910774
1785524907737876800,0,-0.0002,-0.0,-0.0,0.0,0.6411428388910774
1785524907759029800,0,-0.0002,-0.0,-0.0,0.0,0.6411428388910774
1785524907778620700,0,-0.0002,-0.0,-0.0,0.0,0.6411428388910774
1785524907797872200,0,-0.0002,-0.0,-0.0,0.0,0.6411428388910774
1785524907817978700,0,-0.0002,-0.0,-0.0,0.0,0.6411428388910774
1785524907838676900,0,-0.0002,-0.0,-0.0,0.0,0.6411428388910774
1785524907858791600,0,-0.0002,-0.0,-0.0,0.0,0.6411428388910774
1785524907878820100,0,-0.0002,-0.0,-0.0,0.0,0.6411428388910774
1785524907898090000,0,-0.0002,-0.0,-0.0,0.0,0.6411428388910774
1785524907918324200,0,-0.0002,-0.0,-0.0,0.0,0.6411428388910774
1785524907937986300,0,-0.0002,-0.0,-0.0,0.0,0.6411428388910774
1785524907958436100,0,-0.0002,-0.0,-0.0,0.0,0.6411428388910774
1785524907978074800,0,-0.0002,-0.0,-0.0,0.0,0.6411428388910774
1785524907997915300,0,-0.0002,-0.0,-0.0,0.0,0.6411428388910774
1785524908018531900,0,-0.0002,-0.0,-0.0,0.0,0.6411428388910774
1785524908038389600,0,-0.0002,-0.0,-0.0,0.0,0.6411428388910774
1785524908057923300,0,-0.0002,-0.0,-0.0,0.0,0.6411428388910774
1785524908078520500,0,-0.0002,-0.0,-0.0,0.0,0.6411428388910774
1785524908098807500,0,-0.0002,-0.0,-0.0,0.0,0.6411428388910774
1785524908118079700,0,-0.0002,-0.0,-0.0,0.0,0.6411428388910774
1785524908138045100,0,-0.0002,-0.0,-0.0,0.0,0.6411428388910774
1785524908158291600,0,-0.0002,-0.0,-0.0,0.0,0.6411428388910774
1785524908178518400,0,-0.0002,-0.0,-0.0,0.0,0.6411428388910774
1785524908198801700,0,-0.0002,-0.0,-0.0,0.0,0.6411428388910774
1785524908218785700,0,-0.0002,-0.0,-0.0,0.0,0.6411428388910774
1785524908238724200,0,-0.0002,-0.0,-0.0,0.0,0.6411428388910774
1785524908258695800,0,-0.0002,-0.0,-0.0,0.0,0.6411428388910774
1785524908278272000,0,-0.0002,-0.0,-0.0,0.0,0.6411428388910774
1785524908297831700,0,-0.0002,-0.0,-0.0,0.0,0.6411428388910774
1785524908317934100,0,-0.0002,-0.0,-0.0,0.0,0.6411428388910774
1785524908338227500,0,-0.0002,-0.0,-0.0,0.0,0.6411428388910774
1785524908358320600,0,-0.0002,-0.0,-0.0,0.0,0.6411428388910774
1785524908378022300,0,-0.0002,-0.0,-0.0,0.0,0.6434717807882121
1785524908398292100,0,-0.0002,-0.0,-0.0,0.0,0.648336645574307
1785524908418433500,0,-0.0002,-0.0,-0.0,0.0,0.6553626215778202
1785524908438259300,0,-0.0002,-0.0,-0.0,0.0,0.6651117126988734
1785524908458881800,0,-0.0002,-0.0,-0.0,0.0,0.6750317626996744
1785524908478678900,0,-0.0002,-0.0,-0.0,0.0,0.6850701626994319
1785524908497818100,0,-0.0002,-0.0,-0.0,0.0,0.6948913626987828
1785524908518682200,0,-0.0002,-0.0,-0.0,0.0,0.705073912699319
1785524908538569600,0,-0.0002,-0.0,-0.0,0.0,0.7149086126996022
1785524908558567300,0,-0.0002,-0.0,-0.0,0.0,0.7250130626984369
1785524908578220100,0,-0.0002,-0.0,-0.0,0.0,0.7350930626984532
1785524908598791900,0,-0.0002,-0.0,-0.0,0.0,0.7451272626989717
1785524908618572200,0,-0.0002,-0.0,-0.0,0.0,0.7549705126988752
1785524908638116500,0,-0.0002,-0.0,-0.0,0.0,0.76504511269961
1785524908658553200,0,-0.0002,-0.0,-0.0,0.0,0.7749624626998607
1785524908678176800,0,-0.0002,-0.0,-0.0,0.0,0.7850706126995842
1785524908699071200,0,-0.0002,-0.0,-0.0,0.0,0.7950276126997974
1785524908718396500,0,-0.0002,-0.0,-0.0,0.0,0.8048888126999568
1785524908737912500,0,-0.0002,-0.0,-0.0,0.0,0.8125149079774969
1785524908758384600,0,-0.0002,-0.0,-0.0,0.0,0.8176907052082376
1785524908778172000,0,-0.0002,-0.0,-0.0,0.0,0.8204953717949667
1785524908798306200,0,-0.0002,-0.0,-0.0,0.0,0.820888827784158
1785524908819161600,0,-0.0002,-0.0,-0.0,0.0,0.820888827784158
1785524908838447400,0,-0.0002,-0.0,-0.0,0.0,0.820888827784158
1785524908858031500,0,-0.0002,-0.0,-0.0,0.0,0.820888827784158
1785524908878960500,0,-0.0002,-0.0,-0.0,0.0,0.820888827784158
1785524908898130100,0,-0.0002,-0.0,-0.0,0.0,0.820888827784158
1785524908918312000,0,-0.0002,-0.0,-0.0,0.0,0.820888827784158
1785524908938254100,0,-0.0002,-0.0,-0.0,0.0,0.820888827784158
1785524908959005100,0,-0.0002,-0.0,-0.0,0.0,0.820888827784158
1785524908978519900,0,-0.0002,-0.0,-0.0,0.0,0.820888827784158
1785524908998127000,0,-0.0002,-0.0,-0.0,0.0,0.820888827784158
1785524909018155500,0,-0.0002,-0.0,-0.0,0.0,0.820888827784158
1785524909038360700,0,-0.0002,-0.0,-0.0,0.0,0.820888827784158
1785524909057966500,0,-0.0002,-0.0,-0.0,0.0,0.820888827784158
1785524909078630400,0,-0.0002,-0.0,-0.0,0.0,0.820888827784158
1785524909098729000,0,-0.0002,-0.0,-0.0,0.0,0.820888827784158
1785524909118192800,0,-0.0002,-0.0,-0.0,0.0,0.820888827784158
1785524909138314500,0,-0.0002,-0.0,-0.0,0.0,0.820888827784158
1785524909158074900,0,-0.0002,-0.0,-0.0,0.0,0.820888827784158
1785524909178184600,0,-0.0002,-0.0,-0.0,0.0,0.820888827784158
1785524909198542300,0,-0.0002,-0.0,-0.0,0.0,0.820888827784158
1785524909218082400,0,-0.0002,-0.0,-0.0,0.0,0.820888827784158
1785524909238775300,0,-0.0002,-0.0,-0.0,0.0,0.820888827784158
1785524909258162500,0,-0.0002,-0.0,-0.0,0.0,0.820888827784158
1785524909279270800,0,-0.0002,-0.0,-0.0,0.0,0.820888827784158
1785524909298720500,0,-0.0002,-0.0,-0.0,0.0,0.820888827784158
1785524909318436700,0,-0.0002,-0.0,-0.0,0.0,0.820888827784158
1785524909338052300,0,-0.0002,-0.0,-0.0,0.0,0.820888827784158
1785524909358881600,0,-0.0002,-0.0,-0.0,0.0,0.820888827784158
1785524909378796200,0,-0.0002,-0.0,-0.0,0.0,0.820888827784158
1785524909398065300,0,-0.0002,-0.0,-0.0,0.0,0.820888827784158
1785524909418802200,0,-0.0002,-0.0,-0.0,0.0,0.820888827784158
1785524909438576800,0,-0.0002,-0.0,-0.0,0.0,0.820888827784158
1785524909458886100,0,-0.0002,-0.0,-0.0,0.0,0.820888827784158
1785524909478766100,0,-0.0002,-0.0,-0.0,0.0,0.820888827784158
1785524909498389300,0,-0.0002,-0.0,-0.0,0.0,0.820888827784158
1785524909518280500,0,-0.0002,-0.0,-0.0,0.0,0.820888827784158
1785524909538625900,0,-0.0002,-0.0,-0.0,0.0,0.820888827784158
1785524909558901900,0,-0.0002,-0.0,-0.0,0.0,0.820888827784158
1785524909578351400,0,-0.0002,-0.0,-0.0,0.0,0.820888827784158
1785524909598486000,0,-0.0002,-0.0,-0.0,0.0,0.820888827784158
1785524909618114600,0,-0.0002,-0.0,-0.0,0.0,0.820888827784158
1785524909638583500,0,-0.0002,-0.0,-0.0,0.0,0.820888827784158
1785524909658254200,0,-0.0002,-0.0,-0.0,0.0,0.820888827784158
1785524909678140200,0,-0.0002,-0.0,-0.0,0.0,0.820888827784158
1785524909698785600,0,-0.0002,-0.0,-0.0,0.0,0.820888827784158
1785524909718192100,0,-0.0002,-0.0,-0.0,0.0,0.820888827784158
1785524909738623300,0,-0.0002,-0.0,-0.0,0.0,0.820888827784158
1785524909758168800,0,-0.0002,-0.0,-0.0,0.0,0.820888827784158
1785524909778865000,0,-0.0002,-0.0,-0.0,0.0,0.820888827784158
1785524909798354300,0,-0.0002,-0.0,-0.0,0.0,0.820888827784158
1785524909818699600,0,-0.0002,-0.0,-0.0,0.0,0.820888827784158
1785524909838578400,0,-0.0002,-0.0,-0.0,0.0,0.820888827784158
1785524909858728300,0,-0.0002,-0.0,-0.0,0.0,0.820888827784158
1785524909878044300,0,-0.0002,-0.0,-0.0,0.0,0.820888827784158
1785524909897972800,0,-0.0002,-0.0,-0.0,0.0,0.820888827784158
1785524909918287100,0,-0.0002,-0.0,-0.0,0.0,0.820888827784158
1785524909938818400,0,-0.0002,-0.0,-0.0,0.0,0.820888827784158
1785524909958280000,0,-0.0002,-0.0,-0.0,0.0,0.820888827784158
1785524909978252200,0,-0.0002,-0.0,-0.0,0.0,0.820888827784158
1785524909998212800,0,-0.0002,-0.0,-0.0,0.0,0.820888827784158
1785524910018603000,0,-0.0002,-0.0,-0.0,0.0,0.820888827784158
1785524910038787500,0,-0.0002,-0.0,-0.0,0.0,0.820888827784158
1785524910058270600,0,-0.0002,-0.0,-0.0,0.0,0.820888827784158
1785524910078311100,0,-0.0002,-0.0,-0.0,0.0,0.820888827784158
1785524910098061800,0,-0.0002,-0.0,-0.0,0.0,0.820888827784158
1785524910118567200,0,-0.0002,-0.0,-0.0,0.0,0.820888827784158
1785524910138282500,0,-0.0002,-0.0,-0.0,0.0,0.820888827784158
1785524910158756300,0,-0.0002,-0.0,-0.0,0.0,0.820888827784158
1785524910178834400,0,-0.0002,-0.0,-0.0,0.0,0.820888827784158
1785524910197822500,0,-0.0002,-0.0,-0.0,0.0,0.820888827784158
1785524910217991300,0,-0.0002,-0.0,-0.0,0.0,0.820888827784158
1785524910238444200,0,-0.0002,-0.0,-0.0,0.0,0.820888827784158
1785524910258751800,0,-0.0002,-0.0,-0.0,0.0,0.820888827784158
1785524910278303500,0,-0.0002,-0.0,-0.0,0.0,0.820888827784158
1785524910297894200,0,-0.0002,-0.0,-0.0,0.0,0.820888827784158
1785524910318526100,0,-0.0002,-0.0,-0.0,0.0,0.820888827784158
1785524910338796300,0,-0.0002,-0.0,-0.0,0.0,0.820888827784158
1785524910358281200,0,-0.0002,-0.0,-0.0,0.0,0.820888827784158
1785524910378565300,0,-0.0002,-0.0,-0.0,0.0,0.820888827784158
1785524910397982000,0,-0.0002,-0.0,-0.0,0.0,0.820888827784158
1785524910419003500,0,-0.0002,-0.0,-0.0,0.0,0.820888827784158
1785524910438317900,0,-0.0002,-0.0,-0.0,0.0,0.820888827784158
1785524910458031500,0,-0.0002,-0.0,-0.0,0.0,0.820888827784158
1785524910478160500,0,-0.0002,-0.0,-0.0,0.0,0.820888827784158
1785524910498292200,0,-0.0002,-0.0,-0.0,0.0,0.820888827784158
1785524910518396700,0,-0.0002,-0.0,-0.0,0.0,0.820888827784158
1785524910538750500,0,-0.0002,-0.0,-0.0,0.0,0.820888827784158
1785524910558106100,0,-0.0002,-0.0,-0.0,0.0,0.820888827784158
1785524910578709600,0,-0.0002,-0.0,-0.0,0.0,0.820888827784158
1785524910597798300,0,-0.0002,-0.0,-0.0,0.0,0.820888827784158
1785524910618272800,0,-0.0002,-0.0,-0.0,0.0,0.820888827784158
1785524910638765000,0,-0.0002,-0.0,-0.0,0.0,0.820888827784158
1785524910658437600,0,-0.0002,-0.0,-0.0,0.0,0.820888827784158
1785524910677978500,0,-0.0002,-0.0,-0.0,0.0,0.820888827784158
1785524910698211700,0,-0.0002,-0.0,-0.0,0.0,0.820888827784158
1785524910718240400,0,-0.0002,-0.0,-0.0,0.0,0.820888827784158
1785524910738616700,0,-0.0002,-0.0,-0.0,0.0,0.820888827784158
1785524910758072300,0,-0.0002,-0.0,-0.0,0.0,0.820888827784158
1785524910778307100,0,-0.0002,-0.0,-0.0,0.0,0.820888827784158
1785524910798056100,0,-0.0002,-0.0,-0.0,0.0,0.820888827784158
1785524910817884500,0,-0.0002,-0.0,-0.0,0.0,0.820888827784158
1785524910838781500,0,-0.0002,-0.0,-0.0,0.0,0.820888827784158
1785524910858172200,0,-0.0002,-0.0,-0.0,0.0,0.820888827784158
1785524910878739200,0,-0.0002,-0.0,-0.0,0.0,0.820888827784158
1785524910898155700,0,-0.0002,-0.0,-0.0,0.0,0.820888827784158
1785524910918230300,0,-0.0002,-0.0,-0.0,0.0,0.820888827784158
1785524910938526100,0,-0.0002,-0.0,-0.0,0.0,0.820888827784158
1785524910958415000,0,-0.0002,-0.0,-0.0,0.0,0.820888827784158
1785524910977930300,0,-0.0002,-0.0,-0.0,0.0,0.820888827784158
1785524910997917900,0,-0.0002,-0.0,-0.0,0.0,0.820888827784158
1785524911018931000,0,-0.0002,-0.0,-0.0,0.0,0.820888827784158
1785524911038390200,0,-0.0002,-0.0,-0.0,0.0,0.820888827784158
1785524911058100700,0,-0.0002,-0.0,-0.0,0.0,0.820888827784158
1785524911078229800,0,-0.0002,-0.0,-0.0,0.0,0.820888827784158
1785524911097882000,0,-0.0002,-0.0,-0.0,0.0,0.820888827784158
1785524911118519900,0,-0.0002,-0.0,-0.0,0.0,0.820888827784158
1785524911138038400,0,-0.0002,-0.0,-0.0,0.0,0.820888827784158
1785524911158031700,0,-0.0002,-0.0,-0.0,0.0,0.820888827784158
1785524911178778300,0,-0.0002,-0.0,-0.0,0.0,0.820888827784158
1785524911198236700,0,-0.0002,-0.0,-0.0,0.0,0.820888827784158
1785524911218752300,0,-0.0002,-0.0,-0.0,0.0,0.820888827784158
1785524911237939900,0,-0.0002,-0.0,-0.0,0.0,0.820888827784158
1785524911258750500,0,-0.0002,-0.0,-0.0,0.0,0.820888827784158
1785524911278130300,0,-0.0002,-0.0,-0.0,0.0,0.820888827784158
1785524911298826300,0,-0.0002,-0.0,-0.0,0.0,0.820888827784158
1785524911317827600,0,-0.0002,-0.0,-0.0,0.0,0.820888827784158
1785524911338955400,0,-0.0002,-0.0,-0.0,0.0,0.820888827784158
1785524911358253000,0,-0.0002,-0.0,-0.0,0.0,0.820888827784158
1785524911378433600,0,-0.0002,-0.0,-0.0,0.0,0.820888827784158
1785524911398160700,0,-0.0002,-0.0,-0.0,0.0,0.820888827784158
1785524911418322400,0,-0.0002,-0.0,-0.0,0.0,0.820888827784158
1785524911438250200,0,-0.0002,-0.0,-0.0,0.0,0.820888827784158
1785524911458943300,0,-0.0002,-0.0,-0.0,0.0,0.820888827784158
1785524911478778800,0,-0.0002,-0.0,-0.0,0.0,0.820888827784158
1785524911498525300,0,-0.0002,-0.0,-0.0,0.0,0.820888827784158
1785524911518243800,0,-0.0002,-0.0,-0.0,0.0,0.820888827784158
1785524911538568900,0,-0.0002,-0.0,-0.0,0.0,0.820888827784158
1785524911557862500,0,-0.0002,-0.0,-0.0,0.0,0.820888827784158
1785524911578771700,0,-0.0002,-0.0,-0.0,0.0,0.820888827784158
1785524911598570100,0,-0.0002,-0.0,-0.0,0.0,0.820888827784158
1785524911618536900,0,-0.0002,-0.0,-0.0,0.0,0.820888827784158
1785524911638290800,0,-0.0002,-0.0,-0.0,0.0,0.820888827784158
1785524911658349200,0,-0.0002,-0.0,-0.0,0.0,0.820888827784158
1785524911678348400,0,-0.0002,-0.0,-0.0,0.0,0.820888827784158
1785524911698357300,0,-0.0002,-0.0,-0.0,0.0,0.820888827784158
1785524911718180800,0,-0.0002,-0.0,-0.0,0.0,0.820888827784158
1785524911738496500,0,-0.0002,-0.0,-0.0,0.0,0.820888827784158
1785524911758294600,0,-0.0002,-0.0,-0.0,0.0,0.820888827784158
1785524911778432600,0,-0.0002,-0.0,-0.0,0.0,0.820888827784158
1785524911798104600,0,-0.0002,-0.0,-0.0,0.0,0.820888827784158
1785524911818427500,0,-0.0002,-0.0,-0.0,0.0,0.820888827784158
1785524911838703800,0,-0.0002,-0.0,-0.0,0.0,0.820888827784158
1785524911858201100,0,-0.0002,-0.0,-0.0,0.0,0.820888827784158
1785524911878720300,0,-0.0002,-0.0,-0.0,0.0,0.820888827784158
1785524911898814500,0,-0.0002,-0.0,-0.0,0.0,0.820888827784158
1785524911917854200,0,-0.0002,-0.0,-0.0,0.0,0.820888827784158
1785524911938746200,0,-0.0002,-0.0,-0.0,0.0,0.820888827784158
1785524911958058500,0,-0.0002,-0.0,-0.0,0.0,0.820888827784158
1785524911978412600,0,-0.0002,-0.0,-0.0,0.0,0.820888827784158
1785524911998822500,0,-0.0002,-0.0,-0.0,0.0,0.820888827784158
1785524912018255100,0,-0.0002,-0.0,-0.0,0.0,0.820888827784158
1785524912038970700,0,-0.0002,-0.0,-0.0,0.0,0.820888827784158
1785524912058252200,0,-0.0002,-0.0,-0.0,0.0,0.820888827784158
1785524912078495100,0,-0.0002,-0.0,-0.0,0.0,0.820888827784158
1785524912098378900,0,-0.0002,-0.0,-0.0,0.0,0.820888827784158
1785524912118514100,0,-0.0002,-0.0,-0.0,0.0,0.820888827784158
1785524912138222400,0,-0.0002,-0.0,-0.0,0.0,0.820888827784158
1785524912158088400,0,-0.0002,-0.0,-0.0,0.0,0.820888827784158
1785524912177952800,0,-0.0002,-0.0,-0.0,0.0,0.820888827784158
1785524912198668600,0,-0.0002,-0.0,-0.0,0.0,0.820888827784158
1785524912218285600,0,-0.0002,-0.0,-0.0,0.0,0.820888827784158
1785524912238431200,0,-0.0002,-0.0,-0.0,0.0,0.820888827784158
1785524912257960400,0,-0.0002,-0.0,-0.0,0.0,0.820888827784158
1785524912277995900,0,-0.0002,-0.0,-0.0,0.0,0.820888827784158
1785524912298052900,0,-0.0002,-0.0,-0.0,0.0,0.820888827784158
1785524912317909400,0,-0.0002,-0.0,-0.0,0.0,0.820888827784158
1785524912338581900,0,-0.0002,-0.0,-0.0,0.0,0.820888827784158
1785524912358004000,0,-0.0002,-0.0,-0.0,0.0,0.820888827784158
1785524912378806800,0,-0.0002,-0.0,-0.0,0.0,0.820888827784158
1785524912398143800,0,-0.0002,-0.0,-0.0,0.0,0.820888827784158
1785524912418192300,0,-0.0002,-0.0,-0.0,0.0,0.820888827784158
1785524912438867500,0,-0.0002,-0.0,-0.0,0.0,0.820888827784158
1785524912458242600,0,-0.0002,-0.0,-0.0,0.0,0.820888827784158
1785524912478670100,0,-0.0002,-0.0,-0.0,0.0,0.820888827784158
1785524912498797400,0,-0.0002,-0.0,-0.0,0.0,0.820888827784158
1785524912517887900,0,-0.0002,-0.0,-0.0,0.0,0.820888827784158
1785524912538529900,0,-0.0002,-0.0,-0.0,0.0,0.820888827784158
1785524912558003900,0,-0.0002,-0.0,-0.0,0.0,0.820888827784158
1785524912578155100,0,-0.0002,-0.0,-0.0,0.0,0.820888827784158
1785524912598542100,0,-0.0002,-0.0,-0.0,0.0,0.820888827784158
1785524912617982200,0,-0.0002,-0.0,-0.0,0.0,0.820888827784158
1785524912638491700,0,-0.0002,-0.0,-0.0,0.0,0.820888827784158
1785524912658853500,0,-0.0002,-0.0,-0.0,0.0,0.820888827784158
1785524912678694600,0,-0.0002,-0.0,-0.0,0.0,0.820888827784158
1785524912697884900,0,-0.0002,-0.0,-0.0,0.0,0.820888827784158
1785524912718071100,0,-0.0002,-0.0,-0.0,0.0,0.820888827784158
1785524912738736000,0,-0.0002,-0.0,-0.0,0.0,0.820888827784158
1785524912757809100,0,-0.0002,-0.0,-0.0,0.0,0.820888827784158
1785524912778628200,0,-0.0002,-0.0,-0.0,0.0,0.820888827784158
1785524912798085100,0,-0.0002,-0.0,-0.0,0.0,0.820888827784158
1785524912818859800,0,-0.0002,-0.0,-0.0,0.0,0.820888827784158
1785524912838788100,0,-0.0002,-0.0,-0.0,0.0,0.820888827784158
1785524912858841000,0,-0.0002,-0.0,-0.0,0.0,0.820888827784158
1785524912877845000,0,-0.0002,-0.0,-0.0,0.0,0.820888827784158
1785524912898117500,0,-0.0002,-0.0,-0.0,0.0,0.820888827784158
1785524912918112300,0,-0.0002,-0.0,-0.0,0.0,0.820888827784158
1785524912938483600,0,-0.0002,-0.0,-0.0,0.0,0.820888827784158
1785524912958812700,0,-0.0002,-0.0,-0.6085350000648759,0.0,0.820888827784158
1785524912978609300,0,-0.0002,-0.0,-1.2009660000694566,0.0,0.820888827784158
1785524912998188200,0,-0.0002,-0.0,-1.809105000065756,0.0,0.820888827784158
1785524913018568900,0,-0.0002,-0.0,-2.4018750000323053,0.0,0.820888827784158
1785524913038418000,0,-0.0002,-0.0,-2.5,0.0,0.820888827784158
1785524913057887600,0,-0.0002,-0.0,-2.5,0.0,0.820888827784158
1785524913078244000,0,-0.0002,-0.0,-2.5,0.0,0.820888827784158
1785524913098726300,0,-0.0002,-0.0,-2.5,0.0,0.820888827784158
1785524913118394300,0,-0.0002,-0.0,-2.5,0.0,0.820888827784158
1785524913138739800,0,-0.0002,-0.0,-2.5,0.0,0.820888827784158
1785524913158155600,0,-0.0002,-0.0,-2.5,0.0,0.820888827784158
1785524913178915800,0,-0.0002,-0.0,-2.5,0.0,0.820888827784158
1785524913198115600,0,-0.0002,-0.0,-2.5,0.0,0.820888827784158
1785524913218655100,0,-0.0002,-0.0,-2.5,0.0,0.820888827784158
1785524913238478400,0,-0.0002,-0.0,-2.5,0.0,0.820888827784158
1785524913258080700,0,-0.0002,-0.0,-2.5,0.0,0.820888827784158
1785524913277864300,0,-0.0002,-0.0,-2.5,0.0,0.820888827784158
1785524913298069900,0,-0.0002,-0.0,-2.5,0.0,0.820888827784158
1785524913317994200,0,-0.0002,-0.0,-2.5,0.0,0.820888827784158
1785524913338275300,0,-0.0002,-0.0,-2.5,0.0,0.820888827784158
1785524913358435800,0,-0.0002,-0.0,-1.910626000026241,0.0,0.820888827784158
1785524913378573600,0,-0.0002,-0.0,-1.3097769999876618,0.0,0.820888827784158
1785524913398743200,0,-0.0002,-0.0,-0.7044189999942319,0.0,0.820888827784158
1785524913418544300,0,-0.0002,-0.0,-0.11275000000750879,0.0,0.820888827784158
1785524913437972800,0,-0.0002,-0.0,-0.0,0.0,0.820888827784158
1785524913458893800,0,-0.0002,-0.0,-0.0,0.0,0.820888827784158
1785524913478073400,0,-0.0002,-0.0,-0.0,0.0,0.820888827784158
1785524913498061300,0,-0.0002,-0.0,-0.0,0.0,0.820888827784158
1785524913518008900,0,-0.0002,-0.0,-0.0,0.0,0.820888827784158
1785524913538435000,0,-0.0002,-0.0,-0.0,0.0,0.820888827784158
1785524913558191000,0,-0.0002,-0.0,-0.0,0.0,0.820888827784158
1785524913578756300,0,-0.0002,-0.0,-0.0,0.0,0.820888827784158
1785524913598265900,0,-0.0002,-0.0,-0.0,0.0,0.820888827784158
1785524913618342300,0,-0.0002,-0.0,-0.0,0.0,0.820888827784158
1785524913638239000,0,-0.0002,-0.0,-0.0,0.0,0.820888827784158
1785524913658502300,0,-0.0002,-0.0,-0.0,0.0,0.820888827784158
1785524913678217100,0,-0.0002,-0.0,-0.0,0.0,0.820888827784158
1785524913698654800,0,-0.0002,-0.0,0.5978820000382257,0.0,0.820888827784158
1785524913718692100,0,-0.0002,-0.0,1.1897520000275108,0.0,0.820888827784158
1785524913738256100,0,-0.0002,-0.0,1.80099599998357,0.0,0.820888827784158
1785524913758598200,0,-0.0002,-0.0,2.395530000067083,0.0,0.820888827784158
1785524913778092600,0,-0.0002,-0.0,2.5,0.0,0.820888827784158
1785524913798323500,0,-0.0002,-0.0,2.5,0.0,0.820888827784158
1785524913818162700,0,-0.0002,-0.0,2.5,0.0,0.820888827784158
1785524913838011900,0,-0.0002,-0.0,2.5,0.0,0.820888827784158
1785524913858697100,0,-0.0002,-0.0,2.5,0.0,0.820888827784158
1785524913877865400,0,-0.0002,-0.0,2.5,0.0,0.820888827784158
1785524913898552900,0,-0.0002,-0.0,2.5,0.0,0.820888827784158
1785524913918293900,0,-0.0002,-0.0,1.8926080000164802,0.0,0.820888827784158
1785524913938797000,0,-0.0002,-0.0,1.294906000039191,0.0,0.820888827784158
1785524913958081700,0,-0.0002,-0.0,0.6987850000950857,0.0,0.820888827784158
1785524913978590200,0,-0.0002,-0.0,0.09833200001594378,0.0,0.820888827784158
1785524913997832800,0,-0.0002,-0.0,-0.0,0.0,0.820888827784158
1785524914018291900,0,-0.0002,-0.0,-0.0,0.0,0.820888827784158
1785524914037914900,0,-0.0002,-0.0,-0.0,0.0,0.820888827784158
1785524914058768500,0,-0.0002,-0.0,-0.0,0.0,0.820888827784158
1785524914078297000,0,-0.0002,-0.0,-0.0,0.0,0.820888827784158
1785524914098190800,0,-0.0002,-0.0,-0.0,0.0,0.820888827784158
1785524914118300700,0,-0.0002,-0.0,-0.0,0.0,0.820888827784158
1785524914138484100,0,-0.0002,-0.0,-0.0,0.0,0.820888827784158
1785524914158488600,0,-0.0002,-0.0,-0.0,0.0,0.820888827784158
1785524914177918600,0,-0.0002,-0.0,-0.0,0.0,0.820888827784158
1785524914198044100,0,-0.0002,-0.0,-0.0,0.0,0.820888827784158
1785524914218412700,0,-0.0002,-0.0,-0.0,0.0,0.820888827784158
1785524914238114800,0,-0.0002,-0.0,-0.0,0.0,0.820888827784158
1785524914257928500,0,-0.0002,-0.0,-0.0,0.0,0.820888827784158
1785524914278133400,0,-0.0002,-0.0,-0.0,0.0,0.8184391331679025
1785524914298659700,0,-0.0002,-0.0,-0.0,0.0,0.8136493966056542
1785524914318015900,0,-0.0002,-0.0,-0.0,0.0,0.8064463116135734
1785524914339033800,0,-0.0002,-0.0,-0.0,0.0,0.7965762089508123
1785524914358206900,0,-0.0002,-0.0,-0.0,0.0,0.78669830895082
1785524914378243100,0,-0.0002,-0.0,-0.0,0.0,0.7766768089505992
1785524914398001300,0,-0.0002,-0.0,-0.0,0.0,0.7668012089499304
1785524914417971800,0,-0.0002,-0.0,-0.0,0.0,0.7568172589500525
1785524914438576300,0,-0.0002,-0.0,-0.0,0.0,0.7467663089493205
1785524914457980100,0,-0.0002,-0.0,-0.0,0.0,0.7368130089499961
1785524914478943300,0,-0.0002,-0.0,-0.0,0.0,0.7268068089498617
1785524914498652500,0,-0.0002,-0.0,-0.0,0.0,0.7167210089493371
1785524914518734700,0,-0.0002,-0.0,-0.0,0.0,0.7066985589509774
1785524914538605400,0,-0.0002,-0.0,-0.0,0.0,0.6967863089495429
1785524914558184000,0,-0.0002,-0.0,-0.0,0.0,0.6867091589494
1785524914579179100,0,-0.0002,-0.0,-0.0,0.0,0.676665158950657
1785524914598843200,0,-0.0002,-0.0,-0.0,0.0,0.6667254089508267
1785524914618270600,0,-0.0002,-0.0,-0.0,0.0,0.6566682589501786
1785524914638320700,0,-0.0002,-0.0,-0.0,0.0,0.6468944589497757
1785524914658723800,0,-0.0002,-0.0,-0.0,0.0,0.6366887089508443
1785524914678922200,0,-0.0002,-0.0,-0.0,0.0,0.6267995089503008
1785524914698237800,0,-0.0002,-0.0,-0.0,0.0,0.6166828589495187
1785524914718118000,0,-0.0002,-0.0,-0.0,0.0,0.6067402089494341
1785524914738661600,0,-0.0002,-0.0,-0.0,0.0,0.5967340589496805
1785524914758644200,0,-0.0002,-0.0,-0.0,0.0,0.586783708950991
1785524914777943300,0,-0.0002,-0.0,-0.0,0.0,0.5768288089503973
1785524914798334700,0,-0.0002,-0.0,-0.0,0.0,0.5668919589508211
1785524914818068000,0,-0.0002,-0.0,-0.0,0.0,0.5567671589498265
1785524914838550800,0,-0.0002,-0.0,-0.0,0.0,0.5467747589510897
1785524914858267800,0,-0.0002,-0.0,-0.0,0.0,0.5366649589497162
1785524914878220100,0,-0.0002,-0.0,-0.0,0.0,0.5266901089500086
1785524914898403700,0,-0.0002,-0.0,-0.0,0.0,0.5168503089509092
1785524914917897900,0,-0.0002,-0.0,-0.0,0.0,0.5068535089495915
1785524914938592000,0,-0.0002,-0.0,-0.0,0.0,0.49679240894978893
1785524914958784200,0,-0.0002,-0.0,-0.0,0.0,0.4866598589498087
1785524914978605500,0,-0.0002,-0.0,-0.0,0.0,0.4768547589493598
1785524914998785400,0,-0.0002,-0.0,-0.0,0.0,0.46665715895064086
1785524915018642500,0,-0.0002,-0.0,-0.0,0.0,0.4567390589501362
1785524915038879200,0,-0.0002,-0.0,-0.0,0.0,0.4466675589493595
1785524915057946700,0,-0.0002,-0.0,-0.0,0.0,0.4368280589507255
1785524915078257400,0,-0.0002,-0.0,-0.0,0.0,0.42666705895057266
1785524915098781300,0,-0.0002,-0.0,-0.0,0.0,0.4167407089509131
1785524915118133600,0,-0.0002,-0.0,-0.0,0.0,0.40673275895018624
1785524915138673900,0,-0.0002,-0.0,-0.0,0.0,0.3967529089506049
1785524915158040700,0,-0.0002,-0.0,-0.0,0.0,0.3867831589497134
1785524915179017900,0,-0.0002,-0.0,-0.0,0.0,0.37672620895058817
1785524915198511600,0,-0.0002,-0.0,-0.0,0.0,0.366852508949835
1785524915217955200,0,-0.0002,-0.0,-0.0,0.0,0.35682295895016314
1785524915238563300,0,-0.0002,-0.0,-0.0,0.0,0.3468131589499014
1785524915258064800,0,-0.0002,-0.0,-0.0,0.0,0.3367702089500587
1785524915278169500,0,-0.0002,-0.0,-0.0,0.0,0.32668210895021066
1785524915298011400,0,-0.0002,-0.0,-0.0,0.0,0.3167846089501315
1785524915317797000,0,-0.0002,-0.0,-0.0,0.0,0.306872708949543
1785524915338432800,0,-0.0002,-0.0,-0.0,0.0,0.2968379589502935
1785524915358541800,0,-0.0002,-0.0,-0.0,0.0,0.2867806089499415
1785524915378460100,0,-0.0002,-0.0,-0.0,0.0,0.2792248775347702
1785524915399285900,0,-0.0002,-0.0,-0.0,0.0,0.27394992327490614
1785524915418650800,0,-0.0002,-0.0,-0.0,0.0,0.27118488708676464
1785524915437991600,0,-0.0002,-0.0,-0.0,0.0,0.27077678851494447
1785524915457970300,0,-0.0002,-0.0,-0.0,0.0,0.27077678851494447
1785524915478680700,0,-0.0002,-0.0,-0.0,0.0,0.27077678851494447
1785524915498626400,0,-0.0002,-0.0,-0.0,0.0,0.27077678851494447
1785524915518769800,0,-0.0002,-0.0,-0.0,0.0,0.27077678851494447
1785524915538220400,0,-0.0002,-0.0,-0.0,0.0,0.27077678851494447
1785524915558544200,0,-0.0002,-0.0,-0.0,0.0,0.27077678851494447
1785524915578107200,0,-0.0002,-0.0,-0.0,0.0,0.27077678851494447
1785524915598756500,0,-0.0002,-0.0,-0.0,0.0,0.27077678851494447
1785524915617902800,0,-0.0002,-0.0,-0.0,0.0,0.27077678851494447
1785524915638617400,0,-0.0002,-0.0,-0.0,0.0,0.27077678851494447
1785524915657881000,0,-0.0002,-0.0,-0.0,0.0,0.27077678851494447
1785524915678111400,0,-0.0002,-0.0,-0.0,0.0,0.27077678851494447
1785524915697901000,0,-0.0002,-0.0,-0.0,0.0,0.27077678851494447
1785524915718331100,0,-0.0002,-0.0,-0.0,0.0,0.27077678851494447
1785524915738171000,0,-0.0002,-0.0,-0.0,0.0,0.27077678851494447
1785524915758535400,0,-0.0002,-0.0,-0.0,0.0,0.27077678851494447
1785524915778455700,0,-0.0002,-0.0,-0.0,0.0,0.27077678851494447
1785524915798767400,0,-0.0002,-0.0,-0.0,0.0,0.27077678851494447
1785524915818505500,0,-0.0002,-0.0,-0.0,0.0,0.27077678851494447
1785524915838337200,0,-0.0002,-0.0,-0.0,0.0,0.27077678851494447
1785524915858422800,0,-0.0002,-0.0,-0.0,0.0,0.27077678851494447
1785524915878979400,0,-0.0002,-0.0,-0.0,0.0,0.27077678851494447
1785524915898087800,0,-0.0002,-0.0,-0.0,0.0,0.2684093413754633
1785524915918903000,0,-0.0002,-0.0,-0.0,0.0,0.26356642534398905
1785524915938484300,0,-0.0002,-0.0,-0.0,0.0,0.25657009117611884
1785524915957965100,0,-0.0002,-0.0,-0.0,0.0,0.2469348780182887
1785524915978337200,0,-0.0002,-0.0,-0.0,0.0,0.23675607801902207
1785524915998358400,0,-0.0002,-0.0,-0.0,0.0,0.22698822801845073
1785524916018695500,0,-0.0002,-0.0,-0.0,0.0,0.2168196780190161
1785524916038232000,0,-0.0002,-0.0,-0.0,0.0,0.20679552801862575
1785524916058606500,0,-0.0002,-0.0,-0.0,0.0,0.1969166780186757
1785524916077881500,0,-0.0002,-0.0,-0.0,0.0,0.18696987801791384
1785524916098488600,0,-0.0002,-0.0,-0.0,0.0,0.17692517801929772
1785524916118760400,0,-0.0002,-0.0,-0.0,0.0,0.16925279709098287
1785524916137985900,0,-0.0002,-0.0,-0.0,0.0,0.16408916215588462
1785524916158313000,0,-0.0002,-0.0,-0.0,0.0,0.16131922293977374
1785524916177884800,0,-0.0002,-0.0,-0.0,0.0,0.16091799045871127
1785524916198611500,0,-0.0002,-0.0,-0.0,0.0,0.16091799045871127
1785524916218501300,0,-0.0002,-0.0,-0.0,0.0,0.16091799045871127
1785524916238246700,0,-0.0002,-0.0,-0.0,0.0,0.16091799045871127
1785524916258477300,0,-0.0002,-0.0,-0.0,0.0,0.16091799045871127
1785524916277864100,0,-0.0002,-0.0,-0.0,0.0,0.16091799045871127
1785524916298644000,0,-0.0002,-0.0,-0.0,0.0,0.16091799045871127
1785524916318611800,0,-0.0002,-0.0,-0.0,0.0,0.16091799045871127
1785524916338824700,0,-0.0002,-0.0,-0.0,0.0,0.16091799045871127
1785524916357908500,0,-0.0002,-0.0,-0.0,0.0,0.16091799045871127
1785524916378688000,0,-0.0002,-0.0,-0.0,0.0,0.16091799045871127
1785524916398250900,0,-0.0002,-0.0,-0.0,0.0,0.16091799045871127
1785524916418977400,0,-0.0002,-0.0,-0.0,0.0,0.16091799045871127
1785524916438956100,0,-0.0002,-0.0,-0.0,0.0,0.16091799045871127
1785524916458501000,0,-0.0002,-0.0,-0.0,0.0,0.16091799045871127
1785524916478527900,0,-0.0002,-0.0,-0.0,0.0,0.16091799045871127
1785524916498077700,0,-0.0002,-0.0,-0.0,0.0,0.16091799045871127
1785524916518375300,0,-0.0002,-0.0,-0.0,0.0,0.16091799045871127
1785524916538721300,0,-0.0002,-0.0,-0.0,0.0,0.16091799045871127
1785524916558259900,0,-0.0002,-0.0,-0.0,0.0,0.16091799045871127
1785524916578492800,0,-0.0002,-0.0,-0.0,0.0,0.16091799045871127
1785524916598091800,0,-0.0002,-0.0,-0.0,0.0,0.16091799045871127
1785524916618186200,0,-0.0002,-0.0,-0.0,0.0,0.16091799045871127
1785524916638437300,0,-0.0002,-0.0,-0.0,0.0,0.16091799045871127
1785524916658577200,0,-0.0002,-0.0,-0.0,0.0,0.16091799045871127
1785524916678062700,0,-0.0002,-0.0,-0.0,0.0,0.16091799045871127
1785524916698747100,0,-0.0002,-0.0,-0.0,0.0,0.16091799045871127
1785524916718474500,0,-0.0002,-0.0,-0.0,0.0,0.16091799045871127
1785524916738137300,0,-0.0002,-0.0,-0.0,0.0,0.16091799045871127
1785524916758807300,0,-0.0002,-0.0,-0.0,0.0,0.16091799045871127
1785524916778694300,0,-0.0002,-0.0,-0.0,0.0,0.16091799045871127
1785524916798993000,0,-0.0002,-0.0,-0.0,0.0,0.16091799045871127
1785524916818658900,0,-0.0002,-0.0,-0.0,0.0,0.16091799045871127
1785524916837941600,0,-0.0002,-0.0,-0.0,0.0,0.16091799045871127
1785524916858237000,0,-0.0002,-0.0,-0.0,0.0,0.16091799045871127
1785524916878559800,0,-0.0002,-0.0,-0.0,0.0,0.16091799045871127
1785524916898828700,0,-0.0002,-0.0,-0.0,0.0,0.16091799045871127
1785524916918558400,0,-0.0002,-0.0,-0.0,0.0,0.16091799045871127
1785524916938294500,0,-0.0002,-0.0,-0.0,0.0,0.16091799045871127
1785524916958505200,0,-0.0002,-0.0,-0.0,0.0,0.16091799045871127
1785524916978038300,0,-0.0002,-0.0,-0.0,0.0,0.16091799045871127
1785524916998923500,0,-0.0002,-0.0,-0.0,0.0,0.16091799045871127
1785524917018231000,0,-0.0002,-0.0,-0.0,0.0,0.16091799045871127
1785524917038782100,0,-0.0002,-0.0,-0.0,0.0,0.16091799045871127
1785524917058246600,0,-0.0002,-0.0,-0.0,0.0,0.16091799045871127
1785524917078883600,0,-0.0002,-0.0,-0.0,0.0,0.16091799045871127
1785524917098488900,0,-0.0002,-0.0,-0.0,0.0,0.16091799045871127
1785524917117902400,0,-0.0002,-0.0,-0.0,0.0,0.16091799045871127
1785524917138777800,0,-0.0002,-0.0,-0.0,0.0,0.16091799045871127
1785524917158162800,0,-0.0002,-0.0,-0.0,0.0,0.16091799045871127
1785524917178552200,0,-0.0002,-0.0,-0.0,0.0,0.16091799045871127
1785524917198996800,0,-0.0002,-0.0,-0.0,0.0,0.16091799045871127
1785524917218596700,0,-0.0002,-0.0,-0.0,0.0,0.1585051092206818
1785524917238260300,0,-0.0002,-0.0,-0.0,0.0,0.15363583584822965
1785524917258733900,0,-0.0002,-0.0,-0.0,0.0,0.14641777584476356
1785524917278928800,0,-0.0002,-0.0,-0.0,0.0,0.1368643035855419
1785524917298194900,0,-0.0002,-0.0,-0.0,0.0,0.12682735358591146
1785524917318000900,0,-0.0002,-0.0,-0.0,0.0,0.1192763931989094
1785524917338116200,0,-0.0002,-0.0,-0.0,0.0,0.11403767901768672
1785524917357954400,0,-0.0002,-0.0,-0.0,0.0,0.11123244176347723
1785524917378947900,0,-0.0002,-0.0,-0.0,0.0,0.11081980000572597
1785524917398630900,0,-0.0002,-0.0,-0.0,0.0,0.11081980000572597
1785524917417796500,0,-0.0002,-0.0,-0.0,0.0,0.11081980000572597
1785524917438521100,0,-0.0002,-0.0,-0.0,0.0,0.11081980000572597
1785524917458486800,0,-0.0002,-0.0,-0.0,0.0,0.11081980000572597
1785524917478293300,0,-0.0002,-0.0,-0.0,0.0,0.11081980000572597
1785524917498712000,0,-0.0002,-0.0,-0.0,0.0,0.11081980000572597
1785524917518772800,0,-0.0002,-0.0,-0.0,0.0,0.11081980000572597
1785524917538044100,0,-0.0002,-0.0,-0.0,0.0,0.11081980000572597
1785524917558241000,0,-0.0002,-0.0,-0.0,0.0,0.11081980000572597
1785524917578574600,0,-0.0002,-0.0,-0.0,0.0,0.11081980000572597
1785524917598162300,0,-0.0002,-0.0,-0.0,0.0,0.11081980000572597
1785524917618825700,0,-0.0002,-0.0,-0.0,0.0,0.11081980000572597
1785524917638213600,0,-0.0002,-0.0,-0.0,0.0,0.11081980000572597
1785524917658747700,0,-0.0002,-0.0,-0.0,0.0,0.11081980000572597
1785524917679148000,0,-0.0002,-0.0,-0.0,0.0,0.11081980000572597
1785524917698242400,0,-0.0002,-0.0,-0.0,0.0,0.11081980000572597
1785524917718511400,0,-0.0002,-0.0,-0.0,0.0,0.11081980000572597
1785524917738652200,0,-0.0002,-0.0,-0.0,0.0,0.11081980000572597
1785524917758740000,0,-0.0002,-0.0,-0.0,0.0,0.11081980000572597
1785524917778734300,0,-0.0002,-0.0,-0.0,0.0,0.11081980000572597
1785524917798435100,0,-0.0002,-0.0,-0.0,0.0,0.11081980000572597
1785524917818608900,0,-0.0002,-0.0,-0.0,0.0,0.11081980000572597
1785524917838587900,0,-0.0002,-0.0,-0.0,0.0,0.11081980000572597
1785524917858732300,0,-0.0002,-0.0,-0.0,0.0,0.11081980000572597
1785524917878354100,0,-0.0002,-0.0,-0.0,0.0,0.11081980000572597
1785524917898003900,0,-0.0002,-0.0,-0.0,0.0,0.11081980000572597
1785524917918204300,0,-0.0002,-0.0,-0.0,0.0,0.11081980000572597
1785524917938471100,0,-0.0002,-0.0,-0.0,0.0,0.11081980000572597
1785524917958254400,0,-0.0002,-0.0,-0.0,0.0,0.11081980000572597
1785524917978387600,0,-0.0002,-0.0,-0.0,0.0,0.11081980000572597
1785524917998068000,0,-0.0002,-0.0,-0.0,0.0,0.11081980000572597
1785524918018456000,0,-0.0002,-0.0,-0.0,0.0,0.11081980000572597
1785524918038268400,0,-0.0002,-0.0,-0.0,0.0,0.11081980000572597
1785524918058044000,0,-0.0002,-0.0,-0.0,0.0,0.11081980000572597
1785524918078292300,0,-0.0002,-0.0,-0.0,0.0,0.11081980000572597
1785524918097982500,0,-0.0002,-0.0,-0.0,0.0,0.11081980000572597
1785524918118588300,0,-0.0002,-0.0,-0.0,0.0,0.11081980000572597
1785524918138186100,0,-0.0002,-0.0,-0.0,0.0,0.11081980000572597
1785524918157786000,0,-0.0002,-0.0,-0.0,0.0,0.11081980000572597
1785524918178259100,0,-0.0002,-0.0,-0.0,0.0,0.11081980000572597
1785524918198569800,0,-0.0002,-0.0,-0.0,0.0,0.11081980000572597
1785524918218061000,0,-0.0002,-0.0,-0.0,0.0,0.11081980000572597
1785524918237867900,0,-0.0002,-0.0,-0.0,0.0,0.11081980000572597
1785524918258071200,0,-0.0002,-0.0,-0.0,0.0,0.11081980000572597
1785524918277935800,0,-0.0002,-0.0,-0.0,0.0,0.11081980000572597
1785524918298463800,0,-0.0002,-0.0,-0.0,0.0,0.11081980000572597
1785524918318061100,0,-0.0002,-0.0,-0.0,0.0,0.11081980000572597
1785524918338446200,0,-0.0002,-0.0,-0.0,0.0,0.11081980000572597
1785524918357924400,0,-0.0002,-0.0,-0.0,0.0,0.11081980000572597
1785524918378080100,0,-0.0002,-0.0,-0.0,0.0,0.11081980000572597
1785524918398688900,0,-0.0002,-0.0,-0.0,0.0,0.11081980000572597
1785524918418709900,0,-0.0002,-0.0,-0.0,0.0,0.11081980000572597
1785524918437850900,0,-0.0002,-0.0,-0.0,0.0,0.11081980000572597
1785524918457825700,0,-0.0002,-0.0,-0.0,0.0,0.11081980000572597
1785524918478719600,0,-0.0002,-0.0,-0.0,0.0,0.11081980000572597
1785524918498552000,0,-0.0002,-0.0,-0.0,0.0,0.11081980000572597
1785524918517845300,0,-0.0002,-0.0,-0.0,0.0,0.11081980000572597
1785524918538327600,0,-0.0002,-0.0,-0.0,0.0,0.11081980000572597
1785524918558143600,0,-0.0002,-0.0,-0.0,0.0,0.11081980000572597
1785524918577909500,0,-0.0002,-0.0,-0.0,0.0,0.11081980000572597
1785524918598586800,0,-0.0002,-0.0,-0.0,0.0,0.11081980000572597
1785524918617920800,0,-0.0002,-0.0,-0.0,0.0,0.11081980000572597
1785524918638786600,0,-0.0002,-0.0,-0.0,0.0,0.11081980000572597
1785524918658223000,0,-0.0002,-0.0,-0.0,0.0,0.11081980000572597
1785524918678319000,0,-0.0002,-0.0,-0.0,0.0,0.11081980000572597
1785524918697829400,0,-0.0002,-0.0,-0.0,0.0,0.11081980000572597
1785524918717905400,0,-0.0002,-0.0,-0.0,0.0,0.11081980000572597
1785524918738875700,0,-0.0002,-0.0,-0.0,0.0,0.11081980000572597
1785524918758004200,0,-0.0002,-0.0,-0.0,0.0,0.11081980000572597
1785524918777933100,0,-0.0002,-0.0,-0.0,0.0,0.11081980000572597
1785524918798748400,0,-0.0002,-0.0,-0.0,0.0,0.11081980000572597
1785524918818835800,0,-0.0002,-0.0,-0.0,0.0,0.11081980000572597
1785524918838818000,0,-0.0002,-0.0,-0.0,0.0,0.11081980000572597
1785524918857990100,0,-0.0002,-0.0,-0.0,0.0,0.11081980000572597
1785524918878843500,0,-0.0002,-0.0,-0.0,0.0,0.11081980000572597
1785524918898922600,0,-0.0002,-0.0,-0.0,0.0,0.11081980000572597
1785524918918431300,0,-0.0002,-0.0,-0.0,0.0,0.11081980000572597
1785524918939105700,0,-0.0002,-0.0,-0.0,0.0,0.11081980000572597
1785524918958236500,0,-0.0002,-0.0,-0.0,0.0,0.11081980000572597
1785524918978861900,0,-0.0002,-0.0,-0.0,0.0,0.11081980000572597
1785524918998708500,0,-0.0002,-0.0,-0.0,0.0,0.11081980000572597
1785524919018496500,0,-0.0002,-0.0,-0.0,0.0,0.11081980000572597
1785524919038242100,0,-0.0002,-0.0,-0.0,0.0,0.11081980000572597
1785524919057994000,0,-0.0002,-0.0,-0.0,0.0,0.11081980000572597
1785524919078520200,0,-0.0002,-0.0,-0.0,0.0,0.11081980000572597
1785524919097806600,0,-0.0002,-0.0,-0.0,0.0,0.11081980000572597
1785524919118644800,0,-0.0002,-0.0,-0.0,0.0,0.11081980000572597
1785524919138160400,0,-0.0002,-0.0,-0.0,0.0,0.11081980000572597
1785524919158131100,0,-0.0002,-0.0,-0.0,0.0,0.11081980000572597
1785524919178887100,0,-0.0002,-0.0,-0.0,0.0,0.11081980000572597
1785524919198554100,0,-0.0002,-0.0,-0.0,0.0,0.11081980000572597
1785524919218080800,0,-0.0002,-0.0,-0.0,0.0,0.11081980000572597
1785524919237813100,0,-0.0002,-0.0,-0.0,0.0,0.11081980000572597
1785524919257844100,0,-0.0002,-0.0,-0.0,0.0,0.11081980000572597
1785524919277921200,0,-0.0002,-0.0,-0.0,0.0,0.11081980000572597
1785524919297929500,0,-0.0002,-0.0,-0.0,0.0,0.11081980000572597
1785524919318903300,0,-0.0002,-0.0,-0.0,0.0,0.11081980000572597
1785524919337863000,0,-0.0002,-0.0,-0.0,0.0,0.11081980000572597
1785524919357900900,0,-0.0002,-0.0,-0.0,0.0,0.11081980000572597
1785524919378929100,0,-0.0002,-0.0,-0.0,0.0,0.11081980000572597
1785524919398700300,0,-0.0002,-0.0,-0.0,0.0,0.11081980000572597
1785524919418727100,0,-0.0002,-0.0,-0.0,0.0,0.11081980000572597
1785524919438576500,0,-0.0002,-0.0,-0.0,0.0,0.11081980000572597
1785524919458020000,0,-0.0002,-0.0,-0.0,0.0,0.11081980000572597
1785524919478316500,0,-0.0002,-0.0,-0.0,0.0,0.11081980000572597
1785524919498634000,0,-0.0002,-0.0,-0.0,0.0,0.11081980000572597
1785524919518214200,0,-0.0002,-0.0,-0.0,0.0,0.11081980000572597
1785524919538686900,0,-0.0002,-0.0,-0.0,0.0,0.11081980000572597
1785524919558166000,0,-0.0002,-0.0,-0.0,0.0,0.11081980000572597
1785524919578481400,0,-0.0002,-0.0,-0.0,0.0,0.11081980000572597
1785524919598251300,0,-0.0002,-0.0,-0.0,0.0,0.11081980000572597
1785524919617936700,0,-0.0002,-0.0,-0.0,0.0,0.11081980000572597
1785524919638019000,0,-0.0002,-0.0,-0.0,0.0,0.11081980000572597
1785524919658413900,0,-0.0002,-0.0,-0.0,0.0,0.11081980000572597
1785524919678018500,0,-0.0002,-0.0,-0.0,0.0,0.11081980000572597
1785524919698746700,0,-0.0002,-0.0,-0.0,0.0,0.11081980000572597
1785524919718714600,0,-0.0002,-0.0,-0.0,0.0,0.11081980000572597
1785524919738608100,0,-0.0002,-0.0,-0.0,0.0,0.11081980000572597
1785524919757966400,0,-0.0002,-0.0,-0.0,0.0,0.11081980000572597
1785524919778660200,0,-0.0002,-0.0,-0.0,0.0,0.11081980000572597
1785524919798553600,0,-0.0002,-0.0,-0.0,0.0,0.11081980000572597
1785524919818616500,0,-0.0002,-0.0,-0.0,0.0,0.11081980000572597
1785524919838193200,0,-0.0002,-0.0,-0.0,0.0,0.11081980000572597
1785524919858861800,0,-0.0002,-0.0,-0.0,0.0,0.11081980000572597
1785524919878001500,0,-0.0002,-0.0,-0.0,0.0,0.11081980000572597
1785524919898034100,0,-0.0002,-0.0,-0.0,0.0,0.11081980000572597
1785524919918437500,0,-0.0002,-0.0,-0.0,0.0,0.11081980000572597
1785524919938094900,0,-0.0002,-0.0,-0.0,0.0,0.11081980000572597
1785524919958580500,0,-0.0002,-0.0,-0.0,0.0,0.11081980000572597
1785524919978014900,0,-0.0002,-0.0,-0.0,0.0,0.11081980000572597
1785524919998026700,0,-0.0002,-0.0,-0.0,0.0,0.11081980000572597
1785524920018137200,0,-0.0002,-0.0,-0.0,0.0,0.11081980000572597
1785524920038572700,0,-0.0002,-0.0,-0.0,0.0,0.11081980000572597
1785524920058130400,0,-0.0002,-0.0,-0.0,0.0,0.11081980000572597
1785524920078973300,0,-0.0002,-0.0,-0.0,0.0,0.11081980000572597
1785524920098507000,0,-0.0002,-0.0,-0.0,0.0,0.11081980000572597
1785524920118246100,0,-0.0002,-0.0,-0.0,0.0,0.11081980000572597
1785524920138870900,0,-0.0002,-0.0,-0.0,0.0,0.11081980000572597
1785524920158149900,0,-0.0002,-0.0,-0.0,0.0,0.11081980000572597
1785524920178636600,0,-0.0002,-0.0,-0.0,0.0,0.11081980000572597
1785524920198456900,0,-0.0002,-0.0,-0.0,0.0,0.11081980000572597
1785524920217921400,0,-0.0002,-0.0,-0.0,0.0,0.11081980000572597
1785524920238626300,0,-0.0002,-0.0,-0.0,0.0,0.11081980000572597
1785524920258133500,0,-0.0002,-0.0,-0.0,0.0,0.11081980000572597
1785524920278655100,0,-0.0002,-0.0,-0.0,0.0,0.11081980000572597
1785524920298088400,0,-0.0002,-0.0,-0.0,0.0,0.11081980000572597
1785524920318643300,0,-0.0002,-0.0,-0.0,0.0,0.11081980000572597
1785524920337839800,0,-0.0002,-0.0,-0.0,0.0,0.11081980000572597
1785524920358879000,0,-0.0002,-0.0,-0.0,0.0,0.11081980000572597
1785524920378081400,0,-0.0002,-0.0,-0.0,0.0,0.11081980000572597
1785524920398786900,0,-0.0002,-0.0,-0.0,0.0,0.11081980000572597
1785524920418939600,0,-0.0002,-0.0,-0.0,0.0,0.11081980000572597
1785524920437929600,0,-0.0002,-0.0,-0.0,0.0,0.11081980000572597
1785524920458181000,0,-0.0002,-0.0,-0.0,0.0,0.11081980000572597
1785524920478354400,0,-0.0002,-0.0,-0.0,0.0,0.11081980000572597
1785524920498381800,0,-0.0002,-0.0,-0.0,0.0,0.11081980000572597
1785524920518761100,0,-0.0002,-0.0,-0.0,0.0,0.11081980000572597
1785524920538049500,0,-0.0002,-0.0,-0.0,0.0,0.11081980000572597
1785524920558082600,0,-0.0002,-0.0,-0.0,0.0,0.11081980000572597
1785524920578058800,0,-0.0002,-0.0,-0.0,0.0,0.11081980000572597
1785524920598046400,0,-0.0002,-0.0,-0.0,0.0,0.11081980000572597
1785524920618154100,0,-0.0002,-0.0,-0.0,0.0,0.11081980000572597
1785524920638202000,0,-0.0002,-0.0,-0.0,0.0,0.11081980000572597
1785524920658266000,0,-0.0002,-0.0,-0.0,0.0,0.11081980000572597
1785524920678635200,0,-0.0002,-0.0,-0.0,0.0,0.11081980000572597
1785524920699066300,0,-0.0002,-0.0,-0.0,0.0,0.11081980000572597
1785524920718373400,0,-0.0002,-0.0,-0.0,0.0,0.11081980000572597
1785524920738550100,0,-0.0002,-0.0,-0.0,0.0,0.11081980000572597
1785524920758090500,0,-0.0002,-0.0,-0.0,0.0,0.11081980000572597
1785524920778423400,0,-0.0002,-0.0,-0.0,0.0,0.11081980000572597
1785524920798088600,0,-0.0002,-0.0,-0.0,0.0,0.11081980000572597
1785524920818493700,0,-0.0002,-0.0,-0.0,0.0,0.11081980000572597
1785524920838267100,0,-0.0002,-0.0,-0.0,0.0,0.11081980000572597
1785524920857842700,0,-0.0002,-0.0,-0.0,0.0,0.11081980000572597
1785524920878585600,0,-0.0002,-0.0,-0.0,0.0,0.11081980000572597
1785524920898454000,0,-0.0002,-0.0,-0.0,0.0,0.11081980000572597
1785524920918678000,0,-0.0002,-0.0,-0.0,0.0,0.11081980000572597
1785524920938673300,0,-0.0002,-0.0,-0.0,0.0,0.11081980000572597
1785524920958032100,0,-0.0002,-0.0,-0.0,0.0,0.11081980000572597
1785524920978454600,0,-0.0002,-0.0,-0.0,0.0,0.11081980000572597
1785524920998162800,0,-0.0002,-0.0,-0.0,0.0,0.11081980000572597
1785524921018683900,0,-0.0002,-0.0,-0.0,0.0,0.11081980000572597
1785524921038118700,0,-0.0002,-0.0,-0.0,0.0,0.11081980000572597
1785524921057890000,0,-0.0002,-0.0,-0.0,0.0,0.11081980000572597
1785524921078537300,0,-0.0002,-0.0,-0.0,0.0,0.11081980000572597
1785524921097890700,0,-0.0002,-0.0,-0.0,0.0,0.11081980000572597
1785524921117869300,0,-0.0002,-0.0,-0.0,0.0,0.11081980000572597
1785524921137795200,0,-0.0002,-0.0,-0.0,0.0,0.11081980000572597
1785524921158258400,0,-0.0002,-0.0,-0.0,0.0,0.11081980000572597
1785524921178260600,0,-0.0002,-0.0,-0.0,0.0,0.11081980000572597
1785524921198351800,0,-0.0002,-0.0,-0.0,0.0,0.11081980000572597
1785524921217840600,0,-0.0002,-0.0,-0.0,0.0,0.11081980000572597
1785524921238623700,0,-0.0002,-0.0,-0.0,0.0,0.11081980000572597
1785524921257882600,0,-0.0002,-0.0,-0.0,0.0,0.11081980000572597
1785524921278187600,0,-0.0002,-0.0,-0.0,0.0,0.11081980000572597
1785524921298625200,0,-0.0002,-0.0,-0.0,0.0,0.11081980000572597
1785524921319053000,0,-0.0002,-0.0,-0.0,0.0,0.11081980000572597
1785524921338193600,0,-0.0002,-0.0,-0.0,0.0,0.11081980000572597
1785524921357993700,0,-0.0002,-0.0,-0.0,0.0,0.11081980000572597
1785524921378719700,0,-0.0002,-0.0,-0.0,0.0,0.11081980000572597
1785524921398431900,0,-0.0002,-0.0,-0.0,0.0,0.11081980000572597
1785524921418780900,0,-0.0002,-0.0,-0.0,0.0,0.11081980000572597
1785524921438166400,0,-0.0002,-0.0,-0.0,0.0,0.11081980000572597
1785524921458434500,0,-0.0002,-0.0,-0.0,0.0,0.11081980000572597
1785524921478685600,0,-0.0002,-0.0,-0.0,0.0,0.11081980000572597
1785524921498433100,0,-0.0002,-0.0,-0.0,0.0,0.11081980000572597
1785524921518567500,0,-0.0002,-0.0,-0.0,0.0,0.11081980000572597
1785524921538638600,0,-0.0002,-0.0,-0.0,0.0,0.11081980000572597
1785524921558630900,0,-0.0002,-0.0,-0.0,0.0,0.11081980000572597
1785524921578367200,0,-0.0002,-0.0,-0.0,0.0,0.11081980000572597
1785524921598253000,0,-0.0002,-0.0,-0.0,0.0,0.11081980000572597
1785524921618506800,0,-0.0002,-0.0,-0.0,0.0,0.11081980000572597
1785524921637958600,0,-0.0002,-0.0,-0.0,0.0,0.11081980000572597
1785524921658514000,0,-0.0002,-0.0,-0.0,0.0,0.11081980000572597
1785524921678216800,0,-0.0002,-0.0,-0.0,0.0,0.11081980000572597
1785524921698325500,0,-0.0002,-0.0,-0.0,0.0,0.11081980000572597
1785524921718293000,0,-0.0002,-0.0,-0.0,0.0,0.11081980000572597
1785524921738743200,0,-0.0002,-0.0,-0.0,0.0,0.11081980000572597
1785524921758161300,0,-0.0002,-0.0,-0.0,0.0,0.11081980000572597
1785524921779241200,0,-0.0002,-0.0,-0.0,0.0,0.11081980000572597
1785524921798343100,0,-0.0002,-0.0,-0.0,0.0,0.11081980000572597
1785524921818133300,0,-0.0002,-0.0,-0.0,0.0,0.11081980000572597
1785524921838420200,0,-0.0002,-0.0,-0.0,0.0,0.11081980000572597
1785524921858285400,0,-0.0002,-0.0,-0.0,0.0,0.11081980000572597
1785524921878968700,0,-0.0002,-0.0,-0.0,0.0,0.11081980000572597
1785524921898064900,0,-0.0002,-0.0,-0.0,0.0,0.11081980000572597
1785524921918586200,0,-0.0002,-0.0,-0.0,0.0,0.11081980000572597
1785524921938651400,0,-0.0002,-0.0,-0.0,0.0,0.11081980000572597
1785524921958013700,0,-0.0002,-0.0,-0.0,0.0,0.11081980000572597
1785524921978482500,0,-0.0002,-0.0,-0.0,0.0,0.11081980000572597
1785524921997837000,0,-0.0002,-0.0,-0.0,0.0,0.11081980000572597
1785524922017980500,0,-0.0002,-0.0,-0.0,0.0,0.11081980000572597
1785524922038275000,0,-0.0002,-0.0,-0.0,0.0,0.11081980000572597
1785524922058145800,0,-0.0002,-0.0,-0.0,0.0,0.11081980000572597
1785524922078761000,0,-0.0002,-0.0,-0.0,0.0,0.11081980000572597
1785524922099112400,0,-0.0002,-0.0,-0.0,0.0,0.11081980000572597
1785524922118627700,0,-0.0002,-0.0,-0.0,0.0,0.11081980000572597
1785524922138632900,0,-0.0002,-0.0,-0.0,0.0,0.11081980000572597
1785524922158107900,0,-0.0002,-0.0,-0.0,0.0,0.11081980000572597
1785524922178314600,0,-0.0002,-0.0,-0.0,0.0,0.11081980000572597
1785524922198164400,0,-0.0002,-0.0,-0.0,0.0,0.11081980000572597
1785524922218494000,0,-0.0002,-0.0,-0.0,0.0,0.11081980000572597
1785524922237851700,0,-0.0002,-0.0,-0.0,0.0,0.11081980000572597
1785524922258530300,0,-0.0002,-0.0,-0.0,0.0,0.11081980000572597
1785524922277889500,0,-0.0002,-0.0,-0.0,0.0,0.11081980000572597
1785524922297894400,0,-0.0002,-0.0,-0.0,0.0,0.11081980000572597
1785524922318212500,0,-0.0002,-0.0,-0.0,0.0,0.11081980000572597
1785524922338524600,0,-0.0002,-0.0,-0.0,0.0,0.11081980000572597
1785524922358643700,0,-0.0002,-0.0,-0.0,0.0,0.11081980000572597
1785524922378110600,0,-0.0002,-0.0,-0.0,0.0,0.11081980000572597
1785524922398372700,0,-0.0002,-0.0,-0.0,0.0,0.11081980000572597
1785524922418715600,0,-0.0002,-0.0,-0.0,0.0,0.11081980000572597
1785524922438613000,0,-0.0002,-0.0,-0.0,0.0,0.11081980000572597
1785524922458126500,0,-0.0002,-0.0,-0.0,0.0,0.11081980000572597
1785524922478347900,0,-0.0002,-0.0,-0.0,0.0,0.11081980000572597
1785524922497855200,0,-0.0002,-0.0,-0.0,0.0,0.11081980000572597
1785524922518469500,0,-0.0002,-0.0,-0.0,0.0,0.11081980000572597
1785524922537899500,0,-0.0002,-0.0,-0.0,0.0,0.11081980000572597
1785524922558752300,0,-0.0002,-0.0,-0.0,0.0,0.11081980000572597
1785524922578769500,0,-0.0002,-0.0,-0.0,0.0,0.11081980000572597
1785524922598279000,0,-0.0002,-0.0,-0.0,0.0,0.11081980000572597
1785524922618708500,0,-0.0002,-0.0,-0.0,0.0,0.11081980000572597
1785524922638448300,0,-0.0002,-0.0,-0.0,0.0,0.11081980000572597
1785524922658730800,0,-0.0002,-0.0,-0.0,0.0,0.11081980000572597
1785524922678401500,0,-0.0002,-0.0,-0.0,0.0,0.11081980000572597
1785524922697889000,0,-0.0002,-0.0,-0.0,0.0,0.11081980000572597
1785524922718631900,0,-0.0002,-0.0,-0.0,0.0,0.11081980000572597
1785524922737836300,0,-0.0002,-0.0,-0.0,0.0,0.11081980000572597
1785524922758174800,0,-0.0002,-0.0,-0.0,0.0,0.11081980000572597
1785524922778644400,0,-0.0002,-0.0,-0.0,0.0,0.11081980000572597
1785524922797838200,0,-0.0002,-0.0,-0.0,0.0,0.11081980000572597
1785524922818069600,0,-0.0002,-0.0,-0.0,0.0,0.11081980000572597
1785524922838417400,0,-0.0002,-0.0,-0.0,0.0,0.11081980000572597
1785524922857961300,0,-0.0002,-0.0,-0.0,0.0,0.11081980000572597
1785524922878356800,0,-0.0002,-0.0,-0.0,0.0,0.11081980000572597
1785524922898029300,0,-0.0002,-0.0,-0.0,0.0,0.11081980000572597
1785524922918590400,0,-0.0002,-0.0,-0.0,0.0,0.11081980000572597
1785524922937829800,0,-0.0002,-0.0,-0.0,0.0,0.11081980000572597
1785524922957892200,0,-0.0002,-0.0,-0.0,0.0,0.11081980000572597
1785524922978691500,0,-0.0002,-0.0,-0.0,0.0,0.11081980000572597
1785524922998388400,0,-0.0002,-0.0,-0.0,0.0,0.11081980000572597
1785524923018681300,0,-0.0002,-0.0,-0.0,0.0,0.11081980000572597
1785524923037973300,0,-0.0002,-0.0,-0.0,0.0,0.11081980000572597
1785524923058631200,0,-0.0002,-0.0,-0.0,0.0,0.11081980000572597
1785524923078698000,0,-0.0002,-0.0,-0.0,0.0,0.11081980000572597
1785524923098170700,0,-0.0002,-0.0,-0.0,0.0,0.11081980000572597
1785524923118790600,0,-0.0002,-0.0,-0.0,0.0,0.11081980000572597
1785524923137767200,0,-0.0002,-0.0,-0.0,0.0,0.11081980000572597
1785524923158019700,0,-0.0002,-0.0,-0.0,0.0,0.11081980000572597
1785524923178824000,0,-0.0002,-0.0,-0.0,0.0,0.11081980000572597
1785524923198683500,0,-0.0002,-0.0,-0.0,0.0,0.11081980000572597
1785524923218691700,0,-0.0002,-0.0,-0.0,0.0,0.11081980000572597
1785524923238044600,0,-0.0002,-0.0,-0.0,0.0,0.11081980000572597
1785524923257935100,0,-0.0002,-0.0,-0.0,0.0,0.11081980000572597
1785524923278101200,0,-0.0002,-0.0,-0.0,0.0,0.11081980000572597
1785524923298202300,0,-0.0002,-0.0,-0.0,0.0,0.11081980000572597
1785524923318408700,0,-0.0002,-0.0,-0.0,0.0,0.11081980000572597
1785524923338109600,0,-0.0002,-0.0,-0.0,0.0,0.11081980000572597
1785524923358979900,0,-0.0002,-0.0,-0.0,0.0,0.11081980000572597
1785524923378179000,0,-0.0002,-0.0,-0.0,0.0,0.11081980000572597
1785524923398780600,0,-0.0002,-0.0,-0.0,0.0,0.11081980000572597
1785524923418745300,0,-0.0002,-0.0,-0.0,0.0,0.11081980000572597
1785524923438412900,0,-0.0002,-0.0,-0.0,0.0,0.11081980000572597
1785524923458399500,0,-0.0002,-0.0,-0.0,0.0,0.11081980000572597
1785524923477986600,0,-0.0002,-0.0,-0.0,0.0,0.11081980000572597
1785524923498524400,0,-0.0002,-0.0,-0.0,0.0,0.11081980000572597
1785524923518152200,0,-0.0002,-0.0,-0.0,0.0,0.11081980000572597
1785524923538933500,0,-0.0002,-0.0,-0.0,0.0,0.11081980000572597
1785524923558463400,0,-0.0002,-0.0,-0.0,0.0,0.11081980000572597
1785524923578346500,0,-0.0002,-0.0,-0.0,0.0,0.11081980000572597
1785524923598485600,0,-0.0002,-0.0,-0.0,0.0,0.11081980000572597
1785524923618472600,0,-0.0002,-0.0,-0.0,0.0,0.11081980000572597
1785524923638180800,0,-0.0002,-0.0,-0.0,0.0,0.11081980000572597
1785524923658567100,0,-0.0002,-0.0,-0.0,0.0,0.11081980000572597
1785524923678016700,0,-0.0002,-0.0,-0.0,0.0,0.11081980000572597
1785524923698413500,0,-0.0002,-0.0,-0.0,0.0,0.11081980000572597
1785524923718544800,0,-0.0002,-0.0,-0.0,0.0,0.11081980000572597
1785524923738844200,0,-0.0002,-0.0,-0.0,0.0,0.11081980000572597
1785524923758106400,0,-0.0002,-0.0,-0.0,0.0,0.11081980000572597
1785524923778649900,0,-0.0002,-0.0,-0.0,0.0,0.11081980000572597
1785524923798446900,0,-0.0002,-0.0,-0.0,0.0,0.11081980000572597
1785524923817799400,0,-0.0002,-0.0,-0.0,0.0,0.11081980000572597
1785524923838455700,0,-0.0002,-0.0,-0.0,0.0,0.11081980000572597
1785524923858563400,0,-0.0002,-0.0,-0.0,0.0,0.11081980000572597
1785524923878238800,0,-0.0002,-0.0,-0.0,0.0,0.11081980000572597
1785524923898642300,0,-0.0002,-0.0,-0.0,0.0,0.11081980000572597
1785524923918032700,0,-0.0002,-0.0,-0.0,0.0,0.11081980000572597
1785524923938812900,0,-0.0002,-0.0,-0.0,0.0,0.11081980000572597
1785524923958088000,0,-0.0002,-0.0,-0.0,0.0,0.11081980000572597
1785524923978577500,0,-0.0002,-0.0,-0.0,0.0,0.11081980000572597
1785524923998071000,0,-0.0002,-0.0,-0.0,0.0,0.11081980000572597
1785524924018304700,0,-0.0002,-0.0,-0.0,0.0,0.11081980000572597
1785524924038126000,0,-0.0002,-0.0,-0.0,0.0,0.11081980000572597
1785524924058002900,0,-0.0002,-0.0,-0.0,0.0,0.11081980000572597
1785524924078434200,0,-0.0002,-0.0,-0.0,0.0,0.11081980000572597
1785524924098052200,0,-0.0002,-0.0,-0.0,0.0,0.11081980000572597
1785524924118437600,0,-0.0002,-0.0,-0.0,0.0,0.11081980000572597
1785524924138446400,0,-0.0002,-0.0,-0.0,0.0,0.11081980000572597
1785524924158400900,0,-0.0002,-0.0,-0.0,0.0,0.11081980000572597
1785524924178258900,0,-0.0002,-0.0,-0.0,0.0,0.11081980000572597
1785524924198582000,0,-0.0002,-0.0,-0.0,0.0,0.11081980000572597
1785524924218511900,0,-0.0002,-0.0,-0.0,0.0,0.11081980000572597
1785524924237994900,0,-0.0002,-0.0,-0.0,0.0,0.11081980000572597
1785524924258699100,0,-0.0002,-0.0,-0.0,0.0,0.11081980000572597
1785524924278770800,0,-0.0002,-0.0,-0.0,0.0,0.11081980000572597
1785524924298749100,0,-0.0002,-0.0,-0.0,0.0,0.11081980000572597
1785524924318370900,0,-0.0002,-0.0,-0.0,0.0,0.11081980000572597
1785524924338461000,0,-0.0002,-0.0,-0.0,0.0,0.11081980000572597
1785524924358469100,0,-0.0002,-0.0,-0.0,0.0,0.11081980000572597
1785524924378260300,0,-0.0002,-0.0,-0.0,0.0,0.11081980000572597
1785524924398008700,0,-0.0002,-0.0,-0.0,0.0,0.11081980000572597
1785524924418521900,0,-0.0002,-0.0,-0.0,0.0,0.11081980000572597
1785524924438275800,0,-0.0002,-0.0,-0.0,0.0,0.11081980000572597
1785524924458418600,0,-0.0002,-0.0,-0.0,0.0,0.11081980000572597
1785524924479071600,0,-0.0002,-0.0,-0.0,0.0,0.11081980000572597
1785524924497835900,0,-0.0002,-0.0,-0.0,0.0,0.11081980000572597
1785524924518437700,0,-0.0002,-0.0,-0.0,0.0,0.11081980000572597
1785524924538078500,0,-0.0002,-0.0,-0.0,0.0,0.11081980000572597
1785524924558808100,0,-0.0002,-0.0,-0.0,0.0,0.11081980000572597
1785524924579368100,0,-0.0002,-0.0,-0.0,0.0,0.11081980000572597
1785524924598627500,0,-0.0002,-0.0,-0.0,0.0,0.11081980000572597
1785524924618709000,0,-0.0002,-0.0,-0.0,0.0,0.11081980000572597
1785524924638419600,0,-0.0002,-0.0,-0.0,0.0,0.11081980000572597
1785524924657942600,0,-0.0002,-0.0,-0.0,0.0,0.11081980000572597
1785524924678999500,0,-0.0002,-0.0,-0.0,0.0,0.11081980000572597
1785524924698076900,0,-0.0002,-0.0,-0.0,0.0,0.11081980000572597
1785524924717995400,0,-0.0002,-0.0,-0.0,0.0,0.11081980000572597
1785524924737976000,0,-0.0002,-0.0,-0.0,0.0,0.11081980000572597
1785524924758350400,0,-0.0002,-0.0,-0.0,0.0,0.11081980000572597
1785524924778057000,0,-0.0002,-0.0,-0.0,0.0,0.11081980000572597
1785524924798812300,0,-0.0002,-0.0,-0.0,0.0,0.11081980000572597
1785524924817832700,0,-0.0002,-0.0,-0.0,0.0,0.11081980000572597
1785524924838826200,0,-0.0002,-0.0,-0.0,0.0,0.11081980000572597
1785524924858818600,0,-0.0002,-0.0,-0.0,0.0,0.11081980000572597
1785524924877990000,0,-0.0002,-0.0,-0.0,0.0,0.11081980000572597
1785524924898470900,0,-0.0002,-0.0,-0.0,0.0,0.11081980000572597
1785524924917781500,0,-0.0002,-0.0,-0.0,0.0,0.11081980000572597
1785524924938123900,0,-0.0002,-0.0,-0.0,0.0,0.11081980000572597
1785524924958462800,0,-0.0002,-0.0,-0.0,0.0,0.11081980000572597
1785524924978047700,0,-0.0002,-0.0,-0.0,0.0,0.11081980000572597
1785524924998731600,0,-0.0002,-0.0,-0.0,0.0,0.11081980000572597
1785524925018076200,0,-0.0002,-0.0,-0.0,0.0,0.11081980000572597
1785524925038623400,0,-0.0002,-0.0,-0.0,0.0,0.11081980000572597
1785524925058051900,0,-0.0002,-0.0,-0.0,0.0,0.11320917978101237
1785524925077865500,0,-0.0002,-0.0,-0.0,0.0,0.11794391973130647
1785524925098610500,0,-0.0002,-0.0,-0.0,0.0,0.1251298531383189
1785524925118529300,0,-0.0002,-0.0,-0.0,0.0,0.13477632693189076
1785524925138690200,0,-0.0002,-0.0,-0.0,0.0,0.14479457693101136
1785524925158238900,0,-0.0002,-0.0,-0.0,0.0,0.15488347693149404
1785524925177837000,0,-0.0002,-0.0,-0.0,0.0,0.16468117693198434
1785524925198121600,0,-0.0002,-0.0,-0.0,0.0,0.17482252693166953
1785524925218126900,0,-0.0002,-0.0,-0.0,0.0,0.18482932693273466
1785524925238881400,0,-0.0002,-0.0,-0.0,0.0,0.19482362693138708
1785524925258098500,0,-0.0002,-0.0,-0.0,0.0,0.20481147693185772
1785524925278486100,0,-0.0002,-0.0,-0.0,0.0,0.21475522693122326
1785524925298471200,0,-0.0002,-0.0,-0.0,0.0,0.2247365769313124
1785524925318393300,0,-0.0002,-0.0,-0.0,0.0,0.23471047693106226
1785524925338060600,0,-0.0002,-0.0,-0.0,0.0,0.24479497693260197
1785524925358477300,0,-0.0002,-0.0,-0.0,0.0,0.25475477693230786
1785524925378589300,0,-0.0002,-0.0,-0.0,0.0,0.2647344269321853
1785524925397880300,0,-0.0002,-0.0,-0.0,0.0,0.274702126932019
1785524925418255200,0,-0.0002,-0.0,-0.0,0.0,0.28488967693242884
1785524925438496400,0,-0.0002,-0.0,-0.0,0.0,0.2947016269322863
1785524925458121700,0,-0.0002,-0.0,-0.0,0.0,0.30482502693171554
1785524925478317000,0,-0.0002,-0.0,-0.0,0.0,0.3123466714484575
1785524925498036100,0,-0.0002,-0.0,-0.0,0.0,0.31761360344553896
1785524925518195800,0,-0.0002,-0.0,-0.0,0.0,0.32042609321573756
1785524925538233400,0,-0.0002,-0.0,-0.0,0.0,0.3208140127254364
1785524925558216500,0,-0.0002,-0.0,-0.0,0.0,0.3208140127254364
1785524925578582400,0,-0.0002,-0.0,-0.0,0.0,0.3208140127254364
1785524925598046100,0,-0.0002,-0.0,-0.0,0.0,0.3208140127254364
1785524925617762600,0,-0.0002,-0.0,-0.0,0.0,0.3208140127254364
1785524925638693600,0,-0.0002,-0.0,-0.0,0.0,0.3208140127254364
1785524925659099700,0,-0.0002,-0.0,-0.0,0.0,0.3208140127254364
1785524925678159600,0,-0.0002,-0.0,-0.0,0.0,0.3208140127254364
1785524925698810200,0,-0.0002,-0.0,-0.0,0.0,0.3208140127254364
1785524925717797000,0,-0.0002,-0.0,-0.0,0.0,0.3208140127254364
1785524925738160100,0,-0.0002,-0.0,-0.0,0.0,0.3208140127254364
1785524925758245300,0,-0.0002,-0.0,-0.0,0.0,0.3208140127254364
1785524925778962200,0,-0.0002,-0.0,-0.0,0.0,0.3208140127254364
1785524925799184700,0,-0.0002,-0.0,-0.0,0.0,0.3208140127254364
1785524925817808900,0,-0.0002,-0.0,-0.0,0.0,0.3208140127254364
1785524925838733500,0,-0.0002,-0.0,-0.0,0.0,0.3208140127254364
1785524925858541900,0,-0.0002,-0.0,-0.0,0.0,0.3208140127254364
1785524925878668300,0,-0.0002,-0.0,-0.0,0.0,0.3208140127254364
1785524925898209400,0,-0.0002,-0.0,-0.0,0.0,0.3208140127254364
1785524925918437100,0,-0.0002,-0.0,-0.0,0.0,0.3208140127254364
1785524925937980800,0,-0.0002,-0.0,-0.0,0.0,0.3208140127254364
1785524925957949700,0,-0.0002,-0.0,-0.0,0.0,0.3208140127254364
1785524925978668300,0,-0.0002,-0.0,-0.0,0.0,0.3208140127254364
1785524925998579100,0,-0.0002,-0.0,-0.0,0.0,0.3208140127254364
1785524926017892600,0,-0.0002,-0.0,-0.0,0.0,0.3208140127254364
1785524926038008900,0,-0.0002,-0.0,-0.0,0.0,0.3183871539983354
1785524926058599300,0,-0.0002,-0.0,-0.0,0.0,0.3135403125450277
1785524926078341700,0,-0.0002,-0.0,-0.0,0.0,0.30645247037614043
1785524926098712100,0,-0.0002,-0.0,-0.0,0.0,0.2966238778880188
1785524926118017500,0,-0.0002,-0.0,-0.0,0.0,0.2867166278882769
1785524926138729800,0,-0.0002,-0.0,-0.0,0.0,0.27662482788754006
1785524926158023300,0,-0.0002,-0.0,-0.0,0.0,0.269071324205823
1785524926178556000,0,-0.0002,-0.0,-0.0,0.0,0.26384696424760506
1785524926198244800,0,-0.0002,-0.0,-0.0,0.0,0.2610242826847305
1785524926218190000,0,-0.0002,-0.0,-0.0,0.0,0.2606265706006825
1785524926238577200,0,-0.0002,-0.0,-0.0,0.0,0.2606265706006825
1785524926258244400,0,-0.0002,-0.0,-0.0,0.0,0.2581119538966446
1785524926278416000,0,-0.0002,-0.0,-0.0,0.0,0.2533783777963333
1785524926298050700,0,-0.0002,-0.0,-0.0,0.0,0.2460960624147964
1785524926318041000,0,-0.0002,-0.0,-0.0,0.0,0.23646303646880523
1785524926338140900,0,-0.0002,-0.0,-0.0,0.0,0.22920566886177596
1785524926358177400,0,-0.0002,-0.0,-0.0,0.0,0.2243814855526355
1785524926378797400,0,-0.0002,-0.0,-0.0,0.0,0.22196558809875502
1785524926398050900,0,-0.0002,-0.0,-0.0,0.0,0.22193330695371782
1785524926418381400,0,-0.0002,-0.0,-0.0,0.0,0.22193330695371782
1785524926438136400,0,-0.0002,-0.0,-0.0,0.0,0.22193330695371782
1785524926458107800,0,-0.0002,-0.0,-0.0,0.0,0.22193330695371782
1785524926477977700,0,-0.0002,-0.0,-0.0,0.0,0.22193330695371782
1785524926498480700,0,-0.0002,-0.0,-0.0,0.0,0.22193330695371782
1785524926518706400,0,-0.0002,-0.0,-0.0,0.0,0.22193330695371782
1785524926538239100,0,-0.0002,-0.0,-0.0,0.0,0.22193330695371782
1785524926558391800,0,-0.0002,-0.0,-0.0,0.0,0.22193330695371782
1785524926578153800,0,-0.0002,-0.0,-0.0,0.0,0.22193330695371782
1785524926598642200,0,-0.0002,-0.0,-0.0,0.0,0.22193330695371782
1785524926618636200,0,-0.0002,-0.0,-0.0,0.0,0.22193330695371782
1785524926638045800,0,-0.0002,-0.0,-0.0,0.0,0.22193330695371782
1785524926658206200,0,-0.0002,-0.0,-0.0,0.0,0.22193330695371782
1785524926678308800,0,-0.0002,-0.0,-0.0,0.0,0.22193330695371782
1785524926697994600,0,-0.0002,-0.0,-0.0,0.0,0.22193330695371782
1785524926719207400,0,-0.0002,-0.0,-0.0,0.0,0.22193330695371782
1785524926738889300,0,-0.0002,-0.0,-0.0,0.0,0.22193330695371782
1785524926758038200,0,-0.0002,-0.0,-0.0,0.0,0.22193330695371782
1785524926778283200,0,-0.0002,-0.0,-0.0,0.0,0.22426839983761357
1785524926798032000,0,-0.0002,-0.0,-0.0,0.0,0.229125473570302
1785524926817907000,0,-0.0002,-0.0,-0.0,0.0,0.23626814705907032
1785524926838115900,0,-0.0002,-0.0,-0.0,0.0,0.2459744539635936
1785524926857778500,0,-0.0002,-0.0,-0.0,0.0,0.255807653963369
1785524926879014100,0,-0.0002,-0.0,-0.0,0.0,0.26605550396454747
1785524926898930000,0,-0.0002,-0.0,-0.0,0.0,0.2736194050366554
1785524926918064700,0,-0.0002,-0.0,-0.0,0.0,0.2788258988210311
1785524926938041200,0,-0.0002,-0.0,-0.0,0.0,0.2816507935762375
1785524926959105300,0,-0.0002,-0.0,-0.0,0.0,0.2820596465173438
1785524926978644100,0,-0.0002,-0.0,-0.0,0.0,0.2820596465173438
1785524926998468200,0,-0.0002,-0.0,-0.0,0.0,0.2820596465173438
1785524927018428600,0,-0.0002,-0.0,-0.0,0.0,0.2820596465173438
1785524927038191700,0,-0.0002,-0.0,-0.0,0.0,0.2820596465173438
1785524927058697300,0,-0.0002,-0.0,-0.0,0.0,0.2820596465173438
1785524927078581000,0,-0.0002,-0.0,-0.0,0.0,0.2820596465173438
1785524927098492300,0,-0.0002,-0.0,-0.0,0.0,0.2820596465173438
1785524927117849300,0,-0.0002,-0.0,-0.0,0.0,0.2820596465173438
1785524927137942200,0,-0.0002,-0.0,-0.0,0.0,0.2820596465173438
1785524927158281400,0,-0.0002,-0.0,-0.0,0.0,0.2820596465173438
1785524927177933600,0,-0.0002,-0.0,-0.0,0.0,0.2820596465173438
1785524927198246600,0,-0.0002,-0.0,-0.0,0.0,0.2820596465173438
1785524927218749500,0,-0.0002,-0.0,-0.0,0.0,0.2820596465173438
1785524927238262400,0,-0.0002,-0.0,-0.0,0.0,0.2820596465173438
1785524927258400400,0,-0.0002,-0.0,-0.0,0.0,0.2820596465173438
1785524927277828300,0,-0.0002,-0.0,-0.0,0.0,0.2820596465173438
1785524927297810700,0,-0.0002,-0.0,-0.0,0.0,0.2820596465173438
1785524927317899800,0,-0.0002,-0.0,-0.0,0.0,0.2820596465173438
1785524927338209000,0,-0.0002,-0.0,-0.0,0.0,0.2820596465173438
1785524927358448300,0,-0.0002,-0.0,-0.0,0.0,0.2820596465173438
1785524927378221300,0,-0.0002,-0.0,-0.0,0.0,0.2820596465173438
1785524927398290600,0,-0.0002,-0.0,-0.0,0.0,0.2820596465173438
1785524927417825600,0,-0.0002,-0.0,-0.0,0.0,0.2820596465173438
1785524927438764300,0,-0.0002,-0.0,-0.0,0.0,0.2820596465173438
1785524927457851200,0,-0.0002,-0.0,-0.0,0.0,0.2820596465173438
1785524927478090100,0,-0.0002,-0.0,-0.0,0.0,0.2820596465173438
1785524927498347100,0,-0.0002,-0.0,-0.0,0.0,0.2820596465173438
1785524927517777700,0,-0.0002,-0.0,-0.0,0.0,0.2820596465173438
1785524927538186300,0,-0.0002,-0.0,-0.0,0.0,0.2820596465173438
1785524927557831800,0,-0.0002,-0.0,-0.0,0.0,0.2820596465173438
1785524927577905500,0,-0.0002,-0.0,-0.0,0.0,0.2820596465173438
1785524927598019700,0,-0.0002,-0.0,-0.0,0.0,0.2820596465173438
1785524927618068200,0,-0.0002,-0.0,-0.0,0.0,0.2820596465173438
1785524927637794000,0,-0.0002,-0.0,-0.0,0.0,0.2820596465173438
1785524927658039200,0,-0.0002,-0.0,-0.0,0.0,0.2820596465173438
1785524927678798000,0,-0.0002,-0.0,-0.0,0.0,0.2820596465173438
1785524927698142600,0,-0.0002,-0.0,-0.0,0.0,0.2820596465173438
1785524927718189100,0,-0.0002,-0.0,-0.0,0.0,0.2820596465173438
1785524927738025900,0,-0.0002,-0.0,-0.0,0.0,0.2820596465173438
1785524927757831500,0,-0.0002,-0.0,-0.0,0.0,0.2820596465173438
1785524927778592200,0,-0.0002,-0.0,-0.0,0.0,0.2820596465173438
1785524927797789900,0,-0.0002,-0.0,-0.0,0.0,0.2820596465173438
1785524927818566000,0,-0.0002,-0.0,-0.0,0.0,0.2820596465173438
1785524927837802600,0,-0.0002,-0.0,-0.0,0.0,0.27971865527652684
1785524927858208300,0,-0.0002,-0.0,-0.0,0.0,0.27480466731521264
1785524927878524100,0,-0.0002,-0.0,-0.0,0.0,0.27238694200495456
1785524927898503300,0,-0.0002,-0.0,-0.0,0.0,0.2723225990752671
1785524927917889700,0,-0.0002,-0.0,-0.0,0.0,0.2723225990752671
1785524927938150800,0,-0.0002,-0.0,-0.0,0.0,0.2723225990752671
1785524927958745000,0,-0.0002,-0.0,-0.0,0.0,0.2723225990752671
1785524927978332400,0,-0.0002,-0.0,-0.0,0.0,0.2723225990752671
1785524927997938100,0,-0.0002,-0.0,-0.0,0.0,0.2723225990752671
1785524928017968400,0,-0.0002,-0.0,-0.0,0.0,0.2723225990752671
1785524928038487200,0,-0.0002,-0.0,-0.0,0.0,0.2723225990752671
1785524928058342600,0,-0.0002,-0.0,-0.0,0.0,0.2723225990752671
1785524928078066400,0,-0.0002,-0.0,-0.0,0.0,0.2723225990752671
1785524928098707300,0,-0.0002,-0.0,-0.0,0.0,0.2723225990752671
1785524928118015500,0,-0.0002,-0.0,-0.0,0.0,0.2723225990752671
1785524928138632900,0,-0.0002,-0.0,-0.0,0.0,0.2723225990752671
1785524928157956700,0,-0.0002,-0.0,-0.0,0.0,0.2723225990752671
1785524928178755600,0,-0.0002,-0.0,-0.0,0.0,0.2723225990752671
1785524928197951900,0,-0.0002,-0.0,-0.0,0.0,0.2723225990752671
1785524928218249200,0,-0.0002,-0.0,-0.0,0.0,0.2723225990752671
1785524928238492800,0,-0.0002,-0.0,-0.0,0.0,0.2723225990752671
1785524928257817800,0,-0.0002,-0.0,-0.0,0.0,0.2723225990752671
1785524928278599300,0,-0.0002,-0.0,-0.0,0.0,0.2723225990752671
1785524928297876200,0,-0.0002,-0.0,-0.0,0.0,0.2723225990752671
1785524928317894900,0,-0.0002,-0.0,-0.0,0.0,0.2723225990752671
1785524928338448900,0,-0.0002,-0.0,-0.0,0.0,0.2723225990752671
1785524928358558700,0,-0.0002,-0.0,-0.0,0.0,0.2723225990752671
1785524928378402700,0,-0.0002,-0.0,-0.0,0.0,0.2723225990752671
1785524928398625800,0,-0.0002,-0.0,-0.0,0.0,0.2723225990752671
1785524928417874200,0,-0.0002,-0.0,-0.0,0.0,0.2723225990752671
1785524928437931300,0,-0.0002,-0.0,-0.0,0.0,0.2723225990752671
1785524928458435800,0,-0.0002,-0.0,-0.0,0.0,0.2723225990752671
1785524928477886000,0,-0.0002,-0.0,-0.0,0.0,0.2723225990752671
1785524928498707700,0,-0.0002,-0.0,-0.0,0.0,0.2723225990752671
1785524928518490300,0,-0.0002,-0.0,-0.0,0.0,0.2723225990752671
1785524928538192900,0,-0.0002,-0.0,-0.0,0.0,0.2723225990752671
1785524928558289500,0,-0.0002,-0.0,-0.0,0.0,0.2723225990752671
1785524928578127900,0,-0.0002,-0.0,-0.0,0.0,0.2723225990752671
1785524928598515900,0,-0.0002,-0.0,-0.0,0.0,0.2723225990752671
1785524928618719100,0,-0.0002,-0.0,-0.0,0.0,0.2723225990752671
1785524928638226600,0,-0.0002,-0.0,-0.0,0.0,0.2723225990752671
1785524928658043500,0,-0.0002,-0.0,-0.0,0.0,0.2723225990752671
1785524928678729300,0,-0.0002,-0.0,-0.0,0.0,0.2723225990752671
1785524928698630800,0,-0.0002,-0.0,-0.0,0.0,0.2723225990752671
1785524928717847300,0,-0.0002,-0.0,-0.0,0.0,0.2723225990752671
1785524928737763700,0,-0.0002,-0.0,-0.0,0.0,0.2723225990752671
1785524928758532200,0,-0.0002,-0.0,-0.0,0.0,0.2723225990752671
1785524928777895500,0,-0.0002,-0.0,-0.0,0.0,0.2723225990752671
1785524928798526400,0,-0.0002,-0.0,-0.0,0.0,0.2723225990752671
1785524928818239900,0,-0.0002,-0.0,-0.0,0.0,0.2723225990752671
1785524928838075500,0,-0.0002,-0.0,-0.0,0.0,0.2723225990752671
1785524928858404900,0,-0.0002,-0.0,-0.0,0.0,0.2723225990752671
1785524928878099800,0,-0.0002,-0.0,-0.0,0.0,0.2723225990752671
1785524928898264700,0,-0.0002,-0.0,-0.0,0.0,0.2723225990752671
1785524928918700300,0,-0.0002,-0.0,-0.0,0.0,0.2723225990752671
1785524928937892400,0,-0.0002,-0.0,-0.0,0.0,0.2723225990752671
1785524928958527400,0,-0.0002,-0.0,-0.0,0.0,0.2723225990752671
1785524928978024500,0,-0.0002,-0.0,-0.0,0.0,0.2723225990752671
1785524928998806900,0,-0.0002,-0.0,-0.0,0.0,0.2723225990752671
1785524929018680700,0,-0.0002,-0.0,-0.0,0.0,0.2723225990752671
1785524929038533100,0,-0.0002,-0.0,-0.0,0.0,0.2723225990752671
1785524929058038500,0,-0.0002,-0.0,-0.0,0.0,0.2723225990752671
1785524929078135200,0,-0.0002,-0.0,-0.0,0.0,0.2723225990752671
1785524929098596400,0,-0.0002,-0.0,-0.0,0.0,0.2723225990752671
1785524929117957600,0,-0.0002,-0.0,-0.0,0.0,0.2723225990752671
1785524929138592700,0,-0.0002,-0.0,-0.0,0.0,0.2723225990752671
1785524929158582200,0,-0.0002,-0.0,-0.0,0.0,0.2723225990752671
1785524929177968500,0,-0.0002,-0.0,-0.0,0.0,0.2723225990752671
1785524929198661400,0,-0.0002,-0.0,-0.0,0.0,0.2723225990752671
1785524929218015100,0,-0.0002,-0.0,-0.0,0.0,0.2723225990752671
1785524929238514700,0,-0.0002,-0.0,-0.0,0.0,0.2723225990752671
1785524929258758600,0,-0.0002,-0.0,-0.0,0.0,0.2723225990752671
1785524929278159000,0,-0.0002,-0.0,-0.0,0.0,0.2723225990752671
1785524929298827500,0,-0.0002,-0.0,-0.0,0.0,0.2723225990752671
1785524929317886600,0,-0.0002,-0.0,-0.0,0.0,0.2723225990752671
1785524929338707800,0,-0.0002,-0.0,-0.0,0.0,0.2723225990752671
1785524929358133900,0,-0.0002,-0.0,-0.0,0.0,0.2723225990752671
1785524929378404500,0,-0.0002,-0.0,-0.0,0.0,0.2723225990752671
1785524929398665400,0,-0.0002,-0.0,-0.0,0.0,0.2723225990752671
1785524929418151900,0,-0.0002,-0.0,-0.0,0.0,0.2723225990752671
1785524929437873300,0,-0.0002,-0.0,-0.0,0.0,0.2723225990752671
1785524929458912400,0,-0.0002,-0.0,-0.0,0.0,0.2723225990752671
1785524929478604600,0,-0.0002,-0.0,-0.0,0.0,0.2723225990752671
1785524929498736100,0,-0.0002,-0.0,-0.0,0.0,0.2723225990752671
1785524929518525800,0,-0.0002,-0.0,-0.0,0.0,0.2723225990752671
1785524929538127000,0,-0.0002,-0.0,-0.0,0.0,0.2723225990752671
1785524929558660800,0,-0.0002,-0.0,-0.0,0.0,0.2723225990752671
1785524929577946800,0,-0.0002,-0.0,-0.0,0.0,0.2723225990752671
1785524929597979300,0,-0.0002,-0.0,-0.0,0.0,0.2723225990752671
1785524929618240800,0,-0.0002,-0.0,-0.0,0.0,0.2723225990752671
1785524929638205900,0,-0.0002,-0.0,-0.0,0.0,0.2723225990752671
1785524929658180300,0,-0.0002,-0.0,-0.0,0.0,0.2723225990752671
1785524929678799900,0,-0.0002,-0.0,-0.0,0.0,0.2723225990752671
1785524929698191700,0,-0.0002,-0.0,-0.0,0.0,0.2723225990752671
1785524929717980400,0,-0.0002,-0.0,-0.0,0.0,0.2723225990752671
1785524929739022300,0,-0.0002,-0.0,-0.0,0.0,0.2723225990752671
1785524929758216200,0,-0.0002,-0.0,-0.0,0.0,0.2723225990752671
1785524929778344600,0,-0.0002,-0.0,-0.0,0.0,0.2723225990752671
1785524929798073400,0,-0.0002,-0.0,-0.0,0.0,0.2723225990752671
1785524929818086900,0,-0.0002,-0.0,-0.0,0.0,0.2723225990752671
1785524929838082500,0,-0.0002,-0.0,-0.0,0.0,0.2723225990752671
1785524929858193800,0,-0.0002,-0.0,-0.0,0.0,0.2723225990752671
1785524929878237500,0,-0.0002,-0.0,-0.0,0.0,0.2723225990752671
1785524929898541600,0,-0.0002,-0.0,-0.0,0.0,0.2723225990752671
1785524929918569400,0,-0.0002,-0.0,-0.0,0.0,0.2723225990752671
1785524929938063800,0,-0.0002,-0.0,-0.0,0.0,0.2723225990752671
1785524929958688200,0,-0.0002,-0.0,-0.0,0.0,0.2723225990752671
1785524929978708400,0,-0.0002,-0.0,-0.0,0.0,0.2723225990752671
1785524929997950400,0,-0.0002,-0.0,-0.0,0.0,0.2723225990752671
1785524930018672400,0,-0.0002,-0.0,-0.0,0.0,0.2723225990752671
1785524930037784600,0,-0.0002,-0.0,-0.0,0.0,0.2723225990752671
1785524930058494100,0,-0.0002,-0.0,-0.0,0.0,0.2723225990752671
1785524930078568200,0,-0.0002,-0.0,-0.0,0.0,0.2723225990752671
1785524930098426100,0,-0.0002,-0.0,-0.0,0.0,0.2723225990752671
1785524930118444700,0,-0.0002,-0.0,-0.0,0.0,0.2723225990752671
1785524930138233500,0,-0.0002,-0.0,-0.0,0.0,0.2723225990752671
1785524930158187900,0,-0.0002,-0.0,-0.0,0.0,0.2723225990752671
1785524930178500000,0,-0.0002,-0.0,-0.0,0.0,0.2723225990752671
1785524930198265100,0,-0.0002,-0.0,-0.0,0.0,0.2723225990752671
1785524930218856300,0,-0.0002,-0.0,-0.0,0.0,0.2723225990752671
1785524930238659000,0,-0.0002,-0.0,-0.0,0.0,0.2723225990752671
1785524930257945700,0,-0.0002,-0.0,-0.0,0.0,0.2723225990752671
1785524930278313900,0,-0.0002,-0.0,-0.0,0.0,0.2723225990752671
1785524930298702200,0,-0.0002,-0.0,-0.0,0.0,0.2723225990752671
1785524930318642500,0,-0.0002,-0.0,-0.0,0.0,0.2723225990752671
1785524930338199700,0,-0.0002,-0.0,-0.0,0.0,0.2723225990752671
1785524930358309300,0,-0.0002,-0.0,-0.0,0.0,0.2723225990752671
1785524930378497300,0,-0.0002,-0.0,-0.0,0.0,0.2723225990752671
1785524930397876800,0,-0.0002,-0.0,-0.0,0.0,0.2723225990752671
1785524930418556300,0,-0.0002,-0.0,-0.0,0.0,0.2723225990752671
1785524930438215700,0,-0.0002,-0.0,-0.0,0.0,0.2723225990752671
1785524930458345100,0,-0.0002,-0.0,-0.0,0.0,0.2723225990752671
1785524930478677700,0,-0.0002,-0.0,-0.0,0.0,0.2723225990752671
1785524930498058900,0,-0.0002,-0.0,-0.0,0.0,0.2723225990752671
1785524930518175300,0,-0.0002,-0.0,-0.0,0.0,0.2723225990752671
1785524930538588800,0,-0.0002,-0.0,-0.0,0.0,0.2723225990752671
1785524930557992300,0,-0.0002,-0.0,-0.0,0.0,0.2723225990752671
1785524930578305700,0,-0.0002,-0.0,-0.0,0.0,0.2723225990752671
1785524930598206500,0,-0.0002,-0.0,-0.0,0.0,0.2723225990752671
1785524930618263300,0,-0.0002,-0.0,-0.0,0.0,0.2723225990752671
1785524930638594900,0,-0.0002,-0.0,-0.0,0.0,0.2723225990752671
1785524930658048000,0,-0.0002,-0.0,-0.0,0.0,0.2723225990752671
1785524930678086600,0,-0.0002,-0.0,-0.0,0.0,0.2723225990752671
1785524930697837700,0,-0.0002,-0.0,-0.0,0.0,0.2723225990752671
1785524930718410800,0,-0.0002,-0.0,-0.0,0.0,0.2723225990752671
1785524930738014500,0,-0.0002,-0.0,-0.0,0.0,0.2723225990752671
1785524930758461800,0,-0.0002,-0.0,-0.0,0.0,0.2723225990752671
1785524930778726000,0,-0.0002,-0.0,-0.0,0.0,0.2723225990752671
1785524930798583400,0,-0.0002,-0.0,-0.0,0.0,0.2723225990752671
1785524930818269500,0,-0.0002,-0.0,-0.0,0.0,0.2723225990752671
1785524930838682500,0,-0.0002,-0.0,-0.0,0.0,0.2723225990752671
1785524930858044000,0,-0.0002,-0.0,-0.0,0.0,0.2723225990752671
1785524930878002700,0,-0.0002,-0.0,-0.0,0.0,0.2723225990752671
1785524930898680900,0,-0.0002,-0.0,-0.0,0.0,0.2723225990752671
1785524930918019100,0,-0.0002,-0.0,-0.0,0.0,0.2723225990752671
1785524930938485800,0,-0.0002,-0.0,-0.0,0.0,0.2723225990752671
1785524930958296600,0,-0.0002,-0.0,-0.0,0.0,0.2723225990752671
1785524930978568400,0,-0.0002,-0.0,-0.0,0.0,0.2723225990752671
1785524930998102500,0,-0.0002,-0.0,-0.0,0.0,0.2723225990752671
1785524931018104600,0,-0.0002,-0.0,-0.0,0.0,0.2723225990752671
1785524931038453300,0,-0.0002,-0.0,-0.0,0.0,0.2723225990752671
1785524931057906000,0,-0.0002,-0.0,-0.0,0.0,0.2723225990752671
1785524931078151200,0,-0.0002,-0.0,-0.0,0.0,0.2723225990752671
1785524931098508600,0,-0.0002,-0.0,-0.0,0.0,0.2723225990752671
1785524931118147500,0,-0.0002,-0.0,-0.0,0.0,0.2723225990752671
1785524931138876600,0,-0.0002,-0.0,-0.0,0.0,0.2723225990752671
1785524931157804900,0,-0.0002,-0.0,-0.0,0.0,0.2723225990752671
1785524931178409200,0,-0.0002,-0.0,-0.0,0.0,0.2723225990752671
1785524931198056800,0,-0.0002,-0.0,-0.0,0.0,0.2723225990752671
1785524931218359700,0,-0.0002,-0.0,-0.0,0.0,0.2723225990752671
1785524931238147300,0,-0.0002,-0.0,-0.0,0.0,0.2723225990752671
1785524931258576100,0,-0.0002,-0.0,-0.0,0.0,0.2723225990752671
1785524931278223500,0,-0.0002,-0.0,-0.0,0.0,0.2723225990752671
1785524931298345000,0,-0.0002,-0.0,-0.0,0.0,0.2723225990752671
1785524931318532700,0,-0.0002,-0.0,-0.0,0.0,0.2723225990752671
1785524931338033300,0,-0.0002,-0.0,-0.0,0.0,0.2723225990752671
1785524931357947600,0,-0.0002,-0.0,-0.0,0.0,0.2723225990752671
1785524931377822000,0,-0.0002,-0.0,-0.0,0.0,0.2723225990752671
1785524931398697400,0,-0.0002,-0.0,-0.0,0.0,0.2723225990752671
1785524931418262200,0,-0.0002,-0.0,-0.0,0.0,0.2723225990752671
1785524931438581100,0,-0.0002,-0.0,-0.0,0.0,0.2723225990752671
1785524931458082700,0,-0.0002,-0.0,-0.0,0.0,0.2723225990752671
1785524931478589800,0,-0.0002,-0.0,-0.0,0.0,0.2723225990752671
1785524931498133800,0,-0.0002,-0.0,-0.0,0.0,0.2723225990752671
1785524931518653700,0,-0.0002,-0.0,-0.0,0.0,0.2723225990752671
1785524931538014100,0,-0.0002,-0.0,-0.0,0.0,0.2723225990752671
1785524931558249000,0,-0.0002,-0.0,-0.0,0.0,0.2723225990752671
1785524931578591700,0,-0.0002,-0.0,-0.0,0.0,0.2723225990752671
1785524931597793000,0,-0.0002,-0.0,-0.0,0.0,0.2723225990752671
1785524931618479100,0,-0.0002,-0.0,-0.0,0.0,0.2723225990752671
1785524931637982200,0,-0.0002,-0.0,-0.0,0.0,0.2723225990752671
1785524931657851200,0,-0.0002,-0.0,-0.0,0.0,0.2723225990752671
1785524931678358500,0,-0.0002,-0.0,-0.0,0.0,0.2723225990752671
1785524931698710800,0,-0.0002,-0.0,-0.0,0.0,0.2723225990752671
1785524931717940500,0,-0.0002,-0.0,-0.0,0.0,0.2723225990752671
1785524931737904300,0,-0.0002,-0.0,-0.0,0.0,0.2723225990752671
1785524931758411900,0,-0.0002,-0.0,-0.0,0.0,0.2723225990752671
1785524931778420100,0,-0.0002,-0.0,-0.0,0.0,0.2723225990752671
1785524931798272100,0,-0.0002,-0.0,-0.0,0.0,0.2723225990752671
1785524931818715200,0,-0.0002,-0.0,-0.0,0.0,0.2723225990752671
1785524931838259000,0,-0.0002,-0.0,-0.0,0.0,0.2723225990752671
1785524931858659200,0,-0.0002,-0.0,-0.0,0.0,0.2723225990752671
1785524931877987800,0,-0.0002,-0.0,-0.0,0.0,0.2723225990752671
1785524931898692400,0,-0.0002,-0.0,-0.0,0.0,0.2723225990752671
1785524931918388200,0,-0.0002,-0.0,-0.0,0.0,0.2723225990752671
1785524931938740100,0,-0.0002,-0.0,-0.0,0.0,0.2723225990752671
1785524931958239400,0,-0.0002,-0.0,-0.0,0.0,0.2723225990752671
1785524931978620000,0,-0.0002,-0.0,-0.0,0.0,0.2723225990752671
1785524931997983500,0,-0.0002,-0.0,-0.0,0.0,0.2723225990752671
1785524932018722000,0,-0.0002,-0.0,-0.0,0.0,0.2723225990752671
1785524932038723300,0,-0.0002,-0.0,-0.0,0.0,0.2723225990752671
1785524932058600700,0,-0.0002,-0.0,-0.0,0.0,0.2723225990752671
1785524932078032800,0,-0.0002,-0.0,-0.0,0.0,0.2723225990752671
1785524932098800000,0,-0.0002,-0.0,-0.0,0.0,0.2723225990752671
1785524932117869200,0,-0.0002,-0.0,-0.0,0.0,0.2723225990752671
1785524932138702200,0,-0.0002,-0.0,-0.0,0.0,0.2723225990752671
1785524932157915200,0,-0.0002,-0.0,-0.0,0.0,0.2723225990752671
1785524932177874600,0,-0.0002,-0.0,-0.0,0.0,0.2723225990752671
1785524932198628400,0,-0.0002,-0.0,-0.0,0.0,0.2723225990752671
1785524932218617800,0,-0.0002,-0.0,-0.0,0.0,0.2723225990752671
1785524932238251500,0,-0.0002,-0.0,-0.0,0.0,0.2723225990752671
1785524932258376000,0,-0.0002,-0.0,-0.0,0.0,0.2723225990752671
1785524932278488700,0,-0.0002,-0.0,-0.0,0.0,0.2723225990752671
1785524932298903200,0,-0.0002,-0.0,-0.0,0.0,0.2723225990752671
1785524932317788600,0,-0.0002,-0.0,-0.0,0.0,0.2723225990752671
1785524932338073200,0,-0.0002,-0.0,-0.0,0.0,0.2723225990752671
1785524932358392800,0,-0.0002,-0.0,-0.0,0.0,0.2723225990752671
1785524932378314500,0,-0.0002,-0.0,-0.0,0.0,0.2723225990752671
1785524932398411800,0,-0.0002,-0.0,-0.0,0.0,0.2723225990752671
1785524932418170700,0,-0.0002,-0.0,-0.0,0.0,0.2723225990752671
1785524932438352000,0,-0.0002,-0.0,-0.0,0.0,0.2723225990752671
1785524932458371900,0,-0.0002,-0.0,-0.0,0.0,0.2723225990752671
1785524932478201600,0,-0.0002,-0.0,-0.0,0.0,0.2723225990752671
1785524932498420500,0,-0.0002,-0.0,-0.0,0.0,0.2723225990752671
1785524932517784900,0,-0.0002,-0.0,-0.0,0.0,0.2723225990752671
1785524932538444400,0,-0.0002,-0.0,-0.0,0.0,0.2723225990752671
1785524932558047800,0,-0.0002,-0.0,-0.0,0.0,0.2723225990752671
1785524932578539900,0,-0.0002,-0.0,-0.0,0.0,0.2723225990752671
1785524932598141900,0,-0.0002,-0.0,-0.0,0.0,0.2723225990752671
1785524932618810900,0,-0.0002,-0.0,-0.0,0.0,0.2723225990752671
1785524932638537400,0,-0.0002,-0.0,-0.0,0.0,0.2723225990752671
1785524932658164900,0,-0.0002,-0.0,-0.0,0.0,0.2723225990752671
1785524932678931000,0,-0.0002,-0.0,-0.0,0.0,0.2723225990752671
1785524932698899000,0,-0.0002,-0.0,-0.0,0.0,0.2723225990752671
1785524932718606600,0,-0.0002,-0.0,-0.0,0.0,0.2723225990752671
1785524932738468700,0,-0.0002,-0.0,-0.0,0.0,0.2723225990752671
1785524932757832600,0,-0.0002,-0.0,-0.0,0.0,0.2723225990752671
1785524932777915300,0,-0.0002,-0.0,-0.0,0.0,0.2723225990752671
1785524932798008400,0,-0.0002,-0.0,-0.0,0.0,0.2723225990752671
1785524932817937500,0,-0.0002,-0.0,-0.0,0.0,0.2723225990752671
1785524932838609500,0,-0.0002,-0.0,-0.0,0.0,0.2723225990752671
1785524932858106200,0,-0.0002,-0.0,-0.0,0.0,0.2723225990752671
1785524932878635400,0,-0.0002,-0.0,-0.0,0.0,0.2723225990752671
1785524932897965200,0,-0.0002,-0.0,-0.0,0.0,0.2723225990752671
1785524932918379500,0,-0.0002,-0.0,-0.0,0.0,0.2723225990752671
1785524932937846300,0,-0.0002,-0.0,-0.0,0.0,0.2723225990752671
1785524932958159600,0,-0.0002,-0.0,-0.0,0.0,0.2723225990752671
1785524932978792700,0,-0.0002,-0.0,-0.0,0.0,0.2723225990752671
1785524932998018700,0,-0.0002,-0.0,-0.0,0.0,0.2723225990752671
1785524933018447800,0,-0.0002,-0.0,-0.0,0.0,0.2723225990752671
1785524933037904400,0,-0.0002,-0.0,-0.0,0.0,0.2723225990752671
1785524933057897800,0,-0.0002,-0.0,-0.0,0.0,0.2723225990752671
1785524933078027900,0,-0.0002,-0.0,-0.0,0.0,0.2723225990752671
1785524933098348500,0,-0.0002,-0.0,-0.0,0.0,0.2723225990752671
1785524933118015300,0,-0.0002,-0.0,-0.0,0.0,0.2723225990752671
1785524933138785900,0,-0.0002,-0.0,-0.0,0.0,0.2723225990752671
1785524933158160500,0,-0.0002,-0.0,-0.0,0.0,0.2723225990752671
1785524933178875500,0,-0.0002,-0.0,-0.0,0.0,0.2723225990752671
1785524933197747100,0,-0.0002,-0.0,-0.0,0.0,0.2723225990752671
1785524933218682500,0,-0.0002,-0.0,-0.0,0.0,0.2723225990752671
1785524933238199300,0,-0.0002,-0.0,-0.0,0.0,0.2723225990752671
1785524933258660200,0,-0.0002,-0.0,-0.0,0.0,0.2723225990752671
1785524933278043400,0,-0.0002,-0.0,-0.0,0.0,0.2723225990752671
1785524933298201600,0,-0.0002,-0.0,-0.0,0.0,0.2723225990752671
1785524933318338400,0,-0.0002,-0.0,-0.0,0.0,0.2723225990752671
1785524933338284600,0,-0.0002,-0.0,-0.0,0.0,0.2723225990752671
1785524933357946700,0,-0.0002,-0.0,-0.0,0.0,0.2723225990752671
1785524933378847900,0,-0.0002,-0.0,-0.0,0.0,0.2723225990752671
1785524933398747000,0,-0.0002,-0.0,-0.0,0.0,0.2723225990752671
1785524933417805900,0,-0.0002,-0.0,-0.0,0.0,0.2723225990752671
1785524933438213500,0,-0.0002,-0.0,-0.0,0.0,0.2723225990752671
1785524933458021800,0,-0.0002,-0.0,-0.0,0.0,0.2723225990752671
1785524933477874600,0,-0.0002,-0.0,-0.0,0.0,0.2723225990752671
1785524933498839400,0,-0.0002,-0.0,0.611010000029637,0.0,0.2723225990752671
1785524933518638300,0,-0.0002,-0.0,1.1988059999930556,0.0,0.2723225990752671
1785524933538560100,0,-0.0002,-0.0,1.8058050000399817,0.0,0.2723225990752671
1785524933557876600,0,-0.0002,-0.0,2.399883000034606,0.0,0.2723225990752671
1785524933578234300,0,-0.0002,-0.0,2.5,0.0,0.2723225990752671
1785524933598014600,0,-0.0002,-0.0,1.9061860000510933,0.0,0.2723225990752671
1785524933618183700,0,-0.0002,-0.0,1.301413000037428,0.0,0.2723225990752671
1785524933638608400,0,-0.0002,-0.0,0.7108509999670787,0.0,0.2723225990752671
1785524933658671600,0,-0.0002,-0.0,0.1088049999816576,0.0,0.2723225990752671
1785524933678319800,0,-0.0002,-0.0,-0.0,0.0,0.2723225990752671
1785524933698014600,0,-0.0002,-0.0,-0.0,0.0,0.2723225990752671
1785524933718437600,0,-0.0002,-0.0,-0.0,0.0,0.2723225990752671
1785524933738222200,0,-0.0002,-0.0,-0.0,0.0,0.2723225990752671
1785524933758068200,0,-0.0002,-0.0,-0.0,0.0,0.2723225990752671
1785524933779311400,0,-0.0002,-0.0,-0.0,0.0,0.2723225990752671
1785524933797796900,0,-0.0002,-0.0,-0.0,0.0,0.2723225990752671
1785524933818123600,0,-0.0002,-0.0,-0.0,0.0,0.2723225990752671
1785524933838507600,0,-0.0002,-0.0,-0.0,0.0,0.2723225990752671
1785524933858126600,0,-0.0002,-0.0,-0.0,0.0,0.2723225990752671
1785524933879120900,0,-0.0002,-0.0,-0.0,0.0,0.2723225990752671
1785524933898581800,0,-0.0002,-0.0,-0.0,0.0,0.2723225990752671
1785524933917835600,0,-0.0002,-0.0,-0.0,0.0,0.2723225990752671
1785524933938624400,0,-0.0002,-0.0,-0.0,0.0,0.2723225990752671
1785524933958198800,0,-0.0002,-0.0,-0.0,0.0,0.2723225990752671
1785524933978385700,0,-0.0002,-0.0,-0.0,0.0,0.2723225990752671
1785524933998088500,0,-0.0002,-0.0,-0.0,0.0,0.2723225990752671
1785524934018393400,0,-0.0002,-0.0,-0.0,0.0,0.2723225990752671
1785524934037854200,0,-0.0002,-0.0,-0.0,0.0,0.2723225990752671
1785524934057873000,0,-0.0002,-0.0,-0.0,0.0,0.2723225990752671
1785524934078690000,0,-0.0002,-0.0,-0.0,0.0,0.2723225990752671
1785524934098432100,0,-0.0002,-0.0,0.5894459999763058,0.0,0.2723225990752671
1785524934118230200,0,-0.0002,-0.0,1.2010739999095676,0.0,0.2723225990752671
1785524934138484000,0,-0.0002,-0.0,1.790930999959528,0.0,0.2723225990752671
1785524934158075700,0,-0.0002,-0.0,2.3965319999479107,0.0,0.2723225990752671
1785524934178293700,0,-0.0002,-0.0,2.5,0.0,0.2723225990752671
1785524934198730900,0,-0.0002,-0.0,2.5,0.0,0.2723225990752671
1785524934218745800,0,-0.0002,-0.0,1.8933160000597127,0.0,0.2723225990752671
1785524934238402100,0,-0.0002,-0.0,1.3059280000379658,0.0,0.2723225990752671
1785524934258083900,0,-0.0002,-0.0,0.6982210000569467,0.0,0.2723225990752671
1785524934278061500,0,-0.0002,-0.0,0.0984940000489587,0.0,0.2723225990752671
1785524934298523100,0,-0.0002,-0.0,-0.0,0.0,0.2723225990752671
1785524934318409100,0,-0.0002,-0.0,-0.0,0.0,0.2723225990752671
1785524934338662000,0,-0.0002,-0.0,-0.0,0.0,0.2723225990752671
1785524934358206200,0,-0.0002,-0.0,-0.0,0.0,0.2723225990752671
1785524934378683300,0,-0.0002,-0.0,-0.0,0.0,0.2723225990752671
1785524934398741600,0,-0.0002,-0.0,-0.0,0.0,0.2723225990752671
1785524934417967400,0,-0.0002,-0.0,-0.0,0.0,0.2723225990752671
1785524934438009600,0,-0.0002,-0.0,-0.0,0.0,0.2723225990752671
1785524934457775300,0,-0.0002,-0.0,-0.0,0.0,0.2723225990752671
1785524934478073200,0,-0.0002,-0.0,-0.0,0.0,0.2723225990752671
1785524934497897100,0,-0.0002,-0.0,-0.0,0.0,0.2723225990752671
1785524934518654700,0,-0.0002,-0.0,-0.0,0.0,0.2723225990752671
1785524934538048600,0,-0.0002,-0.0,-0.0,0.0,0.2723225990752671
1785524934558864000,0,-0.0002,-0.0,-0.0,0.0,0.2723225990752671
1785524934578059200,0,-0.0002,-0.0,-0.0,0.0,0.2723225990752671
1785524934598801300,0,-0.0002,-0.0,-0.0,0.0,0.2723225990752671
1785524934618161600,0,-0.0002,-0.0,-0.0,0.0,0.2723225990752671
1785524934638017600,0,-0.0002,-0.0,-0.0,0.0,0.2723225990752671
1785524934657978600,0,-0.0002,-0.0,-0.0,0.0,0.2723225990752671
1785524934678214800,0,-0.0002,-0.0,-0.0,0.0,0.2723225990752671
1785524934698643400,0,-0.0002,-0.0,-0.0,0.0,0.2723225990752671
1785524934718463500,0,-0.0002,-0.0,-0.0,0.0,0.2723225990752671
1785524934738156600,0,-0.0002,-0.0,-0.0,0.0,0.2723225990752671
1785524934758642100,0,-0.0002,-0.0,-0.0,0.0,0.2723225990752671
1785524934778150900,0,-0.0002,-0.0,-0.0,0.0,0.2723225990752671
1785524934798647600,0,-0.0002,-0.0,-0.0,0.0,0.2723225990752671
1785524934818104300,0,-0.0002,-0.0,-0.0,0.0,0.2723225990752671
1785524934838920300,0,-0.0002,-0.0,-0.0,0.0,0.2723225990752671
1785524934858199400,0,-0.0002,-0.0,-0.0,0.0,0.2723225990752671
1785524934878806600,0,-0.0002,-0.0,-0.0,0.0,0.2723225990752671
1785524934898241700,0,-0.0002,-0.0,-0.0,0.0,0.2723225990752671
1785524934917806300,0,-0.0002,-0.0,-0.0,0.0,0.2723225990752671
1785524934938467200,0,-0.0002,-0.0,-0.0,0.0,0.2723225990752671
1785524934958385500,0,-0.0002,-0.0,-0.0,0.0,0.2723225990752671
1785524934978665900,0,-0.0002,-0.0,-0.0,0.0,0.2723225990752671
1785524934997775300,0,-0.0002,-0.0,-0.0,0.0,0.2723225990752671
1785524935017915700,0,-0.0002,-0.0,-0.0,0.0,0.2723225990752671
1785524935037857300,0,-0.0002,-0.0,-0.0,0.0,0.2723225990752671
1785524935058182200,0,-0.0002,-0.0,-0.0,0.0,0.2723225990752671
1785524935078688100,0,-0.0002,-0.0,-0.0,0.0,0.2723225990752671
1785524935098001000,0,-0.0002,-0.0,-0.0,0.0,0.2723225990752671
1785524935118254100,0,-0.0002,-0.0,-0.0,0.0,0.2723225990752671
1785524935138123600,0,-0.0002,-0.0,-0.0,0.0,0.2723225990752671
1785524935158578800,0,-0.0002,-0.0,-0.0,0.0,0.2723225990752671
1785524935178665100,0,-0.0002,-0.0,-0.0,0.0,0.2723225990752671
1785524935198010400,0,-0.0002,-0.0,-0.0,0.0,0.2723225990752671
1785524935218406500,0,-0.0002,-0.0,-0.0,0.0,0.2723225990752671
1785524935238037700,0,-0.0002,-0.0,-0.0,0.0,0.2723225990752671
1785524935257888600,0,-0.0002,-0.0,-0.0,0.0,0.2723225990752671
1785524935278598200,0,-0.0002,-0.0,-0.0,0.0,0.2723225990752671
1785524935298139400,0,-0.0002,-0.0,-0.0,0.0,0.2723225990752671
1785524935318541500,0,-0.0002,-0.0,-0.0,0.0,0.2723225990752671
1785524935338005400,0,-0.0002,-0.0,-0.0,0.0,0.2723225990752671
1785524935358454700,0,-0.0002,-0.0,-0.0,0.0,0.2723225990752671
1785524935378106100,0,-0.0002,-0.0,-0.0,0.0,0.2723225990752671
1785524935398574200,0,-0.0002,-0.0,-0.0,0.0,0.2723225990752671
1785524935418228200,0,-0.0002,-0.0,-0.0,0.0,0.2723225990752671
1785524935438503100,0,-0.0002,-0.0,-0.0,0.0,0.2723225990752671
1785524935458460600,0,-0.0002,-0.0,-0.0,0.0,0.2723225990752671
1785524935478177700,0,-0.0002,-0.0,-0.0,0.0,0.2723225990752671
1785524935497873800,0,-0.0002,-0.0,-0.0,0.0,0.2723225990752671
1785524935517791700,0,-0.0002,-0.0,-0.0,0.0,0.2723225990752671
1785524935538747200,0,-0.0002,-0.0,-0.0,0.0,0.2723225990752671
1785524935558049900,0,-0.0002,-0.0,-0.0,0.0,0.2723225990752671
1785524935578434400,0,-0.0002,-0.0,-0.0,0.0,0.2723225990752671
1785524935598036700,0,-0.0002,-0.0,-0.0,0.0,0.2723225990752671
1785524935618377900,0,-0.0002,-0.0,-0.0,0.0,0.2723225990752671
1785524935637991100,0,-0.0002,-0.0,-0.0,0.0,0.2723225990752671
1785524935658747400,0,-0.0002,-0.0,-0.0,0.0,0.2723225990752671
1785524935678636900,0,-0.0002,-0.0,-0.0,0.0,0.2723225990752671
1785524935698576700,0,-0.0002,-0.0,-0.0,0.0,0.2723225990752671
1785524935718463900,0,-0.0002,-0.0,-0.0,0.0,0.2723225990752671
1785524935737948200,0,-0.0002,-0.0,-0.0,0.0,0.2723225990752671
1785524935758379900,0,-0.0002,-0.0,-0.0,0.0,0.2723225990752671
1785524935778594000,0,-0.0002,-0.0,-0.0,0.0,0.2723225990752671
1785524935798394900,0,-0.0002,-0.0,-0.0,0.0,0.2723225990752671
1785524935818198700,0,-0.0002,-0.0,-0.6114690000322298,0.0,0.2723225990752671
1785524935838733300,0,-0.0002,-0.0,-1.210386000093422,0.0,0.2723225990752671
1785524935858223900,0,-0.0002,-0.0,-1.8123450000712182,0.0,0.2723225990752671
1785524935878301300,0,-0.0002,-0.0,-1.2259890000495943,0.0,0.2723225990752671
1785524935898256600,0,-0.0002,-0.0,-0.6115380001210724,0.0,0.2723225990752671
1785524935918383300,0,-0.0002,-0.0,-0.025449000058870297,0.0,0.2723225990752671
1785524935937867600,0,-0.0002,-0.0,-0.0,0.0,0.2723225990752671
1785524935957872900,0,-0.0002,-0.0,-0.0,0.0,0.2723225990752671
1785524935977969400,0,-0.0002,-0.0,-0.0,0.0,0.2723225990752671
1785524935998618400,0,-0.0002,-0.0,-0.0,0.0,0.2723225990752671
1785524936018452300,0,-0.0002,-0.0,-0.0,0.0,0.2723225990752671
1785524936037944700,0,-0.0002,-0.0,-0.0,0.0,0.2723225990752671
1785524936058282800,0,-0.0002,-0.0,-0.0,0.0,0.2723225990752671
1785524936078089900,0,-0.0002,-0.0,-0.0,0.0,0.2723225990752671
1785524936099030200,0,-0.0002,-0.0,-0.0,0.0,0.2723225990752671
1785524936118127500,0,-0.0002,-0.0,-0.0,0.0,0.2723225990752671
1785524936138699000,0,-0.0002,-0.0,-0.0,0.0,0.2723225990752671
1785524936158674800,0,-0.0002,-0.0,-0.0,0.0,0.2723225990752671
1785524936178100700,0,-0.0002,-0.0,-0.0,0.0,0.2723225990752671
1785524936198825600,0,-0.0002,-0.0,-0.0,0.0,0.2723225990752671
1785524936218077800,0,-0.0002,-0.0,-0.0,0.0,0.2723225990752671
1785524936238646000,0,-0.0002,-0.0,-0.0,0.0,0.2723225990752671
1785524936258003200,0,-0.0002,-0.0,-0.0,0.0,0.2723225990752671
1785524936278680000,0,-0.0002,-0.0,-0.0,0.0,0.2723225990752671
1785524936298233800,0,-0.0002,-0.0,-0.0,0.0,0.2723225990752671
1785524936318139800,0,-0.0002,-0.0,-0.0,0.0,0.2723225990752671
1785524936338077000,0,-0.0002,-0.0,-0.0,0.0,0.2723225990752671
1785524936358640400,0,-0.0002,-0.0,-0.0,0.0,0.2723225990752671
1785524936378053800,0,-0.0002,-0.0,-0.0,0.0,0.2723225990752671
1785524936397869400,0,-0.0002,-0.0,-0.0,0.0,0.2723225990752671
1785524936418046300,0,-0.0002,-0.0,-0.0,0.0,0.2723225990752671
1785524936437841400,0,-0.0002,-0.0,-0.0,0.0,0.2723225990752671
1785524936458896700,0,-0.0002,-0.0,-0.0,0.0,0.2723225990752671
1785524936478136700,0,-0.0002,-0.0,-0.0,0.0,0.2723225990752671
1785524936498532700,0,-0.0002,-0.0,-0.0,0.0,0.2723225990752671
1785524936517860100,0,-0.0002,-0.0,-0.0,0.0,0.2723225990752671
1785524936537992700,0,-0.0002,-0.0,-0.0,0.0,0.2723225990752671
1785524936557983800,0,-0.0002,-0.0,-0.0,0.0,0.2723225990752671
1785524936578679000,0,-0.0002,-0.0,-0.0,0.0,0.2723225990752671
1785524936598113400,0,-0.0002,-0.0,-0.0,0.0,0.2723225990752671
1785524936617977300,0,-0.0002,-0.0,-0.0,0.0,0.2723225990752671
1785524936639036900,0,-0.0002,-0.0,-0.0,0.0,0.2723225990752671
1785524936658060300,0,-0.0002,-0.0,-0.0,0.0,0.2723225990752671
1785524936678343500,0,-0.0002,-0.0,-0.0,0.0,0.2723225990752671
1785524936698236000,0,-0.0002,-0.0,-0.0,0.0,0.2723225990752671
1785524936718719500,0,-0.0002,-0.0,-0.0,0.0,0.2723225990752671
1785524936738586900,0,-0.0002,-0.0,-0.0,0.0,0.2723225990752671
1785524936758214900,0,-0.0002,-0.0,-0.0,0.0,0.2723225990752671
1785524936778450900,0,-0.0002,-0.0,-0.0,0.0,0.2723225990752671
1785524936797922000,0,-0.0002,-0.0,-0.0,0.0,0.2723225990752671
1785524936818690700,0,-0.0002,-0.0,-0.0,0.0,0.2723225990752671
1785524936838144300,0,-0.0002,-0.0,-0.0,0.0,0.2723225990752671
1785524936858726100,0,-0.0002,-0.0,-0.0,0.0,0.2723225990752671
1785524936878207300,0,-0.0002,-0.0,-0.0,0.0,0.2723225990752671
1785524936898881500,0,-0.0002,-0.0,-0.0,0.0,0.2723225990752671
1785524936918409100,0,-0.0002,-0.0,-0.0,0.0,0.2723225990752671
1785524936938676100,0,-0.0002,-0.0,-0.0,0.0,0.2723225990752671
1785524936958246300,0,-0.0002,-0.0,-0.0,0.0,0.2723225990752671
1785524936978363100,0,-0.0002,-0.0,-0.0,0.0,0.2723225990752671
1785524936998205500,0,-0.0002,-0.0,-0.0,0.0,0.2723225990752671
1785524937018405300,0,-0.0002,-0.0,-0.0,0.0,0.2723225990752671
1785524937038598300,0,-0.0002,-0.0,-0.0,0.0,0.2723225990752671
1785524937058636600,0,-0.0002,-0.0,-0.0,0.0,0.2723225990752671
1785524937078225900,0,-0.0002,-0.0,-0.0,0.0,0.2723225990752671
1785524937098788000,0,-0.0002,-0.0,-0.0,0.0,0.2723225990752671
1785524937117852000,0,-0.0002,-0.0,-0.0,0.0,0.2723225990752671
1785524937138769200,0,-0.0002,-0.0,-0.0,0.0,0.2723225990752671
1785524937158041400,0,-0.0002,-0.0,-0.0,0.0,0.2723225990752671
1785524937178407000,0,-0.0002,-0.0,-0.0,0.0,0.2723225990752671
1785524937198167300,0,-0.0002,-0.0,-0.0,0.0,0.2723225990752671
1785524937218550800,0,-0.0002,-0.0,-0.0,0.0,0.2723225990752671
1785524937238110900,0,-0.0002,-0.0,-0.0,0.0,0.2723225990752671
1785524937257936200,0,-0.0002,-0.0,-0.0,0.0,0.2723225990752671
1785524937278853100,0,-0.0002,-0.0,-0.0,0.0,0.2723225990752671
1785524937298056500,0,-0.0002,-0.0,-0.0,0.0,0.2723225990752671
1785524937318475300,0,-0.0002,-0.0,-0.0,0.0,0.2723225990752671
1785524937338594200,0,-0.0002,-0.0,-0.0,0.0,0.2723225990752671
1785524937357804600,0,-0.0002,-0.0,-0.0,0.0,0.2723225990752671
1785524937378602400,0,-0.0002,-0.0,-0.0,0.0,0.2723225990752671
1785524937398018900,0,-0.0002,-0.0,-0.0,0.0,0.2723225990752671
1785524937418639000,0,-0.0002,-0.0,-0.0,0.0,0.2723225990752671
1785524937438210000,0,-0.0002,-0.0,-0.0,0.0,0.2723225990752671
1785524937458448800,0,-0.0002,-0.0,-0.0,0.0,0.2723225990752671
1785524937478336000,0,-0.0002,-0.0,-0.0,0.0,0.2723225990752671
1785524937498043600,0,-0.0002,-0.0,-0.0,0.0,0.2723225990752671
1785524937518200700,0,-0.0002,-0.0,-0.0,0.0,0.2723225990752671
1785524937538554700,0,-0.0002,-0.0,-0.0,0.0,0.2723225990752671
1785524937558779100,0,-0.0002,-0.0,-0.0,0.0,0.2723225990752671
1785524937577904700,0,-0.0002,-0.0,-0.0,0.0,0.2723225990752671
1785524937598760900,0,-0.0002,-0.0,-0.0,0.0,0.2723225990752671
1785524937618636400,0,-0.0002,-0.0,-0.0,0.0,0.2723225990752671
1785524937637967100,0,-0.0002,-0.0,-0.0,0.0,0.2723225990752671
1785524937658127700,0,-0.0002,-0.0,-0.0,0.0,0.2723225990752671
1785524937677942200,0,-0.0002,-0.0,-0.0,0.0,0.2723225990752671
1785524937698696500,0,-0.0002,-0.0,-0.0,0.0,0.2723225990752671
1785524937718059400,0,-0.0002,-0.0,-0.0,0.0,0.2723225990752671
1785524937739125500,0,-0.0002,-0.0,-0.0,0.0,0.2723225990752671
1785524937758958700,0,-0.0002,-0.0,-0.0,0.0,0.2723225990752671
1785524937778221700,0,-0.0002,-0.0,-0.0,0.0,0.2723225990752671
1785524937798474700,0,-0.0002,-0.0,-0.0,0.0,0.2723225990752671
1785524937818609400,0,-0.0002,-0.0,-0.0,0.0,0.2723225990752671
1785524937838355300,0,-0.0002,-0.0,-0.0,0.0,0.2723225990752671
1785524937857946300,0,-0.0002,-0.0,-0.0,0.0,0.2723225990752671
1785524937878779400,0,-0.0002,-0.0,-0.0,0.0,0.2723225990752671
1785524937898247400,0,-0.0002,-0.0,-0.0,0.0,0.2723225990752671
1785524937918359900,0,-0.0002,-0.0,-0.0,0.0,0.2723225990752671
1785524937938060600,0,-0.0002,-0.0,-0.0,0.0,0.2723225990752671
1785524937958691300,0,-0.0002,-0.0,-0.0,0.0,0.2723225990752671
1785524937978652800,0,-0.0002,-0.0,-0.0,0.0,0.2723225990752671
1785524937997971200,0,-0.0002,-0.0,-0.0,0.0,0.2723225990752671
1785524938018522500,0,-0.0002,-0.0,-0.0,0.0,0.2723225990752671
1785524938038187800,0,-0.0002,-0.0,-0.0,0.0,0.2723225990752671
1785524938058015400,0,-0.0002,-0.0,-0.0,0.0,0.2723225990752671
1785524938078606500,0,-0.0002,-0.0,-0.0,0.0,0.2723225990752671
1785524938098582200,0,-0.0002,-0.0,-0.0,0.0,0.2723225990752671
1785524938118445300,0,-0.0002,-0.0,-0.0,0.0,0.2723225990752671
1785524938137826700,0,-0.0002,-0.0,-0.0,0.0,0.2723225990752671
1785524938158145000,0,-0.0002,-0.0,-0.0,0.0,0.2723225990752671
1785524938178798800,0,-0.0002,-0.0,-0.0,0.0,0.2723225990752671
1785524938198314600,0,-0.0002,-0.0,-0.0,0.0,0.2723225990752671
1785524938218080600,0,-0.0002,-0.0,-0.0,0.0,0.2723225990752671
1785524938237987600,0,-0.0002,-0.0,-0.0,0.0,0.2723225990752671
1785524938257990000,0,-0.0002,-0.0,-0.0,0.0,0.2723225990752671
1785524938278646000,0,-0.0002,-0.0,-0.0,0.0,0.2723225990752671
1785524938298038400,0,-0.0002,-0.0,-0.0,0.0,0.2723225990752671
1785524938318802700,0,-0.0002,-0.0,-0.0,0.0,0.2723225990752671
1785524938338149600,0,-0.0002,-0.0,-0.0,0.0,0.2723225990752671
1785524938358595500,0,-0.0002,-0.0,-0.0,0.0,0.2723225990752671
1785524938378245700,0,-0.0002,-0.0,-0.0,0.0,0.2723225990752671
1785524938398210700,0,-0.0002,-0.0,-0.0,0.0,0.2723225990752671
1785524938418925500,0,-0.0002,-0.0,-0.0,0.0,0.2723225990752671
1785524938438050900,0,-0.0002,-0.0,-0.0,0.0,0.2723225990752671
1785524938458370300,0,-0.0002,-0.0,-0.0,0.0,0.2723225990752671
1785524938477960100,0,-0.0002,-0.0,-0.0,0.0,0.2723225990752671
1785524938498214400,0,-0.0002,-0.0,-0.0,0.0,0.2723225990752671
1785524938517980300,0,-0.0002,-0.0,-0.0,0.0,0.2723225990752671
1785524938538394900,0,-0.0002,-0.0,-0.0,0.0,0.2723225990752671
1785524938558070700,0,-0.0002,-0.0,-0.0,0.0,0.2723225990752671
1785524938578850500,0,-0.0002,-0.0,-0.0,0.0,0.2723225990752671
1785524938598158200,0,-0.0002,-0.0,-0.0,0.0,0.2723225990752671
1785524938618975100,0,-0.0002,-0.0,-0.0,0.0,0.2723225990752671
1785524938638056300,0,-0.0002,-0.0,-0.0,0.0,0.2723225990752671
1785524938658824200,0,-0.0002,-0.0,-0.0,0.0,0.2723225990752671
1785524938678222700,0,-0.0002,-0.0,-0.0,0.0,0.2723225990752671
1785524938698821100,0,-0.0002,-0.0,-0.0,0.0,0.2723225990752671
1785524938717973000,0,-0.0002,-0.0,-0.0,0.0,0.2723225990752671
1785524938738039800,0,-0.0002,-0.0,-0.0,0.0,0.2723225990752671
1785524938758405800,0,-0.0002,-0.0,-0.0,0.0,0.2723225990752671
1785524938778186200,0,-0.0002,-0.0,-0.0,0.0,0.2723225990752671
1785524938798963000,0,-0.0002,-0.0,-0.0,0.0,0.2723225990752671
1785524938817967700,0,-0.0002,-0.0,-0.0,0.0,0.2723225990752671
1785524938838169500,0,-0.0002,-0.0,-0.0,0.0,0.2723225990752671
1785524938857852600,0,-0.0002,-0.0,-0.0,0.0,0.2723225990752671
1785524938878127000,0,-0.0002,-0.0,-0.0,0.0,0.2723225990752671
1785524938897919700,0,-0.0002,-0.0,-0.0,0.0,0.2723225990752671
1785524938918221300,0,-0.0002,-0.0,-0.0,0.0,0.2723225990752671
1785524938937779700,0,-0.0002,-0.0,-0.0,0.0,0.2723225990752671
1785524938958563000,0,-0.0002,-0.0,-0.0,0.0,0.2723225990752671
1785524938978140400,0,-0.0002,-0.0,-0.0,0.0,0.2723225990752671
1785524938998469100,0,-0.0002,-0.0,-0.0,0.0,0.2723225990752671
1785524939018098100,0,-0.0002,-0.0,-0.0,0.0,0.2723225990752671
1785524939038798000,0,-0.0002,-0.0,-0.0,0.0,0.2723225990752671
1785524939058240700,0,-0.0002,-0.0,-0.0,0.0,0.2723225990752671
1785524939078368800,0,-0.0002,-0.0,-0.0,0.0,0.2723225990752671
1785524939097780100,0,-0.0002,-0.0,-0.0,0.0,0.2723225990752671
1785524939118826200,0,-0.0002,-0.0,-0.0,0.0,0.2723225990752671
1785524939138413300,0,-0.0002,-0.0,-0.0,0.0,0.2723225990752671
1785524939157950200,0,-0.0002,-0.0,-0.0,0.0,0.2723225990752671
1785524939178572600,0,-0.0002,-0.0,-0.0,0.0,0.2723225990752671
1785524939198089100,0,-0.0002,-0.0,-0.0,0.0,0.2723225990752671
1785524939218372400,0,-0.0002,-0.0,-0.0,0.0,0.2723225990752671
1785524939237952000,0,-0.0002,-0.0,-0.0,0.0,0.2723225990752671
1785524939258754500,0,-0.0002,-0.0,-0.0,0.0,0.2723225990752671
1785524939278723800,0,-0.0002,-0.0,-0.0,0.0,0.2723225990752671
1785524939297935200,0,-0.0002,-0.0,-0.0,0.0,0.2723225990752671
1785524939318649300,0,-0.0002,-0.0,-0.0,0.0,0.2723225990752671
1785524939338149000,0,-0.0002,-0.0,-0.0,0.0,0.2723225990752671
1785524939358483200,0,-0.0002,-0.0,-0.0,0.0,0.2723225990752671
1785524939378546800,0,-0.0002,-0.0,-0.0,0.0,0.2723225990752671
1785524939397891700,0,-0.0002,-0.0,-0.0,0.0,0.2723225990752671
1785524939418660300,0,-0.0002,-0.0,-0.0,0.0,0.2723225990752671
1785524939437934100,0,-0.0002,-0.0,-0.0,0.0,0.2723225990752671
1785524939458239500,0,-0.0002,-0.0,-0.0,0.0,0.2723225990752671
1785524939478429200,0,-0.0002,-0.0,-0.0,0.0,0.2723225990752671
1785524939498158700,0,-0.0002,-0.0,-0.0,0.0,0.2723225990752671
1785524939518176000,0,-0.0002,-0.0,-0.0,0.0,0.2723225990752671
1785524939538244300,0,-0.0002,-0.0,-0.0,0.0,0.2723225990752671
1785524939558663600,0,-0.0002,-0.0,-0.0,0.0,0.2723225990752671
1785524939577813700,0,-0.0002,-0.0,-0.0,0.0,0.2723225990752671
1785524939598042600,0,-0.0002,-0.0,-0.0,0.0,0.2723225990752671
1785524939618310600,0,-0.0002,-0.0,-0.0,0.0,0.2723225990752671
1785524939638732500,0,-0.0002,-0.0,-0.0,0.0,0.2723225990752671
1785524939658183300,0,-0.0002,-0.0,-0.0,0.0,0.2723225990752671
1785524939678517300,0,-0.0002,-0.0,-0.0,0.0,0.2723225990752671
1785524939698515900,0,-0.0002,-0.0,-0.0,0.0,0.2723225990752671
1785524939717824200,0,-0.0002,-0.0,-0.0,0.0,0.2723225990752671
1785524939738613700,0,-0.0002,-0.0,-0.0,0.0,0.2723225990752671
1785524939758697300,0,-0.0002,-0.0,-0.0,0.0,0.2723225990752671
1785524939778401500,0,-0.0002,-0.0,-0.0,0.0,0.2723225990752671
1785524939797767600,0,-0.0002,-0.0,-0.0,0.0,0.2723225990752671
1785524939818656600,0,-0.0002,-0.0,-0.0,0.0,0.2723225990752671
1785524939837774800,0,-0.0002,-0.0,-0.0,0.0,0.2723225990752671
1785524939858098200,0,-0.0002,-0.0,-0.0,0.0,0.2723225990752671
1785524939878112700,0,-0.0002,-0.0,-0.0,0.0,0.2723225990752671
1785524939898231700,0,-0.0002,-0.0,-0.0,0.0,0.2723225990752671
1785524939918261100,0,-0.0002,-0.0,-0.0,0.0,0.2723225990752671
1785524939937787800,0,-0.0002,-0.0,-0.0,0.0,0.2723225990752671
1785524939958593000,0,-0.0002,-0.0,-0.0,0.0,0.2723225990752671
1785524939978229800,0,-0.0002,-0.0,-0.0,0.0,0.2723225990752671
1785524939998277700,0,-0.0002,-0.0,-0.0,0.0,0.2723225990752671
1785524940018488600,0,-0.0002,-0.0,-0.0,0.0,0.2723225990752671
1785524940038527600,0,-0.0002,-0.0,-0.0,0.0,0.2723225990752671
1785524940057823100,0,-0.0002,-0.0,-0.0,0.0,0.2723225990752671
1785524940078054800,0,-0.0002,-0.0,-0.0,0.0,0.2723225990752671
1785524940098557600,0,-0.0002,-0.0,-0.0,0.0,0.2723225990752671
1785524940118517900,0,-0.0002,-0.0,-0.0,0.0,0.2723225990752671
1785524940138061200,0,-0.0002,-0.0,-0.0,0.0,0.2723225990752671
1785524940158831400,0,-0.0002,-0.0,-0.0,0.0,0.2723225990752671
1785524940177779500,0,-0.0002,-0.0,-0.0,0.0,0.2723225990752671
1785524940198046500,0,-0.0002,-0.0,-0.0,0.0,0.2723225990752671
1785524940218307200,0,-0.0002,-0.0,-0.0,0.0,0.2723225990752671
1785524940238198000,0,-0.0002,-0.0,-0.0,0.0,0.2723225990752671
1785524940257794500,0,-0.0002,-0.0,-0.0,0.0,0.2723225990752671
1785524940277967400,0,-0.0002,-0.0,-0.0,0.0,0.2723225990752671
1785524940298510500,0,-0.0002,-0.0,-0.0,0.0,0.2723225990752671
1785524940318754100,0,-0.0002,-0.0,-0.0,0.0,0.2723225990752671
1785524940338536700,0,-0.0002,-0.0,-0.0,0.0,0.2723225990752671
1785524940357994100,0,-0.0002,-0.0,-0.0,0.0,0.2723225990752671
1785524940378670500,0,-0.0002,-0.0,-0.0,0.0,0.2723225990752671
1785524940397850600,0,-0.0002,-0.0,-0.0,0.0,0.2723225990752671
1785524940418371500,0,-0.0002,-0.0,-0.0,0.0,0.2723225990752671
1785524940438726600,0,-0.0002,-0.0,-0.0,0.0,0.2723225990752671
1785524940458908400,0,-0.0002,-0.0,-0.0,0.0,0.2723225990752671
1785524940477848700,0,-0.0002,-0.0,-0.0,0.0,0.2723225990752671
1785524940499017900,0,-0.0002,-0.0,-0.0,0.0,0.2723225990752671
1785524940517920300,0,-0.0002,-0.0,-0.0,0.0,0.2723225990752671
1785524940537822000,0,-0.0002,-0.0,-0.0,0.0,0.2723225990752671
1785524940558006900,0,-0.0002,-0.0,-0.0,0.0,0.2723225990752671
1785524940578727300,0,-0.0002,-0.0,-0.0,0.0,0.2723225990752671
1785524940598532000,0,-0.0002,-0.0,-0.0,0.0,0.2723225990752671
1785524940618405500,0,-0.0002,-0.0,-0.0,0.0,0.2723225990752671
1785524940638002600,0,-0.0002,-0.0,-0.0,0.0,0.2723225990752671
1785524940658508400,0,-0.0002,-0.0,-0.0,0.0,0.2723225990752671
1785524940678052800,0,-0.0002,-0.0,-0.0,0.0,0.2723225990752671
1785524940698474700,0,-0.0002,-0.0,-0.0,0.0,0.2723225990752671
1785524940718594000,0,-0.0002,-0.0,-0.0,0.0,0.2723225990752671
1785524940738495400,0,-0.0002,-0.0,-0.0,0.0,0.2723225990752671
1785524940758064700,0,-0.0002,-0.0,-0.0,0.0,0.2723225990752671
1785524940778716800,0,-0.0002,-0.0,-0.0,0.0,0.2723225990752671
1785524940797830500,0,-0.0002,-0.0,-0.0,0.0,0.2723225990752671
1785524940818580300,0,-0.0002,-0.0,-0.0,0.0,0.2723225990752671
1785524940838056400,0,-0.0002,-0.0,-0.0,0.0,0.2723225990752671
1785524940857952600,0,-0.0002,-0.0,-0.0,0.0,0.2723225990752671
1785524940877989400,0,-0.0002,-0.0,-0.0,0.0,0.2723225990752671
1785524940898031300,0,-0.0002,-0.0,-0.0,0.0,0.2723225990752671
1785524940917963600,0,-0.0002,-0.0,-0.0,0.0,0.2723225990752671
1785524940938384900,0,-0.0002,-0.0,-0.0,0.0,0.2723225990752671
1785524940958733300,0,-0.0002,-0.0,-0.0,0.0,0.2723225990752671
1785524940978165700,0,-0.0002,-0.0,-0.0,0.0,0.2723225990752671
1785524940998393500,0,-0.0002,-0.0,-0.0,0.0,0.2723225990752671
1785524941017987200,0,-0.0002,-0.0,-0.0,0.0,0.2723225990752671
1785524941038635500,0,-0.0002,-0.0,-0.0,0.0,0.2723225990752671
1785524941058121500,0,-0.0002,-0.0,-0.0,0.0,0.2723225990752671
1785524941078684500,0,-0.0002,-0.0,-0.0,0.0,0.2723225990752671
1785524941098104900,0,-0.0002,-0.0,-0.0,0.0,0.2723225990752671
1785524941118741000,0,-0.0002,-0.0,-0.0,0.0,0.2723225990752671
1785524941138672800,0,-0.0002,-0.0,-0.0,0.0,0.2723225990752671
1785524941158631500,0,-0.0002,-0.0,-0.0,0.0,0.2723225990752671
1785524941178017300,0,-0.0002,-0.0,-0.0,0.0,0.2723225990752671
1785524941198282000,0,-0.0002,-0.0,-0.0,0.0,0.2723225990752671
1785524941218888500,0,-0.0002,-0.0,-0.0,0.0,0.2723225990752671
1785524941238613600,0,-0.0002,-0.0,-0.0,0.0,0.2723225990752671
1785524941258560900,0,-0.0002,-0.0,-0.0,0.0,0.2723225990752671
1785524941277912900,0,-0.0002,-0.0,-0.0,0.0,0.2723225990752671
1785524941298030400,0,-0.0002,-0.0,-0.0,0.0,0.2723225990752671
1785524941318546700,0,-0.0002,-0.0,-0.0,0.0,0.2723225990752671
1785524941337931500,0,-0.0002,-0.0,-0.0,0.0,0.2723225990752671
1785524941358776800,0,-0.0002,-0.0,-0.0,0.0,0.2723225990752671
1785524941378249500,0,-0.0002,-0.0,-0.0,0.0,0.2723225990752671
1785524941397906200,0,-0.0002,-0.0,-0.0,0.0,0.2723225990752671
1785524941418580300,0,-0.0002,-0.0,-0.0,0.0,0.2723225990752671
1785524941438223500,0,-0.0002,-0.0,-0.0,0.0,0.2723225990752671
1785524941458029100,0,-0.0002,-0.0,-0.0,0.0,0.2723225990752671
1785524941478039400,0,-0.0002,-0.0,-0.0,0.0,0.2723225990752671
1785524941498656200,0,-0.0002,-0.0,-0.0,0.0,0.2723225990752671
1785524941518144300,0,-0.0002,-0.0,-0.0,0.0,0.2723225990752671
1785524941538241700,0,-0.0002,-0.0,-0.0,0.0,0.2723225990752671
1785524941558646100,0,-0.0002,-0.0,-0.0,0.0,0.2723225990752671
1785524941578840000,0,-0.0002,-0.0,-0.0,0.0,0.2723225990752671
1785524941598696000,0,-0.0002,-0.0,-0.0,0.0,0.2723225990752671
1785524941617876100,0,-0.0002,-0.0,-0.0,0.0,0.2723225990752671
1785524941638420600,0,-0.0002,-0.0,-0.0,0.0,0.2723225990752671
1785524941658031600,0,-0.0002,-0.0,-0.0,0.0,0.2723225990752671
1785524941678645000,0,-0.0002,-0.0,-0.0,0.0,0.2723225990752671
1785524941698461700,0,-0.0002,-0.0,-0.0,0.0,0.2723225990752671
1785524941717747000,0,-0.0002,-0.0,-0.0,0.0,0.2723225990752671
1785524941738698500,0,-0.0002,-0.0,-0.0,0.0,0.2723225990752671
1785524941758121100,0,-0.0002,-0.0,-0.0,0.0,0.2723225990752671
1785524941778673500,0,-0.0002,-0.0,-0.0,0.0,0.2723225990752671
1785524941798646800,0,-0.0002,-0.0,-0.0,0.0,0.2723225990752671
1785524941817975800,0,-0.0002,-0.0,-0.0,0.0,0.2723225990752671
1785524941838470500,0,-0.0002,-0.0,-0.0,0.0,0.2723225990752671
1785524941857941800,0,-0.0002,-0.0,-0.0,0.0,0.2723225990752671
1785524941878296400,0,-0.0002,-0.0,-0.0,0.0,0.2723225990752671
1785524941897963300,0,-0.0002,-0.0,-0.0,0.0,0.2723225990752671
1785524941918709400,0,-0.0002,-0.0,-0.0,0.0,0.2723225990752671
1785524941938082000,0,-0.0002,-0.0,-0.0,0.0,0.2723225990752671
1785524941958667200,0,-0.0002,-0.0,-0.0,0.0,0.2723225990752671
1785524941978099300,0,-0.0002,-0.0,-0.0,0.0,0.2723225990752671
1785524941998775100,0,-0.0002,-0.0,-0.0,0.0,0.2723225990752671
1785524942018051500,0,-0.0002,-0.0,-0.0,0.0,0.2723225990752671
1785524942038223200,0,-0.0002,-0.0,-0.0,0.0,0.2723225990752671
1785524942057931400,0,-0.0002,-0.0,-0.0,0.0,0.2723225990752671
1785524942078554000,0,-0.0002,-0.0,-0.0,0.0,0.2723225990752671
1785524942098094100,0,-0.0002,-0.0,-0.0,0.0,0.2723225990752671
1785524942118450900,0,-0.0002,-0.0,-0.0,0.0,0.2723225990752671
1785524942138085300,0,-0.0002,-0.0,-0.0,0.0,0.2723225990752671
1785524942157931100,0,-0.0002,-0.0,-0.0,0.0,0.2723225990752671
1785524942178544100,0,-0.0002,-0.0,-0.0,0.0,0.2723225990752671
1785524942198039600,0,-0.0002,-0.0,-0.0,0.0,0.2723225990752671
1785524942218736600,0,-0.0002,-0.0,-0.0,0.0,0.2723225990752671
1785524942238149100,0,-0.0002,-0.0,-0.0,0.0,0.2723225990752671
1785524942258414700,0,-0.0002,-0.0,-0.0,0.0,0.2723225990752671
1785524942278393800,0,-0.0002,-0.0,-0.0,0.0,0.2723225990752671
1785524942298345900,0,-0.0002,-0.0,-0.0,0.0,0.2723225990752671
1785524942317787700,0,-0.0002,-0.0,-0.0,0.0,0.2723225990752671
1785524942337966800,0,-0.0002,-0.0,-0.0,0.0,0.2723225990752671
1785524942357962800,0,-0.0002,-0.0,-0.0,0.0,0.2723225990752671
1785524942378596400,0,-0.0002,-0.0,-0.0,0.0,0.2723225990752671
1785524942397734500,0,-0.0002,-0.0,-0.0,0.0,0.2723225990752671
1785524942418205100,0,-0.0002,-0.0,-0.0,0.0,0.2723225990752671
1785524942438795400,0,-0.0002,-0.0,-0.0,0.0,0.2723225990752671
1785524942457958700,0,-0.0002,-0.0,-0.0,0.0,0.2723225990752671
1785524942478239000,0,-0.0002,-0.0,-0.0,0.0,0.2723225990752671
1785524942498763300,0,-0.0002,-0.0,-0.0,0.0,0.2723225990752671
1785524942517889700,0,-0.0002,-0.0,-0.0,0.0,0.2723225990752671
1785524942538298600,0,-0.0002,-0.0,-0.0,0.0,0.2723225990752671
1785524942557759300,0,-0.0002,-0.0,-0.0,0.0,0.2723225990752671
1785524942578514300,0,-0.0002,-0.0,-0.0,0.0,0.2723225990752671
1785524942598007800,0,-0.0002,-0.0,-0.0,0.0,0.2723225990752671
1785524942617966700,0,-0.0002,-0.0,-0.0,0.0,0.2723225990752671
1785524942638438600,0,-0.0002,-0.0,-0.0,0.0,0.2723225990752671
1785524942658194100,0,-0.0002,-0.0,-0.0,0.0,0.2723225990752671
1785524942678090900,0,-0.0002,-0.0,-0.0,0.0,0.2723225990752671
1785524942698756100,0,-0.0002,-0.0,-0.0,0.0,0.2723225990752671
1785524942718581500,0,-0.0002,-0.0,-0.0,0.0,0.2723225990752671
1785524942738662400,0,-0.0002,-0.0,-0.0,0.0,0.2723225990752671
1785524942758401700,0,-0.0002,-0.0,-0.0,0.0,0.2723225990752671
1785524942778776000,0,-0.0002,-0.0,-0.0,0.0,0.2723225990752671
1785524942797844700,0,-0.0002,-0.0,-0.0,0.0,0.2723225990752671
1785524942817881100,0,-0.0002,-0.0,-0.0,0.0,0.2723225990752671
1785524942838605000,0,-0.0002,-0.0,-0.0,0.0,0.2723225990752671
1785524942858174300,0,-0.0002,-0.0,-0.0,0.0,0.2723225990752671
1785524942878099900,0,-0.0002,-0.0,-0.0,0.0,0.2723225990752671
1785524942897740700,0,-0.0002,-0.0,-0.0,0.0,0.2723225990752671
1785524942918274700,0,-0.0002,-0.0,-0.0,0.0,0.2723225990752671
1785524942938595300,0,-0.0002,-0.0,-0.0,0.0,0.2723225990752671
1785524942958031000,0,-0.0002,-0.0,-0.0,0.0,0.2723225990752671
1785524942978845500,0,-0.0002,-0.0,-0.0,0.0,0.2723225990752671
1785524942998122800,0,-0.0002,-0.0,-0.0,0.0,0.2723225990752671
1785524943018440500,0,-0.0002,-0.0,-0.0,0.0,0.2723225990752671
1785524943038605200,0,-0.0002,-0.0,-0.0,0.0,0.2723225990752671
1785524943058170700,0,-0.0002,-0.0,-0.0,0.0,0.2723225990752671
1785524943078392900,0,-0.0002,-0.0,-0.0,0.0,0.2723225990752671
1785524943098573900,0,-0.0002,-0.0,-0.0,0.0,0.2723225990752671
1785524943118127800,0,-0.0002,-0.0,-0.0,0.0,0.2723225990752671
1785524943138548600,0,-0.0002,-0.0,-0.0,0.0,0.2723225990752671
1785524943158319500,0,-0.0002,-0.0,-0.0,0.0,0.2723225990752671
1785524943178432900,0,-0.0002,-0.0,-0.0,0.0,0.2723225990752671
1785524943197987300,0,-0.0002,-0.0,-0.0,0.0,0.2723225990752671
1785524943218658400,0,-0.0002,-0.0,-0.0,0.0,0.2723225990752671
1785524943237755700,0,-0.0002,-0.0,-0.0,0.0,0.2723225990752671
1785524943258671700,0,-0.0002,-0.0,-0.0,0.0,0.2723225990752671
1785524943278284900,0,-0.0002,-0.0,-0.0,0.0,0.2723225990752671
1785524943297977900,0,-0.0002,-0.0,-0.0,0.0,0.2723225990752671
1785524943318359500,0,-0.0002,-0.0,-0.0,0.0,0.2723225990752671
1785524943338634800,0,-0.0002,-0.0,-0.0,0.0,0.2723225990752671
1785524943358450300,0,-0.0002,-0.0,-0.0,0.0,0.2723225990752671
1785524943378257900,0,-0.0002,-0.0,-0.0,0.0,0.2723225990752671
1785524943398043800,0,-0.0002,-0.0,-0.0,0.0,0.2723225990752671
1785524943418372900,0,-0.0002,-0.0,-0.0,0.0,0.2723225990752671
1785524943437782100,0,-0.0002,-0.0,-0.0,0.0,0.2723225990752671
1785524943458355000,0,-0.0002,-0.0,-0.0,0.0,0.2723225990752671
1785524943477917800,0,-0.0002,-0.0,-0.0,0.0,0.2723225990752671
1785524943497923500,0,-0.0002,-0.0,-0.0,0.0,0.2723225990752671
1785524943518464000,0,-0.0002,-0.0,-0.0,0.0,0.2723225990752671
1785524943538519300,0,-0.0002,-0.0,-0.0,0.0,0.2723225990752671
1785524943558088500,0,-0.0002,-0.0,-0.0,0.0,0.2723225990752671
1785524943578885000,0,-0.0002,-0.0,-0.0,0.0,0.2723225990752671
1785524943598594500,0,-0.0002,-0.0,-0.0,0.0,0.2723225990752671
1785524943618002900,0,-0.0002,-0.0,-0.0,0.0,0.2723225990752671
1785524943637993100,0,-0.0002,-0.0,-0.0,0.0,0.2723225990752671
1785524943658597800,0,-0.0002,-0.0,-0.0,0.0,0.2723225990752671
1785524943678090800,0,-0.0002,-0.0,-0.0,0.0,0.2723225990752671
1785524943698880500,0,-0.0002,-0.0,-0.0,0.0,0.2723225990752671
1785524943718156600,0,-0.0002,-0.0,-0.0,0.0,0.2723225990752671
1785524943738419700,0,-0.0002,-0.0,-0.0,0.0,0.2723225990752671
1785524943758683500,0,-0.0002,-0.0,-0.0,0.0,0.2723225990752671
1785524943778757900,0,-0.0002,-0.0,-0.0,0.0,0.2723225990752671
1785524943797975000,0,-0.0002,-0.0,-0.0,0.0,0.2723225990752671
1785524943818764600,0,-0.0002,-0.0,-0.0,0.0,0.2723225990752671
1785524943837797600,0,-0.0002,-0.0,-0.0,0.0,0.2723225990752671
1785524943858111500,0,-0.0002,-0.0,-0.0,0.0,0.2723225990752671
1785524943878567800,0,-0.0002,-0.0,-0.0,0.0,0.2723225990752671
1785524943898530800,0,-0.0002,-0.0,-0.0,0.0,0.2723225990752671
1785524943918424800,0,-0.0002,-0.0,-0.0,0.0,0.2723225990752671
1785524943937788400,0,-0.0002,-0.0,-0.0,0.0,0.2723225990752671
1785524943957952900,0,-0.0002,-0.0,-0.0,0.0,0.2723225990752671
1785524943978622000,0,-0.0002,-0.0,-0.0,0.0,0.2723225990752671
1785524943998389300,0,-0.0002,-0.0,-0.0,0.0,0.2723225990752671
1785524944017836900,0,-0.0002,-0.0,-0.0,0.0,0.2723225990752671
1785524944037972900,0,-0.0002,-0.0,-0.0,0.0,0.2723225990752671
1785524944058632300,0,-0.0002,-0.0,-0.0,0.0,0.2723225990752671
1785524944078699700,0,-0.0002,-0.0,-0.0,0.0,0.2723225990752671
1785524944098537300,0,-0.0002,-0.0,-0.0,0.0,0.2723225990752671
1785524944118054500,0,-0.0002,-0.0,-0.0,0.0,0.2723225990752671
1785524944138010900,0,-0.0002,-0.0,-0.0,0.0,0.2723225990752671
1785524944157995500,0,-0.0002,-0.0,-0.0,0.0,0.2723225990752671
1785524944178547600,0,-0.0002,-0.0,-0.0,0.0,0.2723225990752671
1785524944198111200,0,-0.0002,-0.0,-0.0,0.0,0.2723225990752671
1785524944218767900,0,-0.0002,-0.0,-0.0,0.0,0.2723225990752671
1785524944238235700,0,-0.0002,-0.0,-0.0,0.0,0.2723225990752671
1785524944258761400,0,-0.0002,-0.0,-0.0,0.0,0.2723225990752671
1785524944278238100,0,-0.0002,-0.0,-0.0,0.0,0.2723225990752671
1785524944297804500,0,-0.0002,-0.0,-0.0,0.0,0.2723225990752671
1785524944317995900,0,-0.0002,-0.0,-0.0,0.0,0.2723225990752671
1785524944337818900,0,-0.0002,-0.0,-0.0,0.0,0.2723225990752671
1785524944357851000,0,-0.0002,-0.0,-0.0,0.0,0.2723225990752671
1785524944378748400,0,-0.0002,-0.0,-0.0,0.0,0.2723225990752671
1785524944398013100,0,-0.0002,-0.0,-0.0,0.0,0.2723225990752671
1785524944418146100,0,-0.0002,-0.0,-0.0,0.0,0.2723225990752671
1785524944437974200,0,-0.0002,-0.0,-0.0,0.0,0.2723225990752671
1785524944458115600,0,-0.0002,-0.0,-0.0,0.0,0.2723225990752671
1785524944478909300,0,-0.0002,-0.0,-0.0,0.0,0.2723225990752671
1785524944498024500,0,-0.0002,-0.0,-0.0,0.0,0.2723225990752671
1785524944518039200,0,-0.0002,-0.0,-0.0,0.0,0.2723225990752671
1785524944538577900,0,-0.0002,-0.0,-0.0,0.0,0.2723225990752671
1785524944558201300,0,-0.0002,-0.0,-0.0,0.0,0.2723225990752671
1785524944578295900,0,-0.0002,-0.0,-0.0,0.0,0.2723225990752671
1785524944598229500,0,-0.0002,-0.0,-0.0,0.0,0.2723225990752671
1785524944618535600,0,-0.0002,-0.0,-0.0,0.0,0.2723225990752671
1785524944638210600,0,-0.0002,-0.0,-0.0,0.0,0.2723225990752671
1785524944658052300,0,-0.0002,-0.0,-0.0,0.0,0.2723225990752671
1785524944678634600,0,-0.0002,-0.0,-0.0,0.0,0.2723225990752671
1785524944698481800,0,-0.0002,-0.0,-0.0,0.0,0.2723225990752671
1785524944718194900,0,-0.0002,-0.0,-0.0,0.0,0.2723225990752671
1785524944738627800,0,-0.0002,-0.0,-0.0,0.0,0.2723225990752671
1785524944758104200,0,-0.0002,-0.0,-0.0,0.0,0.2723225990752671
1785524944778659000,0,-0.0002,-0.0,-0.0,0.0,0.2723225990752671
1785524944797774800,0,-0.0002,-0.0,-0.0,0.0,0.2723225990752671
1785524944818534900,0,-0.0002,-0.0,-0.0,0.0,0.2723225990752671
1785524944838190300,0,-0.0002,-0.0,-0.0,0.0,0.2723225990752671
1785524944858366600,0,-0.0002,-0.0,-0.0,0.0,0.2723225990752671
1785524944877789000,0,-0.0002,-0.0,-0.0,0.0,0.2723225990752671
1785524944898508300,0,-0.0002,-0.0,-0.0,0.0,0.2723225990752671
1785524944917889600,0,-0.0002,-0.0,-0.0,0.0,0.2723225990752671
1785524944937795700,0,-0.0002,-0.0,-0.0,0.0,0.2723225990752671
1785524944958489600,0,-0.0002,-0.0,-0.0,0.0,0.2723225990752671
1785524944978175100,0,-0.0002,-0.0,-0.0,0.0,0.2723225990752671
1785524944998173300,0,-0.0002,-0.0,-0.0,0.0,0.2723225990752671
1785524945018147700,0,-0.0002,-0.0,-0.0,0.0,0.2723225990752671
1785524945038579600,0,-0.0002,-0.0,-0.0,0.0,0.2723225990752671
1785524945058484600,0,-0.0002,-0.0,-0.0,0.0,0.2723225990752671
1785524945077909000,0,-0.0002,-0.0,-0.0,0.0,0.2723225990752671
1785524945098793600,0,-0.0002,-0.0,-0.0,0.0,0.2723225990752671
1785524945117879700,0,-0.0002,-0.0,-0.0,0.0,0.2723225990752671
1785524945137889400,0,-0.0002,-0.0,-0.0,0.0,0.2723225990752671
1785524945157864000,0,-0.0002,-0.0,-0.0,0.0,0.2723225990752671
1785524945178552500,0,-0.0002,-0.0,-0.0,0.0,0.2723225990752671
1785524945198052800,0,-0.0002,-0.0,-0.0,0.0,0.2723225990752671
1785524945218843400,0,-0.0002,-0.0,-0.0,0.0,0.2723225990752671
1785524945238229400,0,-0.0002,-0.0,-0.0,0.0,0.2723225990752671
1785524945258442300,0,-0.0002,-0.0,-0.0,0.0,0.2723225990752671
1785524945278818700,0,-0.0002,-0.0,-0.0,0.0,0.2723225990752671
1785524945298143000,0,-0.0002,-0.0,-0.0,0.0,0.2723225990752671
1785524945318591800,0,-0.0002,-0.0,-0.0,0.0,0.2723225990752671
1785524945338091100,0,-0.0002,-0.0,-0.0,0.0,0.2723225990752671
1785524945358536700,0,-0.0002,-0.0,-0.0,0.0,0.2723225990752671
1785524945378274600,0,-0.0002,-0.0,-0.0,0.0,0.2723225990752671
1785524945398150000,0,-0.0002,-0.0,-0.0,0.0,0.2723225990752671
1785524945418355800,0,-0.0002,-0.0,-0.0,0.0,0.2723225990752671
1785524945437958100,0,-0.0002,-0.0,-0.0,0.0,0.2723225990752671
1785524945458470700,0,-0.0002,-0.0,-0.0,0.0,0.2723225990752671
1785524945478251200,0,-0.0002,-0.0,-0.0,0.0,0.2723225990752671
1785524945498655900,0,-0.0002,-0.0,-0.0,0.48977280003600754,0.2723225990752671
1785524945518069200,0,0.0007,-0.0,-0.0,0.9678959999873769,0.2723225990752671
1785524945538514700,0,0.0099,-0.0,-0.0,1.4393639999907464,0.2723225990752671
1785524945557958200,0,0.0204,-0.0,-0.0,1.9251120000262745,0.2723225990752671
1785524945578394200,0,0.0640,-0.0,-0.0,2.0,0.2723225990752671
1785524945597939200,0,0.1002,-0.0,-0.0,2.0,0.2723225990752671
1785524945618183800,0,0.1271,-0.0,-0.0,2.0,0.2723225990752671
1785524945638431800,0,0.1659,-0.0,-0.0,2.0,0.2723225990752671
1785524945658037800,0,0.1920,-0.0,-0.0,2.0,0.2723225990752671
1785524945678896300,0,0.2507,-0.0,-0.0,2.0,0.2723225990752671
1785524945698026000,0,0.2507,-0.0,-0.0,2.0,0.2723225990752671
1785524945718917800,0,0.3082,-0.0,-0.0,2.0,0.2723225990752671
1785524945738190900,0,0.3429,-0.0,-0.0,2.0,0.2723225990752671
1785524945757925100,0,0.3668,-0.0,-0.0,2.0,0.2723225990752671
1785524945778108200,0,0.4022,-0.0,-0.0,2.0,0.2723225990752671
1785524945798326500,0,0.4263,-0.0,-0.0,2.0,0.2723225990752671
1785524945818108100,0,0.4855,-0.0,-0.0,2.0,0.2723225990752671
1785524945838835300,0,0.5202,-0.0,-0.0,2.0,0.2723225990752671
1785524945858732600,0,0.5444,-0.0,-0.0,2.0,0.2723225990752671
1785524945878033700,0,0.5793,-0.0,-0.0,2.0,0.2723225990752671
1785524945897935700,0,0.6386,-0.0,-0.0,2.0,0.2723225990752671
1785524945918410200,0,0.6627,-0.0,-0.0,2.0,0.2723225990752671
1785524945938555500,0,0.6975,-0.0,-0.0,2.0,0.2723225990752671
1785524945957764200,0,0.7216,-0.0,-0.0,2.0,0.2723225990752671
1785524945978749600,0,0.7806,-0.0,-0.0,2.0,0.2723225990752671
1785524945998092700,0,0.7806,-0.0,-0.0,2.0,0.2723225990752671
1785524946017981500,0,0.8399,-0.0,-0.0,2.0,0.2723225990752671
1785524946037896100,0,0.8747,-0.0,-0.0,2.0,0.2723225990752671
1785524946058613900,0,0.8988,-0.0,-0.0,2.0,0.2723225990752671
1785524946077910900,0,0.9337,-0.0,-0.0,2.0,0.2723225990752671
1785524946098621400,0,0.9577,-0.0,-0.0,2.0,0.2723225990752671
1785524946118445700,0,1.0168,-0.0,-0.0,2.0,0.2723225990752671
1785524946138212300,0,1.0519,-0.0,-0.0,2.0,0.2723225990752671
1785524946158293700,0,1.0758,-0.0,-0.0,2.0,0.2723225990752671
1785524946178209000,0,1.1349,-0.0,-0.0,2.0,0.2723225990752671
1785524946198267100,0,1.1698,-0.0,-0.0,2.0,0.2723225990752671
1785524946218147600,0,1.1940,-0.0,-0.0,1.5232327999838162,0.2723225990752671
1785524946237775100,0,1.2261,-0.0,-0.0,1.0520672000129707,0.2723225990752671
1785524946258074100,0,1.2452,-0.0,-0.0,0.5650856000138447,0.2723225990752671
1785524946278702300,0,1.2739,-0.0,-0.0,0.08330240004579537,0.2723225990752671
1785524946298139200,0,1.2739,-0.0,-0.0,0.0,0.2723225990752671
1785524946318215000,0,1.2800,-0.0,-0.0,0.0,0.2723225990752671
1785524946338002700,0,1.2765,-0.0,-0.0,0.0,0.2723225990752671
1785524946358590000,0,1.2737,-0.0,-0.0,0.0,0.2723225990752671
1785524946378384600,0,1.2702,-0.0,-0.0,0.0,0.2723225990752671
1785524946398121000,0,1.2702,-0.0,-0.0,0.0,0.2723225990752671
1785524946417959900,0,1.2716,-0.0,-0.0,0.0,0.2723225990752671
1785524946438025300,0,1.2725,-0.0,-0.0,0.0,0.2723225990752671
1785524946458094100,0,1.2728,-0.0,-0.0,0.0,0.2723225990752671
1785524946478885300,0,1.2727,-0.0,-0.0,0.0,0.2723225990752671
1785524946498703400,0,1.2723,-0.0,-0.0,0.0,0.2723225990752671
1785524946518377800,0,1.2722,-0.0,-0.0,0.0,0.2723225990752671
1785524946538659500,0,1.2721,-0.0,-0.0,0.0,0.2723225990752671
1785524946558453200,0,1.2722,-0.0,-0.0,0.0,0.2723225990752671
1785524946577886800,0,1.2722,-0.0,-0.0,0.0,0.2723225990752671
1785524946598765700,0,1.2723,-0.0,-0.0,0.0,0.2723225990752671
1785524946618096800,0,1.2723,-0.0,-0.0,0.0,0.2723225990752671
1785524946638505800,0,1.2723,-0.0,-0.0,0.0,0.2723225990752671
1785524946657816800,0,1.2723,-0.0,-0.0,0.0,0.2723225990752671
1785524946678642300,0,1.2723,-0.0,-0.0,0.0,0.2723225990752671
1785524946697976100,0,1.2723,-0.0,-0.0,0.0,0.2723225990752671
1785524946718483200,0,1.2723,-0.0,-0.0,0.0,0.2723225990752671
1785524946738402600,0,1.2723,-0.0,-0.0,0.0,0.2723225990752671
1785524946757931500,0,1.2723,-0.0,-0.0,0.0,0.2723225990752671
1785524946777798000,0,1.2723,-0.0,-0.0,0.0,0.2723225990752671
1785524946797879800,0,1.2723,-0.0,-0.0,0.0,0.2723225990752671
1785524946818469100,0,1.2723,-0.0,-0.0,0.0,0.2723225990752671
1785524946838421100,0,1.2723,-0.0,-0.0,0.0,0.2723225990752671
1785524946857967200,0,1.2723,-0.0,-0.0,0.0,0.2723225990752671
1785524946878499300,0,1.2723,-0.0,-0.0,0.0,0.2723225990752671
1785524946898037300,0,1.2723,-0.0,-0.0,0.0,0.2723225990752671
1785524946917991000,0,1.2723,-0.0,-0.0,0.0,0.2723225990752671
1785524946938600900,0,1.2723,-0.0,-0.0,0.0,0.2723225990752671
1785524946957992700,0,1.2723,-0.0,-0.0,0.0,0.2723225990752671
1785524946978276400,0,1.2723,-0.0,-0.0,0.0,0.2723225990752671
1785524946998229000,0,1.2723,-0.0,-0.0,0.0,0.2723225990752671
1785524947018598900,0,1.2723,-0.0,-0.0,0.0,0.2723225990752671
1785524947037812000,0,1.2723,-0.0,-0.0,0.0,0.2723225990752671
1785524947058025000,0,1.2723,-0.0,-0.0,0.0,0.2723225990752671
1785524947078418700,0,1.2723,-0.0,-0.0,0.0,0.2723225990752671
1785524947098000600,0,1.2723,-0.0,-0.0,0.0,0.2723225990752671
1785524947117990300,0,1.2723,-0.0,-0.0,0.0,0.2723225990752671
1785524947137914600,0,1.2723,-0.0,-0.0,0.0,0.2723225990752671
1785524947158809200,0,1.2723,-0.0,-0.0,0.0,0.2723225990752671
1785524947178001700,0,1.2723,-0.0,-0.0,0.0,0.2723225990752671
1785524947198631700,0,1.2723,-0.0,-0.0,0.0,0.2723225990752671
1785524947218075500,0,1.2723,-0.0,-0.0,0.0,0.2723225990752671
1785524947238251700,0,1.2723,-0.0,-0.0,0.0,0.2723225990752671
1785524947257843900,0,1.2723,-0.0,-0.0,0.0,0.2723225990752671
1785524947277969500,0,1.2723,-0.0,-0.0,0.0,0.2723225990752671
1785524947298831800,0,1.2723,-0.0,-0.0,0.0,0.2723225990752671
1785524947317939800,0,1.2723,-0.0,-0.0,0.0,0.2723225990752671
1785524947337985800,0,1.2723,-0.0,-0.0,0.0,0.2723225990752671
1785524947358176100,0,1.2723,-0.0,-0.0,0.0,0.2723225990752671
1785524947378847500,0,1.2723,-0.0,-0.0,0.0,0.2723225990752671
1785524947398180800,0,1.2723,-0.0,-0.0,0.0,0.2723225990752671
1785524947418781400,0,1.2723,-0.0,-0.0,0.0,0.2723225990752671
1785524947438055200,0,1.2723,-0.0,-0.0,0.0,0.2723225990752671
1785524947458530000,0,1.2723,-0.0,-0.0,0.0,0.2723225990752671
1785524947478057800,0,1.2723,-0.0,-0.0,0.0,0.2723225990752671
1785524947498849400,0,1.2723,-0.0,-0.0,0.0,0.2723225990752671
1785524947518182300,0,1.2723,-0.0,-0.0,0.0,0.2723225990752671
1785524947538742500,0,1.2723,-0.0,-0.0,0.0,0.2723225990752671
1785524947558008000,0,1.2723,-0.0,-0.0,0.0,0.2723225990752671
1785524947578953800,0,1.2723,-0.0,-0.0,0.0,0.2723225990752671
1785524947598417900,0,1.2723,-0.0,-0.0,0.0,0.2723225990752671
1785524947618574300,0,1.2723,-0.0,-0.0,0.0,0.2723225990752671
1785524947638869000,0,1.2723,-0.0,-0.0,0.0,0.2723225990752671
1785524947658478600,0,1.2723,-0.0,-0.0,0.0,0.2723225990752671
1785524947677841100,0,1.2723,-0.0,-0.0,0.0,0.2723225990752671
1785524947698352300,0,1.2723,-0.0,-0.0,0.0,0.2723225990752671
1785524947718036300,0,1.2723,-0.0,-0.0,0.0,0.2723225990752671
1785524947738388500,0,1.2723,-0.0,-0.0,0.0,0.2723225990752671
1785524947758646100,0,1.2723,-0.0,-0.0,0.0,0.2723225990752671
1785524947778040900,0,1.2723,-0.0,-0.0,0.0,0.2723225990752671
1785524947798755600,0,1.2723,-0.0,-0.0,0.0,0.2723225990752671
1785524947818897000,0,1.2723,-0.0,-0.0,0.0,0.2723225990752671
1785524947838647900,0,1.2723,-0.0,-0.0,0.0,0.2723225990752671
1785524947857927000,0,1.2723,-0.0,-0.0,0.0,0.2723225990752671
1785524947878571000,0,1.2723,-0.0,-0.0,0.0,0.2723225990752671
1785524947898220200,0,1.2723,-0.0,-0.0,0.0,0.2723225990752671
1785524947918762500,0,1.2723,-0.0,-0.0,0.0,0.2723225990752671
1785524947938300500,0,1.2723,-0.0,-0.0,0.0,0.2723225990752671
1785524947958536100,0,1.2723,-0.0,-0.0,0.0,0.2723225990752671
1785524947978674900,0,1.2723,-0.0,-0.0,0.0,0.2723225990752671
1785524947997930500,0,1.2723,-0.0,-0.0,0.0,0.2723225990752671
1785524948018480500,0,1.2723,-0.0,-0.0,0.0,0.2723225990752671
1785524948038687300,0,1.2723,-0.0,-0.0,0.0,0.2723225990752671
1785524948057745300,0,1.2723,-0.0,-0.0,0.0,0.2723225990752671
1785524948078529400,0,1.2723,-0.0,-0.0,0.0,0.2723225990752671
1785524948098198200,0,1.2723,-0.0,-0.0,0.0,0.2723225990752671
1785524948118380800,0,1.2723,-0.0,-0.0,0.0,0.2723225990752671
1785524948137777600,0,1.2723,-0.0,-0.0,0.0,0.2723225990752671
1785524948158678700,0,1.2723,-0.0,-0.0,0.0,0.2723225990752671
1785524948178658500,0,1.2723,-0.0,-0.0,0.0,0.2723225990752671
1785524948197775900,0,1.2723,-0.0,-0.0,0.0,0.2723225990752671
1785524948217824900,0,1.2723,-0.0,-0.0,0.0,0.2723225990752671
1785524948238720100,0,1.2723,-0.0,-0.0,0.0,0.2723225990752671
1785524948258003200,0,1.2723,-0.0,-0.0,0.0,0.2723225990752671
1785524948278552500,0,1.2723,-0.0,-0.0,0.0,0.2723225990752671
1785524948297740900,0,1.2723,-0.0,-0.0,0.0,0.2723225990752671
1785524948318303500,0,1.2723,-0.0,-0.0,0.0,0.2723225990752671
1785524948338447000,0,1.2723,-0.0,-0.0,0.0,0.2723225990752671
1785524948358021500,0,1.2723,-0.0,-0.0,0.0,0.2723225990752671
1785524948378780000,0,1.2723,-0.0,-0.0,0.0,0.2723225990752671
1785524948398447200,0,1.2723,-0.0,-0.0,0.0,0.2723225990752671
1785524948417729000,0,1.2723,-0.0,-0.0,0.0,0.2723225990752671
1785524948438099000,0,1.2723,-0.0,-0.0,0.0,0.2723225990752671
1785524948458689900,0,1.2723,-0.0,-0.0,0.0,0.2723225990752671
1785524948478197300,0,1.2723,-0.0,-0.0,0.0,0.2723225990752671
1785524948498902100,0,1.2723,-0.0,-0.0,0.0,0.2723225990752671
1785524948517954000,0,1.2723,-0.0,-0.0,0.0,0.2723225990752671
1785524948538670800,0,1.2723,-0.0,-0.0,0.0,0.2723225990752671
1785524948558338500,0,1.2723,-0.0,-0.0,0.0,0.2723225990752671
1785524948578637200,0,1.2723,-0.0,-0.0,0.0,0.2723225990752671
1785524948597743600,0,1.2723,-0.0,-0.0,0.0,0.2723225990752671
1785524948618280800,0,1.2723,-0.0,-0.0,0.0,0.2723225990752671
1785524948638010300,0,1.2723,-0.0,-0.0,0.0,0.2723225990752671
1785524948657921300,0,1.2723,-0.0,-0.0,0.0,0.2723225990752671
1785524948677854800,0,1.2723,-0.0,-0.0,0.0,0.2723225990752671
1785524948697792700,0,1.2723,-0.0,-0.0,0.0,0.2723225990752671
1785524948717875400,0,1.2723,-0.0,-0.0,0.0,0.2723225990752671
1785524948738623700,0,1.2723,-0.0,-0.0,0.0,0.2723225990752671
1785524948758075400,0,1.2723,-0.0,-0.0,0.0,0.2723225990752671
1785524948778043900,0,1.2723,-0.0,-0.0,0.0,0.2723225990752671
1785524948797721300,0,1.2723,-0.0,-0.0,0.0,0.2723225990752671
1785524948817939600,0,1.2723,-0.0,-0.0,0.0,0.2723225990752671
1785524948838393200,0,1.2723,-0.0,-0.0,0.0,0.2723225990752671
1785524948858151200,0,1.2723,-0.0,-0.0,0.0,0.2723225990752671
1785524948878088100,0,1.2723,-0.0,-0.0,0.0,0.2723225990752671
1785524948898134600,0,1.2723,-0.0,-0.0,0.0,0.2723225990752671
1785524948918465900,0,1.2723,-0.0,-0.0,0.0,0.2723225990752671
1785524948938126700,0,1.2723,-0.0,-0.0,0.0,0.2723225990752671
1785524948958221200,0,1.2723,-0.0,-0.0,0.0,0.2723225990752671
1785524948978117400,0,1.2723,-0.0,-0.0,0.0,0.2723225990752671
1785524948998740500,0,1.2723,-0.0,-0.0,0.0,0.2723225990752671
1785524949018197200,0,1.2723,-0.0,-0.0,0.0,0.2723225990752671
1785524949038743400,0,1.2723,-0.0,-0.0,0.0,0.2723225990752671
1785524949058205200,0,1.2723,-0.0,-0.0,0.0,0.2723225990752671
1785524949078363500,0,1.2723,-0.0,-0.0,0.0,0.2723225990752671
1785524949098009300,0,1.2723,-0.0,-0.0,0.0,0.2723225990752671
1785524949118181500,0,1.2723,-0.0,-0.0,0.0,0.2723225990752671
1785524949138480500,0,1.2723,-0.0,-0.0,0.0,0.2723225990752671
1785524949157845000,0,1.2723,-0.0,-0.0,0.0,0.2723225990752671
1785524949178179800,0,1.2723,-0.0,-0.0,0.0,0.2723225990752671
1785524949199027300,0,1.2723,-0.0,-0.0,0.0,0.2723225990752671
1785524949218054100,0,1.2723,-0.0,-0.0,0.0,0.2723225990752671
1785524949238186900,0,1.2723,-0.0,-0.0,0.0,0.2723225990752671
1785524949258349700,0,1.2723,-0.0,-0.0,0.0,0.2723225990752671
1785524949278005300,0,1.2723,-0.0,-0.0,0.0,0.2723225990752671
1785524949298831300,0,1.2723,-0.0,-0.0,0.0,0.2723225990752671
1785524949318952100,0,1.2723,-0.0,-0.0,0.0,0.2723225990752671
1785524949337782300,0,1.2723,-0.0,-0.0,0.0,0.2723225990752671
1785524949358185100,0,1.2723,-0.0,-0.0,0.0,0.2723225990752671
1785524949378271400,0,1.2723,-0.0,-0.0,0.0,0.2723225990752671
1785524949397784600,0,1.2723,-0.0,-0.0,0.0,0.2723225990752671
1785524949418573200,0,1.2723,-0.0,-0.0,0.0,0.2723225990752671
1785524949438710300,0,1.2723,-0.0,-0.0,0.0,0.2723225990752671
1785524949458001100,0,1.2723,-0.0,-0.0,0.0,0.2723225990752671
1785524949478238300,0,1.2723,-0.0,-0.0,0.0,0.2723225990752671
1785524949497864900,0,1.2723,-0.0,-0.0,0.0,0.2723225990752671
1785524949518104400,0,1.2723,-0.0,-0.0,0.0,0.2723225990752671
1785524949538599000,0,1.2723,-0.0,-0.0,0.0,0.2723225990752671
1785524949558220400,0,1.2723,-0.0,-0.0,0.0,0.2723225990752671
1785524949578657000,0,1.2723,-0.0,-0.0,0.0,0.2723225990752671
1785524949598950800,0,1.2723,-0.0,-0.0,0.0,0.2723225990752671
1785524949618086500,0,1.2723,-0.0,-0.0,0.0,0.2723225990752671
1785524949638335300,0,1.2723,-0.0,-0.0,0.0,0.2723225990752671
1785524949657749900,0,1.2723,-0.0,-0.0,0.0,0.2723225990752671
1785524949678064900,0,1.2723,-0.0,-0.0,0.0,0.2723225990752671
1785524949698926500,0,1.2723,-0.0,-0.0,0.0,0.2723225990752671
1785524949717761500,0,1.2723,-0.0,-0.0,0.0,0.2723225990752671
1785524949738674100,0,1.2723,-0.0,-0.0,0.0,0.2723225990752671
1785524949758479400,0,1.2723,-0.0,-0.0,0.0,0.2723225990752671
1785524949777895100,0,1.2723,-0.0,-0.0,0.0,0.2723225990752671
1785524949798462300,0,1.2723,-0.0,-0.0,0.0,0.2723225990752671
1785524949817837800,0,1.2723,-0.0,-0.0,0.0,0.2723225990752671
1785524949838369800,0,1.2723,-0.0,-0.0,0.0,0.2723225990752671
1785524949858672700,0,1.2723,-0.0,-0.0,0.0,0.2723225990752671
1785524949878495600,0,1.2723,-0.0,-0.0,0.0,0.2723225990752671
1785524949899180000,0,1.2723,-0.0,-0.0,0.0,0.2723225990752671
1785524949918203900,0,1.2723,-0.0,-0.0,0.0,0.2723225990752671
1785524949938251400,0,1.2723,-0.0,-0.0,0.0,0.2723225990752671
1785524949958236700,0,1.2723,-0.0,-0.0,0.0,0.2723225990752671
1785524949978412500,0,1.2723,-0.0,-0.0,0.0,0.2723225990752671
1785524949998341000,0,1.2723,-0.0,-0.0,0.0,0.2723225990752671
1785524950019094700,0,1.2723,-0.0,-0.0,0.0,0.2723225990752671
1785524950038441700,0,1.2723,-0.0,-0.0,0.0,0.2723225990752671
1785524950057923000,0,1.2723,-0.0,-0.0,0.0,0.2723225990752671
1785524950078739000,0,1.2723,-0.0,-0.0,0.0,0.2723225990752671
1785524950097865300,0,1.2723,-0.0,-0.0,0.0,0.2723225990752671
1785524950118531500,0,1.2723,-0.0,-0.0,0.0,0.2723225990752671
1785524950137840400,0,1.2723,-0.0,-0.0,0.0,0.2723225990752671
1785524950158217500,0,1.2723,-0.0,-0.0,0.0,0.2723225990752671
1785524950178522900,0,1.2723,-0.0,-0.0,0.0,0.2723225990752671
1785524950198580500,0,1.2723,-0.0,-0.0,0.0,0.2723225990752671
1785524950217968200,0,1.2723,-0.0,-0.0,0.0,0.2723225990752671
1785524950237906900,0,1.2723,-0.0,-0.0,0.0,0.2723225990752671
1785524950257842100,0,1.2723,-0.0,-0.0,0.0,0.2723225990752671
1785524950278587000,0,1.2723,-0.0,-0.0,0.0,0.2723225990752671
1785524950298200000,0,1.2723,-0.0,-0.0,0.0,0.2723225990752671
1785524950318387200,0,1.2723,-0.0,-0.0,0.0,0.2723225990752671
1785524950337746800,0,1.2723,-0.0,-0.0,0.0,0.2723225990752671
1785524950358224700,0,1.2723,-0.0,-0.0,0.0,0.2723225990752671
1785524950378424100,0,1.2723,-0.0,-0.0,0.0,0.2723225990752671
1785524950398087100,0,1.2723,-0.0,-0.0,0.0,0.2723225990752671
1785524950418445300,0,1.2723,-0.0,-0.0,0.0,0.2723225990752671
1785524950437957100,0,1.2723,-0.0,-0.0,0.0,0.2723225990752671
1785524950458226000,0,1.2723,-0.0,-0.0,0.0,0.2723225990752671
1785524950477773000,0,1.2723,-0.0,-0.0,0.0,0.2723225990752671
1785524950498374300,0,1.2723,-0.0,-0.0,0.0,0.2723225990752671
1785524950517756600,0,1.2723,-0.0,-0.0,0.0,0.2723225990752671
1785524950538693200,0,1.2723,-0.0,-0.0,0.0,0.2723225990752671
1785524950557978000,0,1.2723,-0.0,-0.0,0.0,0.2723225990752671
1785524950578009100,0,1.2723,-0.0,-0.0,0.0,0.2723225990752671
1785524950597888200,0,1.2723,-0.0,-0.0,0.0,0.2723225990752671
1785524950617752100,0,1.2723,-0.0,-0.0,0.0,0.2723225990752671
1785524950638351600,0,1.2723,-0.0,-0.0,0.0,0.2723225990752671
1785524950657885000,0,1.2723,-0.0,-0.0,0.0,0.2723225990752671
1785524950678520400,0,1.2723,-0.0,-0.0,0.0,0.2723225990752671
1785524950698011300,0,1.2723,-0.0,-0.0,0.0,0.2723225990752671
1785524950718726500,0,1.2723,-0.0,-0.0,0.0,0.2723225990752671
1785524950738480100,0,1.2723,-0.0,-0.0,0.0,0.2723225990752671
1785524950758189100,0,1.2723,-0.0,-0.0,0.0,0.2723225990752671
1785524950778890700,0,1.2723,-0.0,-0.0,0.0,0.2723225990752671
1785524950798205600,0,1.2723,-0.0,-0.0,0.0,0.2723225990752671
1785524950818728100,0,1.2723,-0.0,-0.0,0.0,0.2723225990752671
1785524950838425700,0,1.2723,-0.0,-0.0,0.0,0.2723225990752671
1785524950857772900,0,1.2723,-0.0,-0.0,0.0,0.2723225990752671
1785524950877932500,0,1.2723,-0.0,-0.0,0.0,0.2723225990752671
1785524950898148200,0,1.2723,-0.0,-0.0,0.0,0.2723225990752671
1785524950918631500,0,1.2723,-0.0,-0.0,0.0,0.2723225990752671
1785524950937981200,0,1.2723,-0.0,-0.0,0.0,0.2723225990752671
1785524950958102000,0,1.2723,-0.0,-0.0,0.0,0.2723225990752671
1785524950978463700,0,1.2723,-0.0,-0.0,0.0,0.2723225990752671
1785524950997971900,0,1.2723,-0.0,-0.0,0.0,0.2723225990752671
1785524951018515800,0,1.2723,-0.0,-0.0,0.0,0.2723225990752671
1785524951038121400,0,1.2723,-0.0,-0.0,0.0,0.2723225990752671
1785524951057842400,0,1.2723,-0.0,-0.0,0.0,0.2723225990752671
1785524951077955200,0,1.2723,-0.0,-0.0,0.0,0.2723225990752671
1785524951098418800,0,1.2723,-0.0,-0.0,0.0,0.2723225990752671
1785524951118809700,0,1.2723,-0.0,-0.0,0.0,0.2723225990752671
1785524951138295100,0,1.2723,-0.0,-0.0,0.0,0.2723225990752671
1785524951158717200,0,1.2723,-0.0,-0.0,0.0,0.2723225990752671
1785524951178622100,0,1.2723,-0.0,-0.0,0.0,0.2723225990752671
1785524951197765200,0,1.2723,-0.0,-0.0,0.0,0.2723225990752671
1785524951217942400,0,1.2723,-0.0,-0.0,0.0,0.2723225990752671
1785524951238581000,0,1.2723,-0.0,-0.0,0.0,0.2723225990752671
1785524951258128300,0,1.2723,-0.0,-0.0,0.0,0.2723225990752671
1785524951278283000,0,1.2723,-0.0,-0.0,0.0,0.2723225990752671
1785524951298191900,0,1.2723,-0.0,-0.0,0.0,0.2723225990752671
1785524951318627900,0,1.2723,-0.0,-0.0,0.0,0.2723225990752671
1785524951338564900,0,1.2723,-0.0,-0.0,0.0,0.2723225990752671
1785524951358393700,0,1.2723,-0.0,-0.0,0.0,0.2723225990752671
1785524951378207600,0,1.2723,-0.0,-0.0,0.0,0.2723225990752671
1785524951397919600,0,1.2723,-0.0,-0.0,0.0,0.2723225990752671
1785524951418228500,0,1.2723,-0.0,-0.0,0.0,0.2723225990752671
1785524951438553000,0,1.2723,-0.0,-0.0,0.0,0.2723225990752671
1785524951457963400,0,1.2723,-0.0,-0.0,-0.47990639999625273,0.2723225990752671
1785524951478088900,0,1.2714,-0.0,-0.0,-0.9630624000274111,0.2723225990752671
1785524951498596700,0,1.2624,-0.0,-0.0,-1.443163200019626,0.2723225990752671
1785524951518584300,0,1.2511,-0.0,-0.0,-1.919731200003298,0.2723225990752671
1785524951538097000,0,1.2212,-0.0,-0.0,-2.0,0.2723225990752671
1785524951558002000,0,1.1961,-0.0,-0.0,-2.0,0.2723225990752671
1785524951577778100,0,1.1547,-0.0,-0.0,-2.0,0.2723225990752671
1785524951598379500,0,1.0894,-0.0,-0.0,-2.0,0.2723225990752671
1785524951618569400,0,1.0650,-0.0,-0.0,-2.0,0.2723225990752671
1785524951638204600,0,1.0311,-0.0,-0.0,-2.0,0.2723225990752671
1785524951658927000,0,1.0086,-0.0,-0.0,-2.0,0.2723225990752671
1785524951678117300,0,0.9509,-0.0,-0.0,-2.0,0.2723225990752671
1785524951698018800,0,0.9158,-0.0,-0.0,-2.0,0.2723225990752671
1785524951718637000,0,0.8909,-0.0,-0.0,-2.0,0.2723225990752671
1785524951738374400,0,0.8560,-0.0,-0.0,-2.0,0.2723225990752671
1785524951758577100,0,0.8317,-0.0,-0.0,-2.0,0.2723225990752671
1785524951778915500,0,0.7969,-0.0,-0.0,-2.0,0.2723225990752671
1785524951798189100,0,0.7377,-0.0,-0.0,-2.0,0.2723225990752671
1785524951818793500,0,0.7132,-0.0,-0.0,-2.0,0.2723225990752671
1785524951838037700,0,0.6790,-0.0,-0.0,-2.0,0.2723225990752671
1785524951858378600,0,0.6549,-0.0,-0.0,-2.0,0.2723225990752671
1785524951879115900,0,0.6196,-0.0,-0.0,-2.0,0.2723225990752671
1785524951898001300,0,0.5607,-0.0,-0.0,-2.0,0.2723225990752671
1785524951918692500,0,0.5364,-0.0,-0.0,-2.0,0.2723225990752671
1785524951938689800,0,0.5014,-0.0,-0.0,-2.0,0.2723225990752671
1785524951958546300,0,0.4777,-0.0,-0.0,-2.0,0.2723225990752671
1785524951978160500,0,0.4185,-0.0,-0.0,-2.0,0.2723225990752671
1785524951998393700,0,0.3837,-0.0,-0.0,-2.0,0.2723225990752671
1785524952018685600,0,0.3594,-0.0,-0.0,-2.0,0.2723225990752671
1785524952038225700,0,0.3247,-0.0,-0.0,-2.0,0.2723225990752671
1785524952058382400,0,0.3003,-0.0,-0.0,-2.0,0.2723225990752671
1785524952078188200,0,0.2415,-0.0,-0.0,-2.0,0.2723225990752671
1785524952098196500,0,0.2067,-0.0,-0.0,-2.0,0.2723225990752671
1785524952118136200,0,0.1823,-0.0,-0.0,-2.0,0.2723225990752671
1785524952138152100,0,0.1474,-0.0,-0.0,-2.0,0.2723225990752671
1785524952158674900,0,0.1232,-0.0,-0.0,-2.0,0.2723225990752671
1785524952177758500,0,0.0886,-0.0,-0.0,-2.0,0.2723225990752671
1785524952198585500,0,0.0642,-0.0,-0.0,-2.0,0.2723225990752671
1785524952218572400,0,0.0051,-0.0,-0.0,-2.0,0.2723225990752671
1785524952237942500,0,-0.0296,-0.0,-0.0,-2.0,0.2723225990752671
1785524952257916000,0,-0.0539,-0.0,-0.0,-2.0,0.2723225990752671
1785524952277833900,0,-0.0887,-0.0,-0.0,-2.0,0.2723225990752671
1785524952297910400,0,-0.1130,-0.0,-0.0,-2.0,0.2723225990752671
1785524952318105300,0,-0.1719,-0.0,-0.0,-2.0,0.2723225990752671
1785524952338190200,0,-0.2070,-0.0,-0.0,-2.0,0.2723225990752671
1785524952358125400,0,-0.2311,-0.0,-0.0,-2.0,0.2723225990752671
1785524952378052300,0,-0.2658,-0.0,-0.0,-2.0,0.2723225990752671
1785524952398323700,0,-0.3251,-0.0,-0.0,-2.0,0.2723225990752671
1785524952418012400,0,-0.3490,-0.0,-0.0,-2.0,0.2723225990752671
1785524952438049200,0,-0.3840,-0.0,-0.0,-2.0,0.2723225990752671
1785524952458829100,0,-0.4080,-0.0,-0.0,-2.0,0.2723225990752671
1785524952477905800,0,-0.4671,-0.0,-0.0,-2.0,0.2723225990752671
1785524952498551900,0,-0.5021,-0.0,-0.0,-2.0,0.2723225990752671
1785524952518098800,0,-0.5261,-0.0,-0.0,-2.0,0.2723225990752671
1785524952538332200,0,-0.5613,-0.0,-0.0,-2.0,0.2723225990752671
1785524952557924700,0,-0.5853,-0.0,-0.0,-2.0,0.2723225990752671
1785524952578605200,0,-0.6203,-0.0,-0.0,-2.0,0.2723225990752671
1785524952598450000,0,-0.6795,-0.0,-0.0,-2.0,0.2723225990752671
1785524952618465500,0,-0.7034,-0.0,-0.0,-2.0,0.2723225990752671
1785524952638726300,0,-0.7385,-0.0,-0.0,-2.0,0.2723225990752671
1785524952658467800,0,-0.7624,-0.0,-0.0,-2.0,0.2723225990752671
1785524952678036200,0,-0.7974,-0.0,-0.0,-2.0,0.2723225990752671
1785524952697791600,0,-0.8565,-0.0,-0.0,-2.0,0.2723225990752671
1785524952718068200,0,-0.8805,-0.0,-0.0,-2.0,0.2723225990752671
1785524952738529400,0,-0.9155,-0.0,-0.0,-1.521240800007945,0.2723225990752671
1785524952758051900,0,-0.9397,-0.0,-0.0,-1.0408495999872684,0.2723225990752671
1785524952778189200,0,-0.9907,-0.0,-0.0,-0.5572352000453975,0.2723225990752671
1785524952798335300,0,-0.9907,-0.0,-0.0,-0.08813359998748638,0.2723225990752671
1785524952817737600,0,-1.0125,-0.0,-0.0,0.0,0.2723225990752671
1785524952838271700,0,-1.0109,-0.0,-0.0,0.0,0.2723225990752671
1785524952858214100,0,-1.0075,-0.0,-0.0,0.0,0.2723225990752671
1785524952878057000,0,-1.0024,-0.0,-0.0,0.0,0.2723225990752671
1785524952898829000,0,-1.0000,-0.0,-0.0,0.0,0.2723225990752671
1785524952918668500,0,-1.0002,-0.0,-0.0,0.0,0.2723225990752671
1785524952938508000,0,-1.0017,-0.0,-0.0,0.0,0.2723225990752671
1785524952957823000,0,-1.0026,-0.0,-0.0,0.0,0.2723225990752671
1785524952979007000,0,-1.0030,-0.0,-0.0,0.0,0.2723225990752671
1785524952998190100,0,-1.0025,-0.0,-0.0,0.0,0.2723225990752671
1785524953018645400,0,-1.0023,-0.0,-0.0,0.0,0.2723225990752671
1785524953037961300,0,-1.0021,-0.0,-0.0,0.0,0.2723225990752671
1785524953058377500,0,-1.0021,-0.0,-0.0,0.0,0.2723225990752671
1785524953077770500,0,-1.0022,-0.0,-0.0,0.0,0.2723225990752671
1785524953098343300,0,-1.0023,-0.0,-0.0,0.0,0.2723225990752671
1785524953118038800,0,-1.0023,-0.0,-0.0,0.0,0.2723225990752671
1785524953138289500,0,-1.0023,-0.0,-0.0,0.0,0.2723225990752671
1785524953158017300,0,-1.0023,-0.0,-0.0,0.0,0.2723225990752671
1785524953178600500,0,-1.0022,-0.0,-0.0,0.0,0.2723225990752671
1785524953197890700,0,-1.0022,-0.0,-0.0,0.0,0.2723225990752671
1785524953218362100,0,-1.0023,-0.0,-0.0,0.0,0.2723225990752671
1785524953238639500,0,-1.0023,-0.0,-0.0,0.0,0.2723225990752671
1785524953258272100,0,-1.0023,-0.0,-0.0,0.0,0.2723225990752671
1785524953278464900,0,-1.0023,-0.0,-0.0,0.0,0.2723225990752671
1785524953298499700,0,-1.0023,-0.0,-0.0,0.0,0.2723225990752671
1785524953318170300,0,-1.0023,-0.0,-0.0,0.0,0.2723225990752671
1785524953338719600,0,-1.0023,-0.0,-0.0,0.0,0.2723225990752671
1785524953358079600,0,-1.0023,-0.0,-0.0,0.0,0.2723225990752671
1785524953378546800,0,-1.0023,-0.0,-0.0,0.0,0.2723225990752671
1785524953397933000,0,-1.0023,-0.0,-0.0,0.0,0.2723225990752671
1785524953418335400,0,-1.0023,-0.0,-0.0,0.0,0.2723225990752671
1785524953438358600,0,-1.0023,-0.0,-0.0,0.0,0.2723225990752671
1785524953457829400,0,-1.0023,-0.0,-0.0,0.0,0.2723225990752671
1785524953477891000,0,-1.0023,-0.0,-0.0,0.0,0.2723225990752671
1785524953498614200,0,-1.0023,-0.0,-0.0,0.0,0.2723225990752671
1785524953518624200,0,-1.0023,-0.0,-0.0,0.0,0.2723225990752671
1785524953538219200,0,-1.0023,-0.0,-0.0,0.0,0.2723225990752671
1785524953558368600,0,-1.0023,-0.0,-0.0,0.0,0.2723225990752671
1785524953578489500,0,-1.0023,-0.0,-0.0,0.0,0.2723225990752671
1785524953598295200,0,-1.0023,-0.0,-0.0,0.0,0.2723225990752671
1785524953618224500,0,-1.0023,-0.0,-0.0,0.0,0.2723225990752671
1785524953638435300,0,-1.0023,-0.0,-0.0,0.0,0.2723225990752671
1785524953657831000,0,-1.0023,-0.0,-0.0,0.0,0.2723225990752671
1785524953678126900,0,-1.0023,-0.0,-0.0,0.0,0.2723225990752671
1785524953698930800,0,-1.0023,-0.0,-0.0,0.0,0.2723225990752671
1785524953718726000,0,-1.0023,-0.0,-0.0,0.0,0.2723225990752671
1785524953737759300,0,-1.0023,-0.0,-0.0,0.0,0.2723225990752671
1785524953758802300,0,-1.0023,-0.0,-0.0,0.0,0.2723225990752671
1785524953778497900,0,-1.0023,-0.0,-0.0,0.0,0.2723225990752671
1785524953798197200,0,-1.0023,-0.0,-0.0,0.0,0.2723225990752671
1785524953818261000,0,-1.0023,-0.0,-0.0,0.0,0.2723225990752671
1785524953837999400,0,-1.0023,-0.0,-0.0,0.0,0.2723225990752671
1785524953858427700,0,-1.0023,-0.0,-0.0,0.0,0.2723225990752671
1785524953877778500,0,-1.0023,-0.0,-0.0,0.0,0.2723225990752671
1785524953898582000,0,-1.0023,-0.0,-0.0,0.0,0.2723225990752671
1785524953917734800,0,-1.0023,-0.0,-0.0,0.0,0.2723225990752671
1785524953938704800,0,-1.0023,-0.0,-0.0,0.0,0.2723225990752671
1785524953958198600,0,-1.0023,-0.0,-0.0,0.0,0.2723225990752671
1785524953978091500,0,-1.0023,-0.0,-0.0,0.0,0.2723225990752671
1785524953998672100,0,-1.0023,-0.0,-0.0,0.0,0.2723225990752671
1785524954018036100,0,-1.0023,-0.0,-0.0,0.0,0.2723225990752671
1785524954038718500,0,-1.0023,-0.0,-0.0,0.0,0.2723225990752671
1785524954057971600,0,-1.0023,-0.0,-0.0,0.0,0.2723225990752671
1785524954078844000,0,-1.0023,-0.0,-0.0,0.0,0.2723225990752671
1785524954098631500,0,-1.0023,-0.0,-0.0,0.0,0.2723225990752671
1785524954117901400,0,-1.0023,-0.0,-0.0,0.0,0.2723225990752671
1785524954137941800,0,-1.0023,-0.0,-0.0,0.0,0.2723225990752671
1785524954157756100,0,-1.0023,-0.0,-0.0,0.0,0.2723225990752671
1785524954178423500,0,-1.0023,-0.0,-0.0,0.0,0.2723225990752671
1785524954198050800,0,-1.0023,-0.0,-0.0,0.0,0.2723225990752671
1785524954218825700,0,-1.0023,-0.0,-0.0,0.0,0.2723225990752671
1785524954237702400,0,-1.0023,-0.0,-0.0,0.0,0.2723225990752671
1785524954258532600,0,-1.0023,-0.0,-0.0,0.0,0.2723225990752671
1785524954278383500,0,-1.0023,-0.0,-0.0,0.0,0.2723225990752671
1785524954298098200,0,-1.0023,-0.0,-0.0,0.0,0.2723225990752671
1785524954318436100,0,-1.0023,-0.0,-0.0,0.0,0.2723225990752671
1785524954338378400,0,-1.0023,-0.0,-0.0,0.0,0.2723225990752671
1785524954357853700,0,-1.0023,-0.0,-0.0,0.0,0.2723225990752671
1785524954378485400,0,-1.0023,-0.0,-0.0,0.0,0.2723225990752671
1785524954398052700,0,-1.0023,-0.0,-0.0,0.0,0.2723225990752671
1785524954418409000,0,-1.0023,-0.0,-0.0,0.0,0.2723225990752671
1785524954438575800,0,-1.0023,-0.0,-0.0,0.0,0.2723225990752671
1785524954458424300,0,-1.0023,-0.0,-0.0,0.0,0.2723225990752671
1785524954477905200,0,-1.0023,-0.0,-0.0,0.0,0.2723225990752671
1785524954498300300,0,-1.0023,-0.0,-0.0,0.0,0.2723225990752671
1785524954518525600,0,-1.0023,-0.0,-0.0,0.0,0.2723225990752671
1785524954537995100,0,-1.0023,-0.0,-0.0,0.0,0.2723225990752671
1785524954558587800,0,-1.0023,-0.0,-0.0,0.0,0.2723225990752671
1785524954578255400,0,-1.0023,-0.0,-0.0,0.0,0.2723225990752671
1785524954598716600,0,-1.0023,-0.0,-0.0,0.0,0.2723225990752671
1785524954618735200,0,-1.0023,-0.0,-0.0,0.0,0.2723225990752671
1785524954637744600,0,-1.0023,-0.0,-0.0,0.0,0.2723225990752671
1785524954658198700,0,-1.0023,-0.0,-0.0,0.0,0.2723225990752671
1785524954678413300,0,-1.0023,-0.0,-0.0,0.0,0.2723225990752671
1785524954697712200,0,-1.0023,-0.0,-0.0,0.0,0.2723225990752671
1785524954717962200,0,-1.0023,-0.0,-0.0,0.0,0.2723225990752671
1785524954738336700,0,-1.0023,-0.0,-0.0,0.0,0.2723225990752671
1785524954757977300,0,-1.0023,-0.0,-0.0,0.0,0.2723225990752671
1785524954778676000,0,-1.0023,-0.0,-0.0,0.0,0.2723225990752671
1785524954798264500,0,-1.0023,-0.0,-0.0,0.0,0.2723225990752671
1785524954818631600,0,-1.0023,-0.0,-0.0,0.0,0.2723225990752671
1785524954837868500,0,-1.0023,-0.0,-0.0,0.0,0.2723225990752671
1785524954858078900,0,-1.0023,-0.0,-0.0,0.0,0.2723225990752671
1785524954878594900,0,-1.0023,-0.0,-0.0,0.0,0.2723225990752671
1785524954898536300,0,-1.0023,-0.0,-0.0,0.0,0.2723225990752671
1785524954917869100,0,-1.0023,-0.0,-0.0,0.0,0.2723225990752671
1785524954938768300,0,-1.0023,-0.0,-0.0,0.0,0.2723225990752671
1785524954957991100,0,-1.0023,-0.0,-0.0,0.0,0.2723225990752671
1785524954978403700,0,-1.0023,-0.0,-0.0,0.0,0.2723225990752671
1785524954998456400,0,-1.0023,-0.0,-0.0,0.0,0.2723225990752671
1785524955018671900,0,-1.0023,-0.0,-0.0,0.0,0.2723225990752671
1785524955038665800,0,-1.0023,-0.0,-0.0,0.0,0.2723225990752671
1785524955057867800,0,-1.0023,-0.0,-0.0,0.0,0.2723225990752671
1785524955078080300,0,-1.0023,-0.0,-0.0,0.0,0.2723225990752671
1785524955098037500,0,-1.0023,-0.0,-0.0,0.0,0.2723225990752671
1785524955118392000,0,-1.0023,-0.0,-0.0,0.0,0.2723225990752671
1785524955138108800,0,-1.0023,-0.0,-0.0,0.0,0.2723225990752671
1785524955158181100,0,-1.0023,-0.0,-0.0,0.0,0.2723225990752671
1785524955178669200,0,-1.0023,-0.0,-0.0,0.0,0.2723225990752671
1785524955198808300,0,-1.0023,-0.0,-0.0,0.0,0.2723225990752671
1785524955217720400,0,-1.0023,-0.0,-0.0,0.0,0.2723225990752671
1785524955238357500,0,-1.0023,-0.0,-0.0,0.0,0.2723225990752671
1785524955257834000,0,-1.0023,-0.0,-0.0,0.0,0.2723225990752671
1785524955278541500,0,-1.0023,-0.0,-0.0,0.0,0.2723225990752671
1785524955297854500,0,-1.0023,-0.0,-0.0,0.0,0.2723225990752671
1785524955318776400,0,-1.0023,-0.0,-0.0,0.0,0.2723225990752671
1785524955337926300,0,-1.0023,-0.0,-0.0,0.0,0.2723225990752671
1785524955358131800,0,-1.0023,-0.0,-0.0,0.0,0.2723225990752671
1785524955378396100,0,-1.0023,-0.0,-0.0,0.0,0.2723225990752671
1785524955398761100,0,-1.0023,-0.0,-0.0,0.0,0.2723225990752671
1785524955418203500,0,-1.0023,-0.0,-0.0,0.0,0.2723225990752671
1785524955438392100,0,-1.0023,-0.0,-0.0,0.0,0.2723225990752671
1785524955457910700,0,-1.0023,-0.0,-0.0,0.0,0.2723225990752671
1785524955478595200,0,-1.0023,-0.0,-0.0,0.0,0.2723225990752671
1785524955498651800,0,-1.0023,-0.0,-0.0,0.0,0.2723225990752671
1785524955517870600,0,-1.0023,-0.0,-0.0,0.0,0.2723225990752671
1785524955538733400,0,-1.0023,-0.0,-0.0,0.0,0.2723225990752671
1785524955557828500,0,-1.0023,-0.0,-0.0,0.0,0.2723225990752671
1785524955577807800,0,-1.0023,-0.0,-0.0,0.0,0.2723225990752671
1785524955597972400,0,-1.0023,-0.0,-0.0,0.0,0.2723225990752671
1785524955618592900,0,-1.0023,-0.0,-0.0,0.0,0.2723225990752671
1785524955638095300,0,-1.0023,-0.0,-0.0,0.0,0.2723225990752671
1785524955658163500,0,-1.0023,-0.0,-0.0,0.0,0.2723225990752671
1785524955677773000,0,-1.0023,-0.0,-0.0,0.0,0.2723225990752671
1785524955698492700,0,-1.0023,-0.0,-0.0,0.0,0.2723225990752671
1785524955717967000,0,-1.0023,-0.0,-0.0,0.0,0.2723225990752671
1785524955738358400,0,-1.0023,-0.0,-0.0,0.0,0.2723225990752671
1785524955758060600,0,-1.0023,-0.0,-0.0,0.0,0.2723225990752671
1785524955778478700,0,-1.0023,-0.0,-0.0,0.0,0.2723225990752671
1785524955798925300,0,-1.0023,-0.0,-0.0,0.0,0.2723225990752671
1785524955817893900,0,-1.0023,-0.0,-0.0,0.0,0.2723225990752671
1785524955838014100,0,-1.0023,-0.0,-0.0,0.0,0.2723225990752671
1785524955858077100,0,-1.0023,-0.0,-0.0,0.0,0.2723225990752671
1785524955878260700,0,-1.0023,-0.0,-0.0,0.0,0.2723225990752671
1785524955897900700,0,-1.0023,-0.0,-0.0,0.0,0.2723225990752671
1785524955918636700,0,-1.0023,-0.0,-0.0,0.0,0.2723225990752671
1785524955937862500,0,-1.0023,-0.0,-0.0,0.0,0.2723225990752671
1785524955957945200,0,-1.0023,-0.0,-0.0,0.0,0.2723225990752671
1785524955978173200,0,-1.0023,-0.0,-0.0,0.0,0.2723225990752671
1785524955998350900,0,-1.0023,-0.0,-0.0,0.0,0.2723225990752671
1785524956017940000,0,-1.0023,-0.0,-0.0,0.0,0.2723225990752671
1785524956038486400,0,-1.0023,-0.0,-0.0,0.0,0.2723225990752671
1785524956058863800,0,-1.0023,-0.0,-0.0,0.0,0.2723225990752671
1785524956078903500,0,-1.0023,-0.0,-0.0,0.0,0.2723225990752671
1785524956097817500,0,-1.0023,-0.0,-0.0,0.0,0.2723225990752671
1785524956118521400,0,-1.0023,-0.0,-0.0,0.0,0.2723225990752671
1785524956138496800,0,-1.0023,-0.0,-0.0,0.0,0.2723225990752671
1785524956158529400,0,-1.0023,-0.0,-0.0,0.0,0.2723225990752671
1785524956178464700,0,-1.0023,-0.0,-0.0,0.0,0.2723225990752671
1785524956197999200,0,-1.0023,-0.0,-0.0,0.0,0.2723225990752671
1785524956218032200,0,-1.0023,-0.0,-0.0,0.0,0.2723225990752671
1785524956238191000,0,-1.0023,-0.0,-0.0,0.0,0.2723225990752671
1785524956258180500,0,-1.0023,-0.0,-0.0,0.0,0.2723225990752671
1785524956278205900,0,-1.0023,-0.0,-0.0,0.0,0.2723225990752671
1785524956298324400,0,-1.0023,-0.0,-0.0,0.0,0.2723225990752671
1785524956318530700,0,-1.0023,-0.0,-0.0,0.0,0.2723225990752671
1785524956338427400,0,-1.0023,-0.0,-0.0,0.0,0.2723225990752671
1785524956358315800,0,-1.0023,-0.0,-0.0,0.0,0.2723225990752671
1785524956377792400,0,-1.0023,-0.0,-0.0,0.0,0.2723225990752671
1785524956398552600,0,-1.0023,-0.0,-0.0,0.0,0.2723225990752671
1785524956418201800,0,-1.0023,-0.0,-0.0,0.0,0.2723225990752671
1785524956438348300,0,-1.0023,-0.0,-0.0,0.0,0.2723225990752671
1785524956458636300,0,-1.0023,-0.0,-0.0,0.0,0.2723225990752671
1785524956478429100,0,-1.0023,-0.0,-0.0,0.0,0.2723225990752671
1785524956498658100,0,-1.0023,-0.0,-0.0,0.0,0.2723225990752671
1785524956517955700,0,-1.0023,-0.0,-0.0,0.0,0.2723225990752671
1785524956537749700,0,-1.0023,-0.0,-0.0,0.0,0.2723225990752671
1785524956558656300,0,-1.0023,-0.0,-0.0,0.0,0.2723225990752671
1785524956578530700,0,-1.0023,-0.0,-0.0,0.0,0.2723225990752671
1785524956597991200,0,-1.0023,-0.0,-0.0,0.0,0.2723225990752671
1785524956617819900,0,-1.0023,-0.0,-0.0,0.0,0.2723225990752671
1785524956638242100,0,-1.0023,-0.0,-0.0,0.0,0.2723225990752671
1785524956657750400,0,-1.0023,-0.0,-0.0,0.0,0.2723225990752671
1785524956677784400,0,-1.0023,-0.0,-0.0,0.0,0.2723225990752671
1785524956697974700,0,-1.0023,-0.0,-0.0,0.0,0.2723225990752671
1785524956718631200,0,-1.0023,-0.0,-0.0,0.0,0.2723225990752671
1785524956738624900,0,-1.0023,-0.0,-0.0,0.0,0.2723225990752671
1785524956757767800,0,-1.0023,-0.0,-0.0,0.0,0.2723225990752671
1785524956778187800,0,-1.0023,-0.0,-0.0,0.0,0.2723225990752671
1785524956798458100,0,-1.0023,-0.0,-0.0,0.0,0.2723225990752671
1785524956818064600,0,-1.0023,-0.0,-0.0,0.0,0.2723225990752671
1785524956837755100,0,-1.0023,-0.0,-0.0,0.0,0.2723225990752671
1785524956858032100,0,-1.0023,-0.0,-0.0,0.0,0.2723225990752671
1785524956878434800,0,-1.0023,-0.0,-0.0,0.0,0.2723225990752671
1785524956898594900,0,-1.0023,-0.0,-0.0,0.0,0.2723225990752671
1785524956918110800,0,-1.0023,-0.0,-0.0,0.0,0.2723225990752671
1785524956938512900,0,-1.0023,-0.0,-0.0,0.0,0.2723225990752671
1785524956958613100,0,-1.0023,-0.0,-0.0,0.0,0.2723225990752671
1785524956978101000,0,-1.0023,-0.0,-0.0,0.0,0.2723225990752671
1785524956999053300,0,-1.0023,-0.0,-0.0,0.0,0.2723225990752671
1785524957017903200,0,-1.0023,-0.0,-0.0,0.0,0.2723225990752671
1785524957037967500,0,-1.0023,-0.0,-0.0,0.48162239996599965,0.2723225990752671
1785524957057774000,0,-1.0023,-0.0,-0.0,0.9569136000063736,0.2723225990752671
1785524957078537200,0,-0.9995,-0.0,-0.0,1.4358191999781411,0.2723225990752671
1785524957098849900,0,-0.9758,-0.0,-0.0,1.923962400003802,0.2723225990752671
1785524957118076800,0,-0.9571,-0.0,-0.0,2.0,0.2723225990752671
1785524957138395500,0,-0.9194,-0.0,-0.0,2.0,0.2723225990752671
1785524957158229700,0,-0.8913,-0.0,-0.0,2.0,0.2723225990752671
1785524957178496000,0,-0.8241,-0.0,-0.0,2.0,0.2723225990752671
1785524957197946500,0,-0.7889,-0.0,-0.0,2.0,0.2723225990752671
1785524957218376500,0,-0.7657,-0.0,-0.0,2.0,0.2723225990752671
1785524957238341900,0,-0.7325,-0.0,-0.0,2.0,0.2723225990752671
1785524957258511700,0,-0.7093,-0.0,-0.0,2.0,0.2723225990752671
1785524957278674500,0,-0.6747,-0.0,-0.0,2.0,0.2723225990752671
1785524957298752800,0,-0.6503,-0.0,-0.0,2.0,0.2723225990752671
1785524957318673200,0,-0.5905,-0.0,-0.0,1.5145831999543589,0.2723225990752671
1785524957338378300,0,-0.5585,-0.0,-0.0,1.0433791999530513,0.2723225990752671
1785524957357921700,0,-0.5385,-0.0,-0.0,0.5605015999462921,0.2723225990752671
1785524957378661400,0,-0.5049,-0.0,-0.0,0.07710079997195862,0.2723225990752671
1785524957398022500,0,-0.4984,-0.0,-0.0,0.0,0.2723225990752671
1785524957418519700,0,-0.4982,-0.0,-0.0,0.0,0.2723225990752671
1785524957438654400,0,-0.5026,-0.0,-0.0,0.0,0.2723225990752671
1785524957458428700,0,-0.5059,-0.0,-0.0,0.0,0.2723225990752671
1785524957477782200,0,-0.5093,-0.0,-0.0,0.0,0.2723225990752671
1785524957498288800,0,-0.5093,-0.0,-0.0,0.0,0.2723225990752671
1785524957517767800,0,-0.5076,-0.0,-0.0,0.0,0.2723225990752671
1785524957538476600,0,-0.5065,-0.0,-0.0,0.0,0.2723225990752671
1785524957558009500,0,-0.5062,-0.0,-0.0,0.0,0.2723225990752671
1785524957578205800,0,-0.5065,-0.0,-0.0,0.0,0.2723225990752671
1785524957598672500,0,-0.5068,-0.0,-0.0,0.0,0.2723225990752671
1785524957618487500,0,-0.5070,-0.0,-0.0,0.0,0.2723225990752671
1785524957638023600,0,-0.5070,-0.0,-0.0,0.0,0.2723225990752671
1785524957658179900,0,-0.5070,-0.0,-0.0,0.0,0.2723225990752671
1785524957678702100,0,-0.5068,-0.0,-0.0,0.0,0.2723225990752671
1785524957698330000,0,-0.5068,-0.0,-0.0,0.0,0.2723225990752671
1785524957718140800,0,-0.5068,-0.0,-0.0,0.0,0.2723225990752671
1785524957737766900,0,-0.5068,-0.0,-0.0,0.0,0.2723225990752671
1785524957758479800,0,-0.5068,-0.0,-0.0,0.0,0.2723225990752671
1785524957778518900,0,-0.5068,-0.0,-0.0,0.0,0.2723225990752671
1785524957798470900,0,-0.5068,-0.0,-0.0,0.0,0.2723225990752671
1785524957817992600,0,-0.5068,-0.0,-0.0,0.0,0.2723225990752671
1785524957837962700,0,-0.5068,-0.0,-0.0,0.0,0.2723225990752671
1785524957858713300,0,-0.5068,-0.0,-0.0,0.0,0.2723225990752671
1785524957878198100,0,-0.5068,-0.0,-0.0,0.0,0.2723225990752671
1785524957898456900,0,-0.5068,-0.0,-0.0,0.0,0.2723225990752671
1785524957918715400,0,-0.5068,-0.0,-0.0,0.0,0.2723225990752671
1785524957937686100,0,-0.5068,-0.0,-0.0,0.0,0.2723225990752671
1785524957958634800,0,-0.5068,-0.0,-0.0,0.0,0.2723225990752671
1785524957978408300,0,-0.5068,-0.0,-0.0,0.0,0.2723225990752671
1785524957998094100,0,-0.5068,-0.0,-0.0,0.0,0.2723225990752671
1785524958018395700,0,-0.5068,-0.0,-0.0,0.0,0.2723225990752671
1785524958038039700,0,-0.5068,-0.0,-0.0,0.0,0.2723225990752671
1785524958057821500,0,-0.5068,-0.0,-0.0,0.0,0.2723225990752671
1785524958078512600,0,-0.5068,-0.0,-0.0,0.0,0.2723225990752671
1785524958098640100,0,-0.5068,-0.0,-0.0,0.0,0.2723225990752671
1785524958118137700,0,-0.5068,-0.0,-0.0,0.0,0.2723225990752671
1785524958138791900,0,-0.5068,-0.0,-0.0,0.0,0.2723225990752671
1785524958158086600,0,-0.5068,-0.0,-0.0,0.0,0.2723225990752671
1785524958178317000,0,-0.5068,-0.0,-0.0,0.0,0.2723225990752671
1785524958198687300,0,-0.5068,-0.0,-0.0,0.0,0.2723225990752671
1785524958218566000,0,-0.5068,-0.0,-0.0,0.0,0.2723225990752671
1785524958238358400,0,-0.5068,-0.0,-0.0,0.0,0.2723225990752671
1785524958258007900,0,-0.5068,-0.0,-0.0,0.0,0.2723225990752671
1785524958278253800,0,-0.5068,-0.0,-0.0,0.0,0.2723225990752671
1785524958298138000,0,-0.5068,-0.0,-0.0,0.0,0.2723225990752671
1785524958318107600,0,-0.5068,-0.0,-0.0,0.0,0.2723225990752671
1785524958338004900,0,-0.5068,-0.0,-0.0,0.0,0.2723225990752671
1785524958357970600,0,-0.5068,-0.0,-0.0,0.0,0.2723225990752671
1785524958377988200,0,-0.5068,-0.0,-0.0,0.0,0.2723225990752671
1785524958398400500,0,-0.5068,-0.0,-0.0,0.0,0.2723225990752671
1785524958418075500,0,-0.5068,-0.0,-0.0,0.0,0.2723225990752671
1785524958438689200,0,-0.5068,-0.0,-0.0,0.0,0.2723225990752671
1785524958458116500,0,-0.5068,-0.0,-0.0,0.0,0.2723225990752671
1785524958478670600,0,-0.5068,-0.0,-0.0,0.0,0.2723225990752671
1785524958498128500,0,-0.5068,-0.0,-0.0,0.0,0.2723225990752671
1785524958518885800,0,-0.5068,-0.0,-0.0,0.0,0.2723225990752671
1785524958538360200,0,-0.5068,-0.0,-0.0,0.0,0.2723225990752671
1785524958557987700,0,-0.5068,-0.0,-0.0,0.0,0.2723225990752671
1785524958578738700,0,-0.5068,-0.0,-0.0,0.0,0.2723225990752671
1785524958597818500,0,-0.5068,-0.0,-0.0,0.0,0.2723225990752671
1785524958618354900,0,-0.5068,-0.0,-0.0,0.0,0.2723225990752671
1785524958637734600,0,-0.5068,-0.0,-0.0,0.0,0.2723225990752671
1785524958657921000,0,-0.5068,-0.0,-0.0,0.0,0.2723225990752671
1785524958678234400,0,-0.5068,-0.0,-0.0,0.0,0.2723225990752671
1785524958697754700,0,-0.5068,-0.0,-0.0,0.0,0.2723225990752671
1785524958718584500,0,-0.5068,-0.0,-0.0,0.0,0.2723225990752671
1785524958738678300,0,-0.5068,-0.0,-0.0,0.0,0.2723225990752671
1785524958758196300,0,-0.5068,-0.0,-0.0,0.0,0.2723225990752671
1785524958778108800,0,-0.5068,-0.0,-0.0,0.0,0.2723225990752671
1785524958798063400,0,-0.5068,-0.0,-0.0,0.0,0.2723225990752671
1785524958818528200,0,-0.5068,-0.0,-0.0,0.0,0.2723225990752671
1785524958838102000,0,-0.5068,-0.0,-0.0,0.0,0.2723225990752671
1785524958857769300,0,-0.5068,-0.0,-0.0,0.0,0.2723225990752671
1785524958878415100,0,-0.5068,-0.0,-0.0,0.0,0.2723225990752671
1785524958897993100,0,-0.5068,-0.0,-0.0,0.0,0.2723225990752671
1785524958918398800,0,-0.5068,-0.0,-0.0,0.0,0.2723225990752671
1785524958938201700,0,-0.5068,-0.0,-0.0,0.0,0.2723225990752671
1785524958958296100,0,-0.5068,-0.0,-0.0,0.0,0.2723225990752671
1785524958977898000,0,-0.5068,-0.0,-0.0,0.0,0.2723225990752671
1785524958997932800,0,-0.5068,-0.0,-0.0,0.0,0.2723225990752671
1785524959018619700,0,-0.5068,-0.0,-0.0,0.0,0.2723225990752671
1785524959038638300,0,-0.5068,-0.0,-0.0,0.0,0.2723225990752671
1785524959058091800,0,-0.5068,-0.0,-0.0,0.0,0.2723225990752671
1785524959078319000,0,-0.5068,-0.0,-0.0,0.0,0.2723225990752671
1785524959098070400,0,-0.5068,-0.0,-0.0,0.0,0.2723225990752671
1785524959117878300,0,-0.5068,-0.0,-0.0,0.0,0.2723225990752671
1785524959138049500,0,-0.5068,-0.0,-0.0,0.0,0.2723225990752671
1785524959158227200,0,-0.5068,-0.0,-0.0,0.0,0.2723225990752671
1785524959178139600,0,-0.5068,-0.0,-0.0,0.0,0.2723225990752671
1785524959198613600,0,-0.5068,-0.0,-0.0,0.0,0.2723225990752671
1785524959217710200,0,-0.5068,-0.0,-0.0,0.0,0.2723225990752671
1785524959238180400,0,-0.5068,-0.0,-0.0,0.0,0.2723225990752671
1785524959257744600,0,-0.5068,-0.0,-0.0,0.0,0.2723225990752671
1785524959278703100,0,-0.5068,-0.0,-0.0,0.0,0.2723225990752671
1785524959298166600,0,-0.5068,-0.0,-0.0,0.0,0.2723225990752671
1785524959318846700,0,-0.5068,-0.0,-0.0,0.0,0.2723225990752671
1785524959338383700,0,-0.5068,-0.0,-0.0,0.0,0.2723225990752671
1785524959358112600,0,-0.5068,-0.0,-0.0,0.0,0.2723225990752671
1785524959378410700,0,-0.5068,-0.0,-0.0,0.0,0.2723225990752671
1785524959398393900,0,-0.5068,-0.0,-0.0,0.0,0.2723225990752671
1785524959418090700,0,-0.5068,-0.0,-0.0,0.4848671999643557,0.2723225990752671
1785524959438338700,0,-0.5041,-0.0,-0.0,0.9556607999838889,0.2723225990752671
1785524959458546400,0,-0.4999,-0.0,-0.0,1.443763199960813,0.2723225990752671
1785524959478116200,0,-0.4872,-0.0,-0.0,1.925678399973549,0.2723225990752671
1785524959498204600,0,-0.4747,-0.0,-0.0,2.0,0.2723225990752671
1785524959517787600,0,-0.4207,-0.0,-0.0,2.0,0.2723225990752671
1785524959538008800,0,-0.3805,-0.0,-0.0,2.0,0.2723225990752671
1785524959558035800,0,-0.3525,-0.0,-0.0,2.0,0.2723225990752671
1785524959578415900,0,-0.3144,-0.0,-0.0,2.0,0.2723225990752671
1785524959598181500,0,-0.2563,-0.0,-0.0,2.0,0.2723225990752671
1785524959618015600,0,-0.2334,-0.0,-0.0,2.0,0.2723225990752671
1785524959638106500,0,-0.1995,-0.0,-0.0,2.0,0.2723225990752671
1785524959658545600,0,-0.1758,-0.0,-0.0,2.0,0.2723225990752671
1785524959678066900,0,-0.1406,-0.0,-0.0,2.0,0.2723225990752671
1785524959698755900,0,-0.0808,-0.0,-0.0,2.0,0.2723225990752671
1785524959717861000,0,-0.0567,-0.0,-0.0,2.0,0.2723225990752671
1785524959738388000,0,-0.0219,-0.0,-0.0,2.0,0.2723225990752671
1785524959758782400,0,0.0022,-0.0,-0.0,2.0,0.2723225990752671
1785524959778766400,0,0.0612,-0.0,-0.0,2.0,0.2723225990752671
1785524959798122200,0,0.0967,-0.0,-0.0,2.0,0.2723225990752671
1785524959818485100,0,0.1202,-0.0,-0.0,2.0,0.2723225990752671
1785524959838582800,0,0.1551,-0.0,-0.0,2.0,0.2723225990752671
1785524959858495200,0,0.1793,-0.0,-0.0,2.0,0.2723225990752671
1785524959878207400,0,0.2383,-0.0,-0.0,2.0,0.2723225990752671
1785524959898038900,0,0.2383,-0.0,-0.0,1.5239143999351654,0.2723225990752671
1785524959917971900,0,0.2970,-0.0,-0.0,1.0454551999573596,0.2723225990752671
1785524959938752200,0,0.3284,-0.0,-0.0,0.5606671999848913,0.2723225990752671
1785524959957967400,0,0.3422,-0.0,-0.0,0.08566879999125376,0.2723225990752671
1785524959978838700,0,0.3539,-0.0,-0.0,0.0,0.2723225990752671
1785524959997974000,0,0.3581,-0.0,-0.0,0.0,0.2723225990752671
1785524960018424700,0,0.3562,-0.0,-0.0,0.0,0.2723225990752671
1785524960037870600,0,0.3527,-0.0,-0.0,0.0,0.2723225990752671
1785524960058151300,0,0.3509,-0.0,-0.0,0.0,0.2723225990752671
1785524960077906100,0,0.3504,-0.0,-0.0,0.0,0.2723225990752671
1785524960098770200,0,0.3507,-0.0,-0.0,0.0,0.2723225990752671
1785524960118122200,0,0.3522,-0.0,-0.0,0.0,0.2723225990752671
1785524960138530500,0,0.3526,-0.0,-0.0,0.0,0.2723225990752671
1785524960158571600,0,0.3526,-0.0,-0.0,0.0,0.2723225990752671
1785524960177838800,0,0.3524,-0.0,-0.0,0.0,0.2723225990752671
1785524960197938700,0,0.3522,-0.0,-0.0,0.0,0.2723225990752671
1785524960218313800,0,0.3520,-0.0,-0.0,0.0,0.2723225990752671
1785524960237825200,0,0.3520,-0.0,-0.0,0.0,0.2723225990752671
1785524960258305800,0,0.3521,-0.0,-0.0,0.0,0.2723225990752671
1785524960278216500,0,0.3522,-0.0,-0.0,0.0,0.2723225990752671
1785524960298797900,0,0.3522,-0.0,-0.0,0.0,0.2723225990752671
1785524960318383300,0,0.3522,-0.0,-0.0,0.0,0.2723225990752671
1785524960338121400,0,0.3521,-0.0,-0.0,0.0,0.2723225990752671
1785524960358594200,0,0.3521,-0.0,-0.0,0.0,0.2723225990752671
1785524960378098500,0,0.3521,-0.0,-0.0,0.0,0.2723225990752671
1785524960398317000,0,0.3521,-0.0,-0.0,0.0,0.2723225990752671
1785524960418406000,0,0.3521,-0.0,-0.0,0.0,0.2723225990752671
1785524960437744800,0,0.3521,-0.0,-0.0,0.0,0.2723225990752671
1785524960457740400,0,0.3521,-0.0,-0.0,0.0,0.2723225990752671
1785524960478654300,0,0.3521,-0.0,-0.0,0.0,0.2723225990752671
1785524960497902300,0,0.3521,-0.0,-0.0,0.0,0.2723225990752671
1785524960518597600,0,0.3521,-0.0,-0.0,0.0,0.2723225990752671
1785524960537983300,0,0.3521,-0.0,-0.0,0.0,0.2723225990752671
1785524960558622500,0,0.3521,-0.0,-0.0,0.0,0.2723225990752671
1785524960578223200,0,0.3521,-0.0,-0.0,0.0,0.2723225990752671
1785524960598117200,0,0.3521,-0.0,-0.0,0.0,0.2723225990752671
1785524960617712000,0,0.3521,-0.0,-0.0,0.0,0.2723225990752671
1785524960638840900,0,0.3521,-0.0,-0.0,0.0,0.2723225990752671
1785524960658093000,0,0.3521,-0.0,-0.0,0.0,0.2723225990752671
1785524960678326700,0,0.3521,-0.0,-0.0,0.0,0.2723225990752671
1785524960698547500,0,0.3521,-0.0,-0.0,0.0,0.2723225990752671
1785524960717999700,0,0.3521,-0.0,-0.0,-0.48271199996815994,0.2723225990752671
1785524960738480000,0,0.3494,-0.0,-0.0,-0.9618672000069637,0.2723225990752671
1785524960757973200,0,0.3452,-0.0,-0.0,-1.4417423999402672,0.2723225990752671
1785524960777981000,0,0.3327,-0.0,-0.0,-1.9293192000186536,0.2723225990752671
1785524960797920300,0,0.3198,-0.0,-0.0,-2.0,0.2723225990752671
1785524960818145900,0,0.2660,-0.0,-0.0,-2.0,0.2723225990752671
1785524960838381000,0,0.2257,-0.0,-0.0,-2.0,0.2723225990752671
1785524960857832200,0,0.1977,-0.0,-0.0,-2.0,0.2723225990752671
1785524960878409100,0,0.1355,-0.0,-0.0,-2.0,0.2723225990752671
1785524960898221900,0,0.1017,-0.0,-0.0,-2.0,0.2723225990752671
1785524960918435700,0,0.0785,-0.0,-0.0,-1.520820800040383,0.2723225990752671
1785524960938212900,0,0.0475,-0.0,-0.0,-1.0398031999648083,0.2723225990752671
1785524960957903900,0,0.0280,-0.0,-0.0,-0.5555407999781892,0.2723225990752671
1785524960978504900,0,-0.0065,-0.0,-0.0,-0.07481120000011288,0.2723225990752671
1785524960997922800,0,-0.0065,-0.0,-0.0,0.0,0.2723225990752671
1785524961017948100,0,-0.0137,-0.0,-0.0,0.0,0.2723225990752671
1785524961038030000,0,-0.0093,-0.0,-0.0,0.0,0.2723225990752671
1785524961057709300,0,-0.0058,-0.0,-0.0,0.0,0.2723225990752671
1785524961078553400,0,-0.0029,-0.0,-0.0,0.0,0.2723225990752671
1785524961098525300,0,-0.0022,-0.0,-0.0,0.0,0.2723225990752671
1785524961118631000,0,-0.0040,-0.0,-0.0,0.0,0.2723225990752671
1785524961138848100,0,-0.0050,-0.0,-0.0,0.0,0.2723225990752671
1785524961157883300,0,-0.0054,-0.0,-0.0,0.0,0.2723225990752671
1785524961177838100,0,-0.0051,-0.0,-0.0,0.0,0.2723225990752671
1785524961197932200,0,-0.0048,-0.0,-0.0,0.0,0.2723225990752671
1785524961218357200,0,-0.0046,-0.0,-0.0,0.0,0.2723225990752671
1785524961238046000,0,-0.0046,-0.0,-0.0,0.0,0.2723225990752671
1785524961257884400,0,-0.0046,-0.0,-0.0,0.0,0.2723225990752671
1785524961278180800,0,-0.0048,-0.0,-0.0,0.0,0.2723225990752671
1785524961297735000,0,-0.0048,-0.0,-0.0,0.0,0.2723225990752671
1785524961318437800,0,-0.0048,-0.0,-0.0,0.0,0.2723225990752671
1785524961337918500,0,-0.0048,-0.0,-0.0,0.0,0.2723225990752671
1785524961358047600,0,-0.0047,-0.0,-0.0,0.0,0.2723225990752671
1785524961378260100,0,-0.0047,-0.0,-0.0,0.0,0.2723225990752671
1785524961398397200,0,-0.0047,-0.0,-0.0,0.0,0.2723225990752671
1785524961418208200,0,-0.0047,-0.0,-0.0,0.0,0.2723225990752671
1785524961437806900,0,-0.0047,-0.0,-0.0,0.0,0.2723225990752671
1785524961458580500,0,-0.0047,-0.0,-0.0,0.0,0.2723225990752671
1785524961478493000,0,-0.0047,-0.0,-0.0,0.0,0.2723225990752671
1785524961498207000,0,-0.0047,-0.0,-0.0,0.0,0.2723225990752671
1785524961518021000,0,-0.0047,-0.0,-0.0,0.0,0.2723225990752671
1785524961538603300,0,-0.0047,-0.0,-0.0,0.0,0.2723225990752671
1785524961558069900,0,-0.0047,-0.0,-0.0,0.0,0.2723225990752671
1785524961578901200,0,-0.0047,-0.0,-0.0,0.0,0.2723225990752671
1785524961598313100,0,-0.0047,-0.0,-0.0,0.0,0.2746501935711218
1785524961617954800,0,-0.0047,-0.0,-0.0,0.0,0.27947128336122173
1785524961637961200,0,-0.0047,-0.0,-0.0,0.0,0.28665945438430773
1785524961658266300,0,-0.0047,-0.0,-0.0,0.0,0.2961088699223043
1785524961679151000,0,-0.0047,-0.0,-0.0,0.0,0.3062943699234753
1785524961698174400,0,-0.0047,-0.0,-0.0,0.0,0.31632776992335915
1785524961718250100,0,-0.0047,-0.0,-0.0,0.0,0.32611466992346744
1785524961738012300,0,-0.0047,-0.0,-0.0,0.0,0.33624621992310916
1785524961758349200,0,-0.0047,-0.0,-0.0,0.0,0.34615291992230107
1785524961778626300,0,-0.0047,-0.0,-0.0,0.0,0.3563036699226219
1785524961798651500,0,-0.0047,-0.0,-0.0,0.0,0.36612261992303013
1785524961818130400,0,-0.0047,-0.0,-0.0,0.0,0.3763076199222129
1785524961838838400,0,-0.0047,-0.0,-0.0,0.0,0.3863498699221824
1785524961858677600,0,-0.0047,-0.0,-0.0,0.0,0.39631801992362364
1785524961878232500,0,-0.0047,-0.0,-0.0,0.0,0.4061009699227585
1785524961897886700,0,-0.0047,-0.0,-0.0,0.0,0.416182769923748
1785524961918699900,0,-0.0047,-0.0,-0.0,0.0,0.42628226992308976
1785524961937873000,0,-0.0047,-0.0,-0.0,0.0,0.4361772699223226
1785524961958706900,0,-0.0047,-0.0,-0.0,0.0,0.44633546992298273
1785524961978658400,0,-0.0047,-0.0,-0.0,0.0,0.45628586992205294
1785524961997977700,0,-0.0047,-0.0,-0.0,0.0,0.4662298199229414
1785524962018187600,0,-0.0047,-0.0,-0.0,0.0,0.4763574699219904
1785524962038226000,0,-0.0047,-0.0,-0.0,0.0,0.4861033199223899
1785524962058417000,0,-0.0047,-0.0,-0.0,0.0,0.4961983199220273
1785524962077951800,0,-0.0047,-0.0,-0.0,0.0,0.506213969923178
1785524962098654200,0,-0.0047,-0.0,-0.0,0.0,0.5162721699227264
1785524962117707800,0,-0.0047,-0.0,-0.0,0.0,0.5261110199236869
1785524962138482100,0,-0.0047,-0.0,-0.0,0.0,0.5362296199229464
1785524962157682700,0,-0.0047,-0.0,-0.0,0.0,0.5460848199228936
1785524962178977800,0,-0.0047,-0.0,-0.0,0.0,0.5562969199228833
1785524962198675200,0,-0.0047,-0.0,-0.0,0.0,0.5663211199236544
1785524962218240700,0,-0.0047,-0.0,-0.0,0.0,0.5761071699227474
1785524962238445200,0,-0.0047,-0.0,-0.0,0.0,0.5861348699228843
1785524962258112800,0,-0.0047,-0.0,-0.0,0.0,0.5963011699233762
1785524962278043000,0,-0.0047,-0.0,-0.0,0.0,0.606263369923167
1785524962298501300,0,-0.0047,-0.0,-0.0,0.0,0.6162134699235908
1785524962318128800,0,-0.0047,-0.0,-0.0,0.0,0.6263079199226782
1785524962338499400,0,-0.0047,-0.0,-0.0,0.0,0.6362399199235229
1785524962358478000,0,-0.0047,-0.0,-0.0,0.0,0.6462165699223847
1785524962378229100,0,-0.0047,-0.0,-0.0,0.0,0.6560959699228848
1785524962398557200,0,-0.0047,-0.0,-0.0,0.0,0.6662288199233304
1785524962418677500,0,-0.0047,-0.0,-0.0,0.0,0.6763284199234336
1785524962438052500,0,-0.0047,-0.0,-0.0,0.0,0.6862670199236023
1785524962458105500,0,-0.0047,-0.0,-0.0,0.0,0.696299169923063
1785524962478301100,0,-0.0047,-0.0,-0.0,0.0,0.7061425199237279
1785524962498171600,0,-0.0047,-0.0,-0.0,0.0,0.7138371317890505
1785524962518626200,0,-0.0047,-0.0,-0.0,0.0,0.7189859239117546
1785524962538712600,0,-0.0047,-0.0,-0.0,0.0,0.7217482491967404
1785524962557916600,0,-0.0047,-0.0,-0.0,0.0,0.7221299809413841
1785524962577876700,0,-0.0047,-0.0,-0.0,0.0,0.7221299809413841
1785524962597797600,0,-0.0047,-0.0,-0.0,0.0,0.7221299809413841
1785524962618866500,0,-0.0047,-0.0,-0.0,0.0,0.7221299809413841
1785524962638690500,0,-0.0047,-0.0,-0.0,0.0,0.7221299809413841
1785524962657909500,0,-0.0047,-0.0,-0.0,0.0,0.7221299809413841
1785524962678661800,0,-0.0047,-0.0,-0.0,0.0,0.7221299809413841
1785524962698315500,0,-0.0047,-0.0,-0.0,0.0,0.7221299809413841
1785524962718866400,0,-0.0047,-0.0,-0.0,0.0,0.7221299809413841
1785524962738352700,0,-0.0047,-0.0,-0.0,0.0,0.7221299809413841
1785524962757809400,0,-0.0047,-0.0,-0.0,0.0,0.7221299809413841
1785524962779173100,0,-0.0047,-0.0,-0.0,0.0,0.7221299809413841
1785524962798742000,0,-0.0047,-0.0,-0.0,0.0,0.7221299809413841
1785524962817982700,0,-0.0047,-0.0,-0.0,0.0,0.7221299809413841
1785524962838342700,0,-0.0047,-0.0,-0.0,0.0,0.7221299809413841
1785524962857761300,0,-0.0047,-0.0,-0.0,0.0,0.7221299809413841
1785524962877888900,0,-0.0047,-0.0,-0.0,0.0,0.7221299809413841
1785524962898917300,0,-0.0047,-0.0,-0.0,0.0,0.7221299809413841
1785524962918080600,0,-0.0047,-0.0,-0.0,0.0,0.7221299809413841
1785524962938371700,0,-0.0047,-0.0,-0.0,0.0,0.7221299809413841
1785524962958646900,0,-0.0047,-0.0,-0.0,0.0,0.7221299809413841
1785524962978757900,0,-0.0047,-0.0,-0.0,0.0,0.7221299809413841
1785524962998141800,0,-0.0047,-0.0,-0.0,0.0,0.7221299809413841
1785524963018708200,0,-0.0047,-0.0,-0.0,0.0,0.7221299809413841
1785524963038073100,0,-0.0047,-0.0,-0.0,0.0,0.7221299809413841
1785524963058568300,0,-0.0047,-0.0,-0.0,0.0,0.7221299809413841
1785524963078489700,0,-0.0047,-0.0,-0.0,0.0,0.7221299809413841
1785524963098411200,0,-0.0047,-0.0,-0.0,0.0,0.7221299809413841
1785524963118133600,0,-0.0047,-0.0,-0.0,0.0,0.7221299809413841
1785524963137810200,0,-0.0047,-0.0,-0.0,0.0,0.7221299809413841
1785524963158362200,0,-0.0047,-0.0,-0.0,0.0,0.7221299809413841
1785524963177904300,0,-0.0047,-0.0,-0.0,0.0,0.7221299809413841
1785524963198161600,0,-0.0047,-0.0,-0.0,0.0,0.7221299809413841
1785524963218555500,0,-0.0047,-0.0,-0.0,0.0,0.7221299809413841
1785524963238372800,0,-0.0047,-0.0,-0.0,0.0,0.7221299809413841
1785524963257905900,0,-0.0047,-0.0,-0.0,0.0,0.7221299809413841
1785524963278589000,0,-0.0047,-0.0,-0.0,0.0,0.7221299809413841
1785524963298647000,0,-0.0047,-0.0,-0.0,0.0,0.7221299809413841
1785524963318566600,0,-0.0047,-0.0,-0.0,0.0,0.7221299809413841
1785524963338096400,0,-0.0047,-0.0,-0.0,0.0,0.7221299809413841
1785524963357919400,0,-0.0047,-0.0,-0.0,0.0,0.7221299809413841
1785524963378197500,0,-0.0047,-0.0,-0.0,0.0,0.7221299809413841
1785524963398188900,0,-0.0047,-0.0,-0.0,0.0,0.7221299809413841
1785524963418592900,0,-0.0047,-0.0,-0.0,0.0,0.7221299809413841
1785524963438120600,0,-0.0047,-0.0,-0.0,0.0,0.7221299809413841
1785524963457959700,0,-0.0047,-0.0,-0.0,0.0,0.7221299809413841
1785524963478531700,0,-0.0047,-0.0,-0.0,0.0,0.7221299809413841
1785524963498111200,0,-0.0047,-0.0,-0.0,0.0,0.7221299809413841
1785524963518381300,0,-0.0047,-0.0,-0.0,0.0,0.7221299809413841
1785524963537915900,0,-0.0047,-0.0,-0.0,0.0,0.7221299809413841
1785524963558004900,0,-0.0047,-0.0,-0.0,0.0,0.7221299809413841
1785524963578062900,0,-0.0047,-0.0,-0.0,0.0,0.7221299809413841
1785524963598519400,0,-0.0047,-0.0,-0.0,0.0,0.7221299809413841
1785524963617735000,0,-0.0047,-0.0,-0.0,0.0,0.7221299809413841
1785524963637793500,0,-0.0047,-0.0,-0.0,0.0,0.7221299809413841
1785524963657852400,0,-0.0047,-0.0,-0.0,0.0,0.7221299809413841
1785524963678628300,0,-0.0047,-0.0,-0.0,0.0,0.7221299809413841
1785524963698782100,0,-0.0047,-0.0,-0.0,0.0,0.7221299809413841
1785524963717994200,0,-0.0047,-0.0,-0.0,0.0,0.7221299809413841
1785524963738730900,0,-0.0047,-0.0,-0.0,0.0,0.7221299809413841
1785524963757728300,0,-0.0047,-0.0,-0.0,0.0,0.7221299809413841
1785524963777782200,0,-0.0047,-0.0,-0.0,0.0,0.7221299809413841
1785524963798346000,0,-0.0047,-0.0,-0.0,0.0,0.7221299809413841
1785524963818409800,0,-0.0047,-0.0,-0.0,0.0,0.7221299809413841
1785524963837949400,0,-0.0047,-0.0,-0.0,0.0,0.7221299809413841
1785524963858944000,0,-0.0047,-0.0,-0.0,0.0,0.7221299809413841
1785524963878015200,0,-0.0047,-0.0,-0.0,0.0,0.7221299809413841
1785524963898876400,0,-0.0047,-0.0,-0.0,0.0,0.7221299809413841
1785524963918180000,0,-0.0047,-0.0,-0.0,0.0,0.7221299809413841
1785524963938619500,0,-0.0047,-0.0,-0.0,0.0,0.7221299809413841
1785524963957747400,0,-0.0047,-0.0,-0.0,0.0,0.7221299809413841
1785524963978207800,0,-0.0047,-0.0,-0.0,0.0,0.7221299809413841
1785524963998809000,0,-0.0047,-0.0,0.6131099999765866,0.0,0.7221299809413841
1785524964017991100,0,-0.0047,-0.0,1.208786999923177,0.0,0.7221299809413841
1785524964038774200,0,-0.0047,-0.0,1.8135629999596858,0.0,0.7221299809413841
1785524964057729700,0,-0.0047,-0.0,2.400968999900215,0.0,0.7221299809413841
1785524964078132400,0,-0.0047,-0.0,2.5,0.0,0.7221299809413841
1785524964098469500,0,-0.0047,-0.0,2.5,0.0,0.7221299809413841
1785524964117873500,0,-0.0047,-0.0,2.5,0.0,0.7221299809413841
1785524964139018600,0,-0.0047,-0.0,2.5,0.0,0.7221299809413841
1785524964157933000,0,-0.0047,-0.0,2.5,0.0,0.7221299809413841
1785524964177949300,0,-0.0047,-0.0,2.5,0.0,0.7221299809413841
1785524964198695100,0,-0.0047,-0.0,2.5,0.0,0.7221299809413841
1785524964218582500,0,-0.0047,-0.0,1.8959170000016456,0.0,0.7221299809413841
1785524964238378100,0,-0.0047,-0.0,1.3046950000352808,0.0,0.7221299809413841
1785524964257888600,0,-0.0047,-0.0,0.7013919999735663,0.0,0.7221299809413841
1785524964278015900,0,-0.0047,-0.0,0.09757599993463373,0.0,0.7221299809413841
1785524964298269800,0,-0.0047,-0.0,-0.0,0.0,0.7221299809413841
1785524964317903000,0,-0.0047,-0.0,-0.0,0.0,0.7221299809413841
1785524964338058100,0,-0.0047,-0.0,-0.0,0.0,0.7221299809413841
1785524964357985300,0,-0.0047,-0.0,-0.0,0.0,0.7221299809413841
1785524964378229800,0,-0.0047,-0.0,-0.0,0.0,0.7221299809413841
1785524964398854600,0,-0.0047,-0.0,-0.0,0.0,0.7221299809413841
1785524964418026600,0,-0.0047,-0.0,-0.0,0.0,0.7221299809413841
1785524964437932100,0,-0.0047,-0.0,-0.0,0.0,0.7221299809413841
1785524964457924500,0,-0.0047,-0.0,-0.0,0.0,0.7221299809413841
1785524964478148300,0,-0.0047,-0.0,-0.0,0.0,0.7221299809413841
1785524964498817600,0,-0.0047,-0.0,-0.0,0.0,0.7221299809413841
1785524964517761100,0,-0.0047,-0.0,-0.0,0.0,0.7221299809413841
1785524964538569600,0,-0.0047,-0.0,-0.0,0.0,0.7221299809413841
1785524964557890900,0,-0.0047,-0.0,-0.0,0.0,0.7221299809413841
1785524964578791400,0,-0.0047,-0.0,-0.0,0.0,0.7221299809413841
1785524964597907400,0,-0.0047,-0.0,-0.0,0.0,0.7221299809413841
1785524964618812100,0,-0.0047,-0.0,-0.0,0.0,0.7221299809413841
1785524964638530500,0,-0.0047,-0.0,-0.0,0.0,0.7221299809413841
1785524964657872400,0,-0.0047,-0.0,-0.0,0.0,0.7221299809413841
1785524964678861200,0,-0.0047,-0.0,-0.0,0.0,0.7221299809413841
1785524964698544800,0,-0.0047,-0.0,-0.0,0.0,0.7221299809413841
1785524964717693200,0,-0.0047,-0.0,-0.0,0.0,0.7221299809413841
1785524964737735700,0,-0.0047,-0.0,-0.0,0.0,0.7221299809413841
1785524964757704800,0,-0.0047,-0.0,-0.0,0.0,0.7221299809413841
1785524964778045700,0,-0.0047,-0.0,-0.0,0.0,0.7221299809413841
1785524964798269100,0,-0.0047,-0.0,-0.0,0.0,0.7221299809413841
1785524964817738400,0,-0.0047,-0.0,-0.0,0.0,0.7221299809413841
1785524964838043600,0,-0.0047,-0.0,-0.0,0.0,0.7221299809413841
1785524964858457300,0,-0.0047,-0.0,-0.0,0.0,0.7221299809413841
1785524964878198600,0,-0.0047,-0.0,-0.0,0.0,0.7221299809413841
1785524964898534300,0,-0.0047,-0.0,-0.0,0.0,0.7221299809413841
1785524964918648800,0,-0.0047,-0.0,-0.0,0.0,0.7221299809413841
1785524964938173600,0,-0.0047,-0.0,-0.0,0.0,0.7221299809413841
1785524964958550400,0,-0.0047,-0.0,-0.0,0.0,0.7221299809413841
1785524964978035800,0,-0.0047,-0.0,-0.0,0.0,0.7221299809413841
1785524964998179900,0,-0.0047,-0.0,-0.0,0.0,0.7221299809413841
1785524965018230900,0,-0.0047,-0.0,-0.0,0.0,0.7221299809413841
1785524965039015200,0,-0.0047,-0.0,-0.0,0.0,0.7221299809413841
1785524965058047900,0,-0.0047,-0.0,-0.0,0.0,0.7221299809413841
1785524965078345200,0,-0.0047,-0.0,-0.0,0.0,0.7221299809413841
1785524965098154900,0,-0.0047,-0.0,-0.0,0.0,0.7221299809413841
1785524965118508900,0,-0.0047,-0.0,-0.0,0.0,0.7221299809413841
1785524965138112200,0,-0.0047,-0.0,-0.0,0.0,0.7221299809413841
1785524965157820600,0,-0.0047,-0.0,-0.0,0.0,0.7221299809413841
1785524965178373000,0,-0.0047,-0.0,-0.0,0.0,0.7221299809413841
1785524965198738600,0,-0.0047,-0.0,-0.0,0.0,0.7221299809413841
1785524965217729000,0,-0.0047,-0.0,-0.0,0.0,0.7221299809413841
1785524965238771000,0,-0.0047,-0.0,-0.0,0.0,0.7221299809413841
1785524965258623800,0,-0.0047,-0.0,-0.0,0.0,0.7221299809413841
1785524965278758000,0,-0.0047,-0.0,-0.0,0.0,0.7221299809413841
1785524965297857900,0,-0.0047,-0.0,-0.0,0.0,0.7221299809413841
1785524965318754200,0,-0.0047,-0.0,-0.0,0.0,0.7221299809413841
1785524965338560800,0,-0.0047,-0.0,-0.0,0.0,0.7221299809413841
1785524965357760800,0,-0.0047,-0.0,-0.0,0.0,0.7221299809413841
1785524965377946300,0,-0.0047,-0.0,-0.0,0.0,0.7221299809413841
1785524965398463700,0,-0.0047,-0.0,-0.0,0.0,0.7221299809413841
1785524965417739600,0,-0.0047,-0.0,-0.0,0.0,0.7221299809413841
1785524965438352700,0,-0.0047,-0.0,-0.0,0.0,0.7221299809413841
1785524965457781000,0,-0.0047,-0.0,-0.0,0.0,0.7221299809413841
1785524965478643700,0,-0.0047,-0.0,-0.0,0.0,0.7221299809413841
1785524965497948500,0,-0.0047,-0.0,-0.0,0.0,0.7221299809413841
1785524965518069200,0,-0.0047,-0.0,-0.0,0.0,0.7221299809413841
1785524965538423300,0,-0.0047,-0.0,-0.0,0.0,0.7221299809413841
1785524965558227000,0,-0.0047,-0.0,-0.0,0.0,0.7221299809413841
1785524965577743100,0,-0.0047,-0.0,-0.0,0.0,0.7221299809413841
1785524965598143100,0,-0.0047,-0.0,-0.0,0.0,0.7221299809413841
1785524965618378800,0,-0.0047,-0.0,-0.0,0.0,0.7221299809413841
1785524965638752700,0,-0.0047,-0.0,-0.0,0.0,0.7221299809413841
1785524965657867700,0,-0.0047,-0.0,-0.0,0.0,0.7221299809413841
1785524965678232200,0,-0.0047,-0.0,-0.0,0.0,0.7221299809413841
1785524965697816000,0,-0.0047,-0.0,-0.0,0.0,0.7221299809413841
1785524965717810100,0,-0.0047,-0.0,-0.0,0.0,0.7221299809413841
1785524965738344800,0,-0.0047,-0.0,-0.0,0.0,0.7221299809413841
1785524965758051900,0,-0.0047,-0.0,-0.0,0.0,0.7221299809413841
1785524965778350700,0,-0.0047,-0.0,-0.0,0.0,0.7221299809413841
1785524965798810200,0,-0.0047,-0.0,-0.0,-0.48805200002971105,0.7221299809413841
1785524965818569100,0,-0.0055,-0.0,-0.0,-0.9651408000499941,0.7221299809413841
1785524965838131900,0,-0.0135,-0.0,-0.0,-1.4464847999915946,0.7221299809413841
1785524965858217900,0,-0.0228,-0.0,-0.0,-1.9164768000191543,0.7221299809413841
1785524965878320500,0,-0.0629,-0.0,-0.0,-2.0,0.7221299809413841
1785524965898148900,0,-0.0629,-0.0,-0.0,-2.0,0.7221299809413841
1785524965918597900,0,-0.1235,-0.0,-0.0,-2.0,0.7221299809413841
1785524965937858800,0,-0.1620,-0.0,-0.0,-2.0,0.7221299809413841
1785524965958821900,0,-0.1875,-0.0,-0.0,-2.0,0.7221299809413841
1785524965977952300,0,-0.2465,-0.0,-0.0,-2.0,0.7221299809413841
1785524965998420000,0,-0.2806,-0.0,-0.0,-2.0,0.7221299809413841
1785524966018091400,0,-0.3024,-0.0,-0.0,-2.0,0.7221299809413841
1785524966038441500,0,-0.3359,-0.0,-0.0,-2.0,0.7221299809413841
1785524966058822600,0,-0.3592,-0.0,-0.0,-2.0,0.7221299809413841
1785524966078397800,0,-0.4170,-0.0,-0.0,-2.0,0.7221299809413841
1785524966097726600,0,-0.4170,-0.0,-0.0,-2.0,0.7221299809413841
1785524966118470900,0,-0.4750,-0.0,-0.0,-2.0,0.7221299809413841
1785524966137908200,0,-0.5097,-0.0,-0.0,-2.0,0.7221299809413841
1785524966158144600,0,-0.5326,-0.0,-0.0,-2.0,0.7221299809413841
1785524966178343400,0,-0.5671,-0.0,-0.0,-2.0,0.7221299809413841
1785524966198596700,0,-0.5902,-0.0,-0.0,-2.0,0.7221299809413841
1785524966217778000,0,-0.6477,-0.0,-0.0,-2.0,0.7221299809413841
1785524966238072700,0,-0.6818,-0.0,-0.0,-2.0,0.7221299809413841
1785524966258710400,0,-0.7053,-0.0,-0.0,-2.0,0.7221299809413841
1785524966277892200,0,-0.7395,-0.0,-0.0,-2.0,0.7221299809413841
1785524966298501800,0,-0.7630,-0.0,-0.0,-2.0,0.7221299809413841
1785524966318614700,0,-0.8206,-0.0,-0.0,-2.0,0.7221299809413841
1785524966338159100,0,-0.8548,-0.0,-0.0,-2.0,0.7221299809413841
1785524966357804300,0,-0.8782,-0.0,-0.0,-2.0,0.7221299809413841
1785524966378034100,0,-0.9364,-0.0,-0.0,-2.0,0.7221299809413841
1785524966398043200,0,-0.9364,-0.0,-0.0,-2.0,0.7221299809413841
1785524966418649200,0,-0.9935,-0.0,-0.0,-2.0,0.7221299809413841
1785524966438463600,0,-1.0278,-0.0,-0.0,-2.0,0.7221299809413841
1785524966457826400,0,-1.0512,-0.0,-0.0,-2.0,0.7221299809413841
1785524966478069700,0,-1.1088,-0.0,-0.0,-2.0,0.7221299809413841
1785524966497744400,0,-1.1433,-0.0,-0.0,-2.0,0.7221299809413841
1785524966517838300,0,-1.1664,-0.0,-0.0,-2.0,0.7221299809413841
1785524966538166500,0,-1.2009,-0.0,-0.0,-2.0,0.7221299809413841
1785524966557696800,0,-1.2246,-0.0,-0.0,-2.0,0.7221299809413841
1785524966578075400,0,-1.2821,-0.0,-0.0,-1.5106808000127785,0.7221299809413841
1785524966598648300,0,-1.3160,-0.0,-0.0,-1.0311847999983002,0.7221299809413841
1785524966618144800,0,-1.3325,-0.0,-0.0,-0.5491063999652397,0.7221299809413841
1785524966638282800,0,-1.3499,-0.0,-0.0,-0.07803919995785691,0.7221299809413841
1785524966658543700,0,-1.3574,-0.0,-0.0,0.0,0.7221299809413841
1785524966678807500,0,-1.3605,-0.0,-0.0,0.0,0.7221299809413841
1785524966698531000,0,-1.3574,-0.0,-0.0,0.0,0.7221299809413841
1785524966718995900,0,-1.3551,-0.0,-0.0,0.0,0.7221299809413841
1785524966738175900,0,-1.3531,-0.0,-0.0,0.0,0.7221299809413841
1785524966758709200,0,-1.3524,-0.0,-0.0,0.0,0.7221299809413841
1785524966777943300,0,-1.3527,-0.0,-0.0,0.0,0.7221299809413841
1785524966798414100,0,-1.3539,-0.0,-0.0,0.0,0.7221299809413841
1785524966818022900,0,-1.3543,-0.0,-0.0,0.0,0.7221299809413841
1785524966838188800,0,-1.3544,-0.0,-0.0,0.0,0.7221299809413841
1785524966858154800,0,-1.3544,-0.0,-0.0,0.0,0.7221299809413841
1785524966878838100,0,-1.3542,-0.0,-0.0,0.0,0.7221299809413841
1785524966898150100,0,-1.3540,-0.0,-0.0,0.0,0.7221299809413841
1785524966918640800,0,-1.3540,-0.0,-0.0,0.0,0.7221299809413841
1785524966938150800,0,-1.3540,-0.0,-0.0,0.0,0.7221299809413841
1785524966958406600,0,-1.3540,-0.0,-0.0,0.0,0.7221299809413841
1785524966978050600,0,-1.3541,-0.0,-0.0,0.0,0.7221299809413841
1785524966998208900,0,-1.3541,-0.0,-0.0,0.0,0.7221299809413841
1785524967018294500,0,-1.3541,-0.0,-0.0,0.0,0.7221299809413841
1785524967037800600,0,-1.3541,-0.0,-0.0,0.0,0.7221299809413841
1785524967059006500,0,-1.3541,-0.0,-0.0,0.0,0.7221299809413841
1785524967077852500,0,-1.3541,-0.0,-0.0,0.0,0.7221299809413841
1785524967098060900,0,-1.3541,-0.0,-0.0,0.0,0.7221299809413841
1785524967118023100,0,-1.3541,-0.0,-0.0,0.0,0.7221299809413841
1785524967138579000,0,-1.3541,-0.0,-0.0,0.0,0.7221299809413841
1785524967158557100,0,-1.3541,-0.0,-0.0,0.0,0.7221299809413841
1785524967177815200,0,-1.3541,-0.0,-0.0,0.0,0.7221299809413841
1785524967198943700,0,-1.3541,-0.0,-0.0,0.0,0.7221299809413841
1785524967217957500,0,-1.3541,-0.0,-0.0,0.0,0.7221299809413841
1785524967238426900,0,-1.3541,-0.0,-0.0,0.0,0.7221299809413841
1785524967258013500,0,-1.3541,-0.0,-0.0,0.0,0.7221299809413841
1785524967278233600,0,-1.3541,-0.0,-0.0,0.0,0.7221299809413841
1785524967297836500,0,-1.3541,-0.0,-0.0,0.0,0.7221299809413841
1785524967318462000,0,-1.3541,-0.0,-0.0,0.0,0.7221299809413841
1785524967338032500,0,-1.3541,-0.0,-0.0,0.0,0.7221299809413841
1785524967358181600,0,-1.3541,-0.0,-0.0,0.0,0.7221299809413841
1785524967377832500,0,-1.3541,-0.0,-0.0,0.0,0.7221299809413841
1785524967398630200,0,-1.3541,-0.0,-0.0,0.0,0.7221299809413841
1785524967417720300,0,-1.3541,-0.0,-0.0,0.0,0.7221299809413841
1785524967438525300,0,-1.3541,-0.0,-0.0,0.0,0.7221299809413841
1785524967458020900,0,-1.3541,-0.0,-0.0,0.0,0.7221299809413841
1785524967477914100,0,-1.3541,-0.0,-0.0,0.0,0.7221299809413841
1785524967498387600,0,-1.3541,-0.0,-0.0,0.0,0.7221299809413841
1785524967517922300,0,-1.3541,-0.0,-0.0,0.0,0.7221299809413841
1785524967538431600,0,-1.3541,-0.0,-0.0,0.0,0.7221299809413841
1785524967557803900,0,-1.3541,-0.0,-0.0,0.0,0.7221299809413841
1785524967578645900,0,-1.3541,-0.0,-0.0,0.0,0.7221299809413841
1785524967598126300,0,-1.3541,-0.0,-0.0,0.0,0.7221299809413841
1785524967617982200,0,-1.3541,-0.0,-0.0,0.0,0.7221299809413841
1785524967638051200,0,-1.3541,-0.0,-0.0,0.0,0.7221299809413841
1785524967658207100,0,-1.3541,-0.0,-0.0,0.0,0.7221299809413841
1785524967678134100,0,-1.3541,-0.0,-0.0,0.4900655999954324,0.7221299809413841
1785524967698055600,0,-1.3541,-0.0,-0.0,0.9687767999712378,0.7221299809413841
1785524967718023400,0,-1.3469,-0.0,-0.0,1.4473368000180926,0.7221299809413841
1785524967738234000,0,-1.3301,-0.0,-0.0,1.9204248000460211,0.7221299809413841
1785524967757725300,0,-1.3138,-0.0,-0.0,2.0,0.7221299809413841
1785524967778497900,0,-1.2576,-0.0,-0.0,2.0,0.7221299809413841
1785524967798612300,0,-1.2193,-0.0,-0.0,2.0,0.7221299809413841
1785524967818793700,0,-1.1930,-0.0,-0.0,2.0,0.7221299809413841
1785524967838789800,0,-1.1569,-0.0,-0.0,2.0,0.7221299809413841
1785524967857948100,0,-1.1325,-0.0,-0.0,2.0,0.7221299809413841
1785524967879195000,0,-1.0989,-0.0,-0.0,2.0,0.7221299809413841
1785524967898134600,0,-1.0764,-0.0,-0.0,2.0,0.7221299809413841
1785524967918088000,0,-1.0193,-0.0,-0.0,2.0,0.7221299809413841
1785524967938406100,0,-0.9857,-0.0,-0.0,2.0,0.7221299809413841
1785524967958840900,0,-0.9624,-0.0,-0.0,2.0,0.7221299809413841
1785524967978112800,0,-0.9045,-0.0,-0.0,2.0,0.7221299809413841
1785524967998555500,0,-0.8701,-0.0,-0.0,2.0,0.7221299809413841
1785524968018446000,0,-0.8467,-0.0,-0.0,2.0,0.7221299809413841
1785524968038490300,0,-0.8128,-0.0,-0.0,2.0,0.7221299809413841
1785524968058878600,0,-0.7891,-0.0,-0.0,2.0,0.7221299809413841
1785524968078068800,0,-0.7549,-0.0,-0.0,2.0,0.7221299809413841
1785524968098962300,0,-0.7316,-0.0,-0.0,2.0,0.7221299809413841
1785524968118326500,0,-0.6732,-0.0,-0.0,2.0,0.7221299809413841
1785524968137738900,0,-0.6397,-0.0,-0.0,2.0,0.7221299809413841
1785524968158775200,0,-0.6164,-0.0,-0.0,2.0,0.7221299809413841
1785524968177951600,0,-0.5587,-0.0,-0.0,2.0,0.7221299809413841
1785524968197756600,0,-0.5236,-0.0,-0.0,2.0,0.7221299809413841
1785524968218467000,0,-0.5011,-0.0,-0.0,2.0,0.7221299809413841
1785524968237842300,0,-0.4668,-0.0,-0.0,2.0,0.7221299809413841
1785524968257931800,0,-0.4435,-0.0,-0.0,2.0,0.7221299809413841
1785524968278657100,0,-0.3858,-0.0,-0.0,2.0,0.7221299809413841
1785524968298953600,0,-0.3858,-0.0,-0.0,2.0,0.7221299809413841
1785524968318137800,0,-0.3282,-0.0,-0.0,2.0,0.7221299809413841
1785524968338513800,0,-0.2939,-0.0,-0.0,2.0,0.7221299809413841
1785524968358139500,0,-0.2706,-0.0,-0.0,2.0,0.7221299809413841
1785524968378198300,0,-0.2130,-0.0,-0.0,2.0,0.7221299809413841
1785524968397907100,0,-0.1787,-0.0,-0.0,2.0,0.7221299809413841
1785524968418561700,0,-0.1545,-0.0,-0.0,2.0,0.7221299809413841
1785524968437897700,0,-0.1209,-0.0,-0.0,2.0,0.7221299809413841
1785524968458062600,0,-0.0976,-0.0,-0.0,2.0,0.7221299809413841
1785524968478326800,0,-0.0400,-0.0,-0.0,2.0,0.7221299809413841
1785524968497706900,0,-0.0060,-0.0,-0.0,2.0,0.7221299809413841
1785524968518313700,0,0.0179,-0.0,-0.0,2.0,0.7221299809413841
1785524968537699700,0,0.0516,-0.0,-0.0,2.0,0.7221299809413841
1785524968558299000,0,0.0751,-0.0,-0.0,2.0,0.7221299809413841
1785524968578591400,0,0.1329,-0.0,-0.0,2.0,0.7221299809413841
1785524968597715000,0,0.1672,-0.0,-0.0,2.0,0.7221299809413841
1785524968618375500,0,0.1907,-0.0,-0.0,2.0,0.7221299809413841
1785524968638447600,0,0.2245,-0.0,-0.0,2.0,0.7221299809413841
1785524968657742800,0,0.2481,-0.0,-0.0,2.0,0.7221299809413841
1785524968679239200,0,0.3056,-0.0,-0.0,2.0,0.7221299809413841
1785524968698681700,0,0.3058,-0.0,-0.0,2.0,0.7221299809413841
1785524968717895400,0,0.3637,-0.0,-0.0,2.0,0.7221299809413841
1785524968738659800,0,0.3978,-0.0,-0.0,2.0,0.7221299809413841
1785524968757765700,0,0.4215,-0.0,-0.0,2.0,0.7221299809413841
1785524968778480000,0,0.4550,-0.0,-0.0,2.0,0.7221299809413841
1785524968798428000,0,0.5126,-0.0,-0.0,2.0,0.7221299809413841
1785524968818135100,0,0.5368,-0.0,-0.0,2.0,0.7221299809413841
1785524968838279500,0,0.5702,-0.0,-0.0,2.0,0.7221299809413841
1785524968857837800,0,0.5940,-0.0,-0.0,2.0,0.7221299809413841
1785524968878107600,0,0.6516,-0.0,-0.0,2.0,0.7221299809413841
1785524968898430300,0,0.6856,-0.0,-0.0,2.0,0.7221299809413841
1785524968918570200,0,0.7097,-0.0,-0.0,2.0,0.7221299809413841
1785524968938109700,0,0.7432,-0.0,-0.0,2.0,0.7221299809413841
1785524968958494100,0,0.7668,-0.0,-0.0,2.0,0.7221299809413841
1785524968978014200,0,0.8244,-0.0,-0.0,2.0,0.7221299809413841
1785524968998037000,0,0.8244,-0.0,-0.0,1.5196063999610487,0.7221299809413841
1785524969018297000,0,0.8812,-0.0,-0.0,1.0454119999776594,0.7221299809413841
1785524969038111100,0,0.9072,-0.0,-0.0,0.5577583999256603,0.7221299809413841
1785524969058740000,0,0.9217,-0.0,-0.0,0.07601359998807311,0.7221299809413841
1785524969078328300,0,0.9345,-0.0,-0.0,0.0,0.7221299809413841
1785524969098126800,0,0.9405,-0.0,-0.0,0.0,0.7221299809413841
1785524969118203600,0,0.9390,-0.0,-0.0,0.0,0.7221299809413841
1785524969138596000,0,0.9354,-0.0,-0.0,0.0,0.7221299809413841
1785524969158643800,0,0.9333,-0.0,-0.0,0.0,0.7221299809413841
1785524969177713400,0,0.9319,-0.0,-0.0,0.0,0.7221299809413841
1785524969198195500,0,0.9323,-0.0,-0.0,0.0,0.7221299809413841
1785524969218165600,0,0.9329,-0.0,-0.0,0.0,0.7221299809413841
1785524969238423800,0,0.9335,-0.0,-0.0,0.0,0.7221299809413841
1785524969257706600,0,0.9338,-0.0,-0.0,0.0,0.7221299809413841
1785524969278965500,0,0.9338,-0.0,-0.0,0.0,0.7221299809413841
1785524969298095600,0,0.9335,-0.0,-0.0,0.0,0.7221299809413841
1785524969318856600,0,0.9334,-0.0,-0.0,0.0,0.7221299809413841
1785524969337896400,0,0.9333,-0.0,-0.0,0.0,0.7221299809413841
1785524969358552300,0,0.9333,-0.0,-0.0,0.0,0.7221299809413841
1785524969377796400,0,0.9334,-0.0,-0.0,0.0,0.7221299809413841
1785524969398560000,0,0.9334,-0.0,-0.0,0.0,0.7221299809413841
1785524969418119600,0,0.9334,-0.0,-0.0,0.0,0.7221299809413841
1785524969438206900,0,0.9334,-0.0,-0.0,0.0,0.7221299809413841
1785524969457962900,0,0.9334,-0.0,-0.0,0.0,0.7221299809413841
1785524969478172900,0,0.9334,-0.0,-0.0,0.0,0.7221299809413841
1785524969498381600,0,0.9334,-0.0,-0.0,0.0,0.7221299809413841
1785524969518319400,0,0.9334,-0.0,-0.0,-0.47566800002823584,0.7221299809413841
1785524969537883700,0,0.9311,-0.0,-0.0,-0.9600936000351794,0.7221299809413841
1785524969558630700,0,0.9276,-0.0,-0.0,-1.438504800084047,0.7221299809413841
1785524969578601400,0,0.9051,-0.0,-0.0,-1.925258400005987,0.7221299809413841
1785524969598179800,0,0.8814,-0.0,-0.0,-2.0,0.7221299809413841
1785524969618556400,0,0.8587,-0.0,-0.0,-2.0,0.7221299809413841
1785524969638835900,0,0.8197,-0.0,-0.0,-2.0,0.7221299809413841
1785524969657834400,0,0.7922,-0.0,-0.0,-2.0,0.7221299809413841
1785524969678145600,0,0.7296,-0.0,-0.0,-2.0,0.7221299809413841
1785524969698628400,0,0.7296,-0.0,-0.0,-2.0,0.7221299809413841
1785524969718091200,0,0.6734,-0.0,-0.0,-2.0,0.7221299809413841
1785524969738673200,0,0.6393,-0.0,-0.0,-2.0,0.7221299809413841
1785524969758159700,0,0.6175,-0.0,-0.0,-2.0,0.7221299809413841
1785524969778067100,0,0.5603,-0.0,-0.0,-2.0,0.7221299809413841
1785524969798283100,0,0.5256,-0.0,-0.0,-2.0,0.7221299809413841
1785524969818181100,0,0.5017,-0.0,-0.0,-2.0,0.7221299809413841
1785524969838657800,0,0.4674,-0.0,-0.0,-2.0,0.7221299809413841
1785524969858823700,0,0.4443,-0.0,-0.0,-2.0,0.7221299809413841
1785524969878633700,0,0.3867,-0.0,-0.0,-2.0,0.7221299809413841
1785524969897993000,0,0.3523,-0.0,-0.0,-2.0,0.7221299809413841
1785524969918581900,0,0.3292,-0.0,-0.0,-2.0,0.7221299809413841
1785524969937999300,0,0.2949,-0.0,-0.0,-2.0,0.7221299809413841
1785524969957745800,0,0.2716,-0.0,-0.0,-2.0,0.7221299809413841
1785524969978241400,0,0.2140,-0.0,-0.0,-2.0,0.7221299809413841
1785524969998269500,0,0.2140,-0.0,-0.0,-2.0,0.7221299809413841
1785524970018135300,0,0.1560,-0.0,-0.0,-2.0,0.7221299809413841
1785524970038211300,0,0.1220,-0.0,-0.0,-2.0,0.7221299809413841
1785524970058663300,0,0.0985,-0.0,-0.0,-2.0,0.7221299809413841
1785524970078080600,0,0.0647,-0.0,-0.0,-2.0,0.7221299809413841
1785524970098400500,0,0.0069,-0.0,-0.0,-2.0,0.7221299809413841
1785524970117684800,0,-0.0166,-0.0,-0.0,-2.0,0.7221299809413841
1785524970137896500,0,-0.0509,-0.0,-0.0,-2.0,0.7221299809413841
1785524970158636200,0,-0.0742,-0.0,-0.0,-2.0,0.7221299809413841
1785524970177979500,0,-0.1318,-0.0,-0.0,-2.0,0.7221299809413841
1785524970198445100,0,-0.1660,-0.0,-0.0,-2.0,0.7221299809413841
1785524970218093700,0,-0.1894,-0.0,-0.0,-1.5148063999949954,0.7221299809413841
1785524970238295100,0,-0.2211,-0.0,-0.0,-1.0419679999467917,0.7221299809413841
1785524970257967700,0,-0.2408,-0.0,-0.0,-0.5579479999723844,0.7221299809413841
1785524970278593800,0,-0.2756,-0.0,-0.0,-0.07736960001057014,0.7221299809413841
1785524970298123400,0,-0.2835,-0.0,-0.0,0.0,0.7221299809413841
1785524970318327100,0,-0.2849,-0.0,-0.0,0.0,0.7221299809413841
1785524970338155100,0,-0.2814,-0.0,-0.0,0.0,0.7221299809413841
1785524970358740500,0,-0.2783,-0.0,-0.0,0.0,0.7221299809413841
1785524970378956500,0,-0.2747,-0.0,-0.0,0.0,0.7221299809413841
1785524970397747400,0,-0.2733,-0.0,-0.0,0.0,0.7221299809413841
1785524970418486100,0,-0.2737,-0.0,-0.0,0.0,0.7221299809413841
1785524970438006500,0,-0.2747,-0.0,-0.0,0.0,0.7221299809413841
1785524970458199900,0,-0.2754,-0.0,-0.0,0.0,0.7221299809413841
1785524970477980700,0,-0.2758,-0.0,-0.0,0.0,0.7221299809413841
1785524970498505200,0,-0.2756,-0.0,-0.0,0.0,0.7221299809413841
1785524970518611300,0,-0.2754,-0.0,-0.0,0.0,0.7221299809413841
1785524970538575700,0,-0.2752,-0.0,-0.0,0.0,0.7221299809413841
1785524970557917800,0,-0.2751,-0.0,-0.0,0.0,0.7221299809413841
1785524970578588000,0,-0.2752,-0.0,-0.0,0.0,0.7221299809413841
1785524970598553000,0,-0.2752,-0.0,-0.0,0.0,0.7221299809413841
1785524970618168200,0,-0.2753,-0.0,-0.0,0.0,0.7221299809413841
1785524970638719700,0,-0.2753,-0.0,-0.0,0.0,0.7221299809413841
1785524970658135100,0,-0.2753,-0.0,-0.0,0.0,0.7221299809413841
1785524970678174100,0,-0.2753,-0.0,-0.0,0.0,0.7221299809413841
1785524970697995600,0,-0.2753,-0.0,-0.0,0.0,0.7221299809413841
1785524970718123700,0,-0.2753,-0.0,-0.0,0.0,0.7221299809413841
1785524970738274400,0,-0.2753,-0.0,-0.0,0.0,0.7221299809413841
1785524970757989900,0,-0.2753,-0.0,-0.0,0.0,0.7221299809413841
1785524970777912700,0,-0.2753,-0.0,-0.0,0.0,0.7221299809413841
1785524970798888400,0,-0.2753,-0.0,-0.0,0.0,0.7221299809413841
1785524970817845400,0,-0.2753,-0.0,-0.0,0.0,0.7221299809413841
1785524970838647900,0,-0.2753,-0.0,-0.0,0.0,0.7221299809413841
1785524970858021500,0,-0.2753,-0.0,-0.0,0.0,0.7221299809413841
1785524970878409400,0,-0.2753,-0.0,-0.0,0.0,0.7221299809413841
1785524970897912500,0,-0.2753,-0.0,-0.0,0.0,0.7221299809413841
1785524970918445900,0,-0.2753,-0.0,-0.0,0.0,0.7221299809413841
1785524970938435500,0,-0.2753,-0.0,-0.0,0.0,0.7221299809413841
1785524970957896800,0,-0.2753,-0.0,-0.0,0.0,0.7221299809413841
1785524970977983100,0,-0.2753,-0.0,-0.0,0.0,0.7221299809413841
1785524970997869100,0,-0.2753,-0.0,-0.0,0.0,0.7221299809413841
1785524971017920300,0,-0.2753,-0.0,-0.0,0.0,0.7221299809413841
1785524971037854900,0,-0.2753,-0.0,-0.0,0.0,0.7221299809413841
1785524971057934100,0,-0.2753,-0.0,-0.0,0.0,0.7221299809413841
1785524971078116300,0,-0.2753,-0.0,-0.0,0.0,0.7221299809413841
1785524971098618300,0,-0.2753,-0.0,-0.0,0.0,0.7221299809413841
1785524971118085600,0,-0.2753,-0.0,-0.0,0.0,0.7221299809413841
1785524971138801600,0,-0.2753,-0.0,-0.0,0.0,0.7221299809413841
1785524971157750900,0,-0.2753,-0.0,-0.0,0.0,0.7221299809413841
1785524971177950300,0,-0.2753,-0.0,-0.5994329999521142,0.0,0.7221299809413841
1785524971197837200,0,-0.2753,-0.0,-1.1962649999622954,0.0,0.7221299809413841
1785524971218551900,0,-0.2753,-0.0,-1.802570999971067,0.0,0.7221299809413841
1785524971238438700,0,-0.2753,-0.0,-2.396318999963114,0.0,0.7221299809413841
1785524971258963600,0,-0.2753,-0.0,-2.5,0.0,0.7221299809413841
1785524971277992300,0,-0.2753,-0.0,-2.5,0.0,0.7221299809413841
1785524971298613300,0,-0.2753,-0.0,-2.5,0.0,0.7221299809413841
1785524971317863000,0,-0.2753,-0.0,-2.5,0.0,0.7221299809413841
1785524971337920600,0,-0.2753,-0.0,-2.5,0.0,0.7221299809413841
1785524971357655000,0,-0.2753,-0.0,-2.5,0.0,0.7221299809413841
1785524971378399500,0,-0.2753,-0.0,-2.5,0.0,0.7221299809413841
1785524971398033200,0,-0.2753,-0.0,-1.8928360000063549,0.0,0.7221299809413841
1785524971418228700,0,-0.2753,-0.0,-1.3020700000197394,0.0,0.7221299809413841
1785524971437891700,0,-0.2753,-0.0,-0.6970480000745738,0.0,0.7221299809413841
1785524971458141400,0,-0.2753,-0.0,-0.08912500008591451,0.0,0.7221299809413841
1785524971478181500,0,-0.2753,-0.0,-0.0,0.0,0.7221299809413841
1785524971498435100,0,-0.2753,-0.0,-0.0,0.0,0.7221299809413841
1785524971518139800,0,-0.2753,-0.0,-0.0,0.0,0.7221299809413841
1785524971538279900,0,-0.2753,-0.0,-0.0,0.0,0.7221299809413841
1785524971558390500,0,-0.2753,-0.0,-0.0,0.0,0.7221299809413841
1785524971577706300,0,-0.2753,-0.0,-0.0,0.0,0.7221299809413841
1785524971598465100,0,-0.2753,-0.0,-0.0,0.0,0.7221299809413841
1785524971617882800,0,-0.2753,-0.0,-0.0,0.0,0.7221299809413841
1785524971638264800,0,-0.2753,-0.0,-0.0,0.0,0.7221299809413841
1785524971658601300,0,-0.2753,-0.0,-0.0,0.0,0.7221299809413841
1785524971677864100,0,-0.2753,-0.0,-0.0,0.0,0.7221299809413841
1785524971698017000,0,-0.2753,-0.0,-0.0,0.0,0.7221299809413841
1785524971717876100,0,-0.2753,-0.0,-0.0,0.0,0.7221299809413841
1785524971737882500,0,-0.2753,-0.0,-0.0,0.0,0.7221299809413841
1785524971758001200,0,-0.2753,-0.0,-0.0,0.0,0.7221299809413841
1785524971778235800,0,-0.2753,-0.0,-0.0,0.0,0.7221299809413841
1785524971798137700,0,-0.2753,-0.0,-0.0,0.0,0.7221299809413841
1785524971818839300,0,-0.2753,-0.0,-0.0,0.0,0.7221299809413841
1785524971838653100,0,-0.2753,-0.0,-0.0,0.0,0.7221299809413841
1785524971858375300,0,-0.2753,-0.0,-0.0,0.0,0.7197428277036831
1785524971877824800,0,-0.2753,-0.0,-0.0,0.0,0.7149267924093512
1785524971898053300,0,-0.2753,-0.0,-0.0,0.0,0.7076099366687235
1785524971918138100,0,-0.2753,-0.0,-0.0,0.0,0.6979349349734152
1785524971937828600,0,-0.2753,-0.0,-0.0,0.0,0.688088334973469
1785524971958262500,0,-0.2753,-0.0,-0.0,0.0,0.6780982849744364
1785524971978499100,0,-0.2753,-0.0,-0.0,0.0,0.6681480849732511
1785524971997720800,0,-0.2753,-0.0,-0.0,0.0,0.6581419349734974
1785524972018529200,0,-0.2753,-0.0,-0.0,0.0,0.6480701349740743
1785524972037829800,0,-0.2753,-0.0,-0.0,0.0,0.6380849349737732
1785524972057690200,0,-0.2753,-0.0,-0.0,0.0,0.6281608349730563
1785524972078097500,0,-0.2753,-0.0,-0.0,0.0,0.6179488849742087
1785524972098888600,0,-0.2753,-0.0,-0.0,0.0,0.6080416849730286
1785524972117801100,0,-0.2753,-0.0,-0.0,0.0,0.5981071349727758
1785524972138524300,0,-0.2753,-0.0,-0.0,0.0,0.5881385849737457
1785524972158611000,0,-0.2753,-0.0,-0.0,0.0,0.5779507349728705
1785524972178863500,0,-0.2753,-0.0,-0.0,0.0,0.5679857349735871
1785524972197754200,0,-0.2753,-0.0,-0.0,0.0,0.5581221349733427
1785524972217728000,0,-0.2753,-0.0,-0.0,0.0,0.5481397349743533
1785524972237968400,0,-0.2753,-0.0,-0.0,0.0,0.5380229849728098
1785524972258462000,0,-0.2753,-0.0,-0.0,0.0,0.5281104849731095
1785524972278591500,0,-0.2753,-0.0,-0.0,0.0,0.517956384972746
1785524972298447600,0,-0.2753,-0.0,-0.0,0.0,0.5081109349742805
1785524972318409700,0,-0.2753,-0.0,-0.0,0.0,0.49804773497303945
1785524972338102200,0,-0.2753,-0.0,-0.0,0.0,0.48795413497314843
1785524972357933600,0,-0.2753,-0.0,-0.0,0.0,0.47801978497441855
1785524972378647700,0,-0.2753,-0.0,-0.0,0.0,0.4679269849733432
1785524972397849900,0,-0.2753,-0.0,-0.0,0.0,0.4580779849733121
1785524972417828400,0,-0.2753,-0.0,-0.0,0.0,0.44808348497313677
1785524972438095300,0,-0.2753,-0.0,-0.0,0.0,0.43796013497408826
1785524972458014900,0,-0.2753,-0.0,-0.0,0.0,0.4303699455016276
1785524972478096500,0,-0.2753,-0.0,-0.0,0.0,0.42515899775990307
1785524972498132300,0,-0.2753,-0.0,-0.0,0.0,0.42235920111735903
1785524972518487300,0,-0.2753,-0.0,-0.0,0.0,0.4219336140716659
1785524972538081800,0,-0.2753,-0.0,-0.0,0.0,0.4219336140716659
1785524972558390700,0,-0.2753,-0.0,-0.0,0.0,0.4219336140716659
1785524972578641300,0,-0.2753,-0.0,-0.0,0.0,0.4219336140716659
1785524972598001500,0,-0.2753,-0.0,-0.0,0.0,0.4219336140716659
1785524972618510100,0,-0.2753,-0.0,-0.0,0.0,0.4219336140716659
1785524972637988600,0,-0.2753,-0.0,-0.0,0.0,0.4219336140716659
1785524972658170800,0,-0.2753,-0.0,-0.0,0.0,0.4219336140716659
1785524972677979500,0,-0.2753,-0.0,-0.0,0.0,0.4219336140716659
1785524972697921700,0,-0.2753,-0.0,-0.0,0.0,0.4219336140716659
1785524972718331900,0,-0.2753,-0.0,-0.0,0.0,0.4219336140716659
1785524972738120000,0,-0.2753,-0.0,-0.0,0.0,0.4219336140716659
1785524972758012700,0,-0.2753,-0.0,-0.0,0.0,0.4219336140716659
1785524972777888500,0,-0.2753,-0.0,-0.0,0.0,0.4219336140716659
1785524972798765200,0,-0.2753,-0.0,-0.0,0.0,0.4219336140716659
1785524972818258100,0,-0.2753,-0.0,-0.0,0.0,0.4219336140716659
1785524972837891300,0,-0.2753,-0.0,-0.0,0.0,0.4219336140716659
1785524972858173300,0,-0.2753,-0.0,-0.0,0.0,0.4219336140716659
1785524972878650000,0,-0.2753,-0.0,-0.0,0.0,0.4219336140716659
1785524972898053800,0,-0.2753,-0.0,-0.0,0.0,0.4219336140716659
1785524972918175500,0,-0.2753,-0.0,-0.0,0.0,0.4195077206048137
1785524972937907200,0,-0.2753,-0.0,-0.0,0.0,0.4147923888270148
1785524972958081400,0,-0.2753,-0.0,-0.0,0.0,0.4075302944882789
1785524972978640600,0,-0.2753,-0.0,-0.0,0.0,0.397895629232006
1785524972998468600,0,-0.2753,-0.0,-0.0,0.0,0.3880996292317274
1785524973018527300,0,-0.2753,-0.0,-0.0,0.0,0.37795332923254926
1785524973038310200,0,-0.2753,-0.0,-0.0,0.0,0.3681324292318447
1785524973057714600,0,-0.2753,-0.0,-0.0,0.0,0.35810812923213114
1785524973077759500,0,-0.2753,-0.0,-0.0,0.0,0.34807242923292386
1785524973097722700,0,-0.2753,-0.0,-0.0,0.0,0.3381050292317365
1785524973118501900,0,-0.2753,-0.0,-0.0,0.0,0.32807532923274146
1785524973138256800,0,-0.2753,-0.0,-0.0,0.0,0.3180967292317643
1785524973157900200,0,-0.2753,-0.0,-0.0,0.0,0.3080141292319592
1785524973178215900,0,-0.2753,-0.0,-0.0,0.0,0.29811982923259955
1785524973198125400,0,-0.2753,-0.0,-0.0,0.0,0.28789937923269343
1785524973218235500,0,-0.2753,-0.0,-0.0,0.0,0.27813982923165775
1785524973238580600,0,-0.2753,-0.0,-0.0,0.0,0.2704283232052536
1785524973258369200,0,-0.2753,-0.0,-0.0,0.0,0.2653288917811056
1785524973278740800,0,-0.2753,-0.0,-0.0,0.0,0.26253179103501745
1785524973298478400,0,-0.2753,-0.0,-0.0,0.0,0.26217410935571106
1785524973317716500,0,-0.2753,-0.0,-0.0,0.0,0.26217410935571106
1785524973337687900,0,-0.2753,-0.0,-0.0,0.0,0.26217410935571106
1785524973358538300,0,-0.2753,-0.0,-0.0,0.0,0.26217410935571106
1785524973378856700,0,-0.2753,-0.0,-0.0,0.0,0.26217410935571106
1785524973398114300,0,-0.2753,-0.0,-0.0,0.0,0.26217410935571106
1785524973418838300,0,-0.2753,-0.0,-0.0,0.0,0.26217410935571106
1785524973437719600,0,-0.2753,-0.0,-0.0,0.0,0.26217410935571106
1785524973457739000,0,-0.2753,-0.0,-0.0,0.0,0.26217410935571106
1785524973478466400,0,-0.2753,-0.0,-0.0,0.0,0.26217410935571106
1785524973498125600,0,-0.2753,-0.0,-0.0,0.0,0.26217410935571106
1785524973518520800,0,-0.2753,-0.0,-0.0,0.0,0.26217410935571106
1785524973538513700,0,-0.2753,-0.0,-0.0,0.0,0.26217410935571106
1785524973558414700,0,-0.2753,-0.0,-0.0,0.0,0.26217410935571106
1785524973578633200,0,-0.2753,-0.0,-0.0,0.0,0.26217410935571106
1785524973597790600,0,-0.2753,-0.0,-0.0,0.0,0.26217410935571106
1785524973618317200,0,-0.2753,-0.0,-0.0,0.0,0.26217410935571106
1785524973637995200,0,-0.2753,-0.0,-0.0,0.0,0.26217410935571106
1785524973657971200,0,-0.2753,-0.0,-0.0,0.0,0.26217410935571106
1785524973677701400,0,-0.2753,-0.0,-0.0,0.0,0.26217410935571106
1785524973698337000,0,-0.2753,-0.0,-0.0,0.0,0.26217410935571106
1785524973718389200,0,-0.2753,-0.0,-0.0,0.0,0.26217410935571106
1785524973737853300,0,-0.2753,-0.0,-0.0,0.0,0.26217410935571106
1785524973758473700,0,-0.2753,-0.0,-0.0,0.0,0.26217410935571106
1785524973778628200,0,-0.2753,-0.0,-0.0,0.0,0.26217410935571106
1785524973797859600,0,-0.2753,-0.0,-0.0,0.0,0.26217410935571106
1785524973818286100,0,-0.2753,-0.0,-0.0,0.0,0.26217410935571106
1785524973838471800,0,-0.2753,-0.0,-0.0,0.0,0.26217410935571106
1785524973857791300,0,-0.2753,-0.0,-0.0,0.0,0.26217410935571106
1785524973878839000,0,-0.2753,-0.0,-0.0,0.0,0.26217410935571106
1785524973898262800,0,-0.2753,-0.0,-0.0,0.0,0.26217410935571106
1785524973918103200,0,-0.2753,-0.0,-0.0,0.0,0.26217410935571106
1785524973938800800,0,-0.2753,-0.0,-0.0,0.0,0.26217410935571106
1785524973958350600,0,-0.2753,-0.0,-0.0,0.0,0.26217410935571106
1785524973977875200,0,-0.2753,-0.0,-0.0,0.0,0.26217410935571106
1785524973998052200,0,-0.2753,-0.0,-0.0,0.0,0.26217410935571106
1785524974018467600,0,-0.2753,-0.0,-0.0,0.0,0.26217410935571106
1785524974037964700,0,-0.2753,-0.0,-0.0,0.0,0.26217410935571106
1785524974058780200,0,-0.2753,-0.0,-0.0,0.0,0.26217410935571106
1785524974078627800,0,-0.2753,-0.0,-0.0,0.0,0.26217410935571106
1785524974098083700,0,-0.2753,-0.0,-0.0,0.0,0.26217410935571106
1785524974118467600,0,-0.2753,-0.0,-0.0,0.0,0.26217410935571106
1785524974138487400,0,-0.2753,-0.0,-0.0,0.0,0.26217410935571106
1785524974158302100,0,-0.2753,-0.0,-0.0,0.0,0.26217410935571106
1785524974178098000,0,-0.2753,-0.0,-0.0,0.0,0.26217410935571106
1785524974198251400,0,-0.2753,-0.0,-0.0,0.0,0.26217410935571106
1785524974218051300,0,-0.2753,-0.0,-0.0,0.0,0.26217410935571106
1785524974238780000,0,-0.2753,-0.0,-0.0,0.0,0.26217410935571106
1785524974258458100,0,-0.2753,-0.0,-0.0,0.0,0.26217410935571106
1785524974277729900,0,-0.2753,-0.0,-0.0,0.0,0.26217410935571106
1785524974298350400,0,-0.2753,-0.0,-0.0,0.0,0.26217410935571106
1785524974318578900,0,-0.2753,-0.0,-0.0,0.0,0.26217410935571106
1785524974337989700,0,-0.2753,-0.0,-0.0,0.0,0.26217410935571106
1785524974358370800,0,-0.2753,-0.0,-0.0,0.0,0.26217410935571106
1785524974377967100,0,-0.2753,-0.0,-0.0,0.0,0.26217410935571106
1785524974398020500,0,-0.2753,-0.0,-0.0,0.0,0.26217410935571106
1785524974418020100,0,-0.2753,-0.0,-0.0,0.0,0.26217410935571106
1785524974438442900,0,-0.2753,-0.0,-0.0,0.0,0.26217410935571106
1785524974458057500,0,-0.2753,-0.0,-0.0,0.0,0.26217410935571106
1785524974479011100,0,-0.2753,-0.0,-0.0,0.0,0.26217410935571106
1785524974498133500,0,-0.2753,-0.0,-0.0,0.0,0.26217410935571106
1785524974518354900,0,-0.2753,-0.0,-0.0,0.0,0.26217410935571106
1785524974537777500,0,-0.2753,-0.0,-0.0,0.0,0.26217410935571106
1785524974557977900,0,-0.2753,-0.0,-0.0,0.0,0.26217410935571106
1785524974578332800,0,-0.2753,-0.0,-0.0,0.0,0.26217410935571106
1785524974597988500,0,-0.2753,-0.0,-0.0,0.0,0.26217410935571106
1785524974618162100,0,-0.2753,-0.0,-0.0,0.0,0.26217410935571106
1785524974638126700,0,-0.2753,-0.0,-0.0,0.0,0.26217410935571106
1785524974658688100,0,-0.2753,-0.0,-0.0,0.0,0.26217410935571106
1785524974678591800,0,-0.2753,-0.0,-0.0,0.0,0.26217410935571106
1785524974698680100,0,-0.2753,-0.0,-0.0,0.0,0.26217410935571106
1785524974718115800,0,-0.2753,-0.0,-0.0,0.0,0.26217410935571106
1785524974737675600,0,-0.2753,-0.0,-0.0,0.0,0.26217410935571106
1785524974758328600,0,-0.2753,-0.0,-0.0,0.0,0.26217410935571106
1785524974777721800,0,-0.2753,-0.0,-0.0,0.0,0.26217410935571106
1785524974798344500,0,-0.2753,-0.0,-0.0,0.0,0.26217410935571106
1785524974818465400,0,-0.2753,-0.0,-0.0,0.0,0.26217410935571106
1785524974837907100,0,-0.2753,-0.0,-0.0,0.0,0.26217410935571106
1785524974857823500,0,-0.2753,-0.0,-0.0,0.0,0.26217410935571106
1785524974877783000,0,-0.2753,-0.0,-0.0,0.0,0.26217410935571106
1785524974898748100,0,-0.2753,-0.0,-0.0,0.0,0.26217410935571106
1785524974918650900,0,-0.2753,-0.0,-0.0,0.0,0.26217410935571106
1785524974937968800,0,-0.2753,-0.0,-0.0,0.0,0.26217410935571106
1785524974958144900,0,-0.2753,-0.0,-0.0,0.0,0.26217410935571106
1785524974978228300,0,-0.2753,-0.0,-0.0,0.0,0.26217410935571106
1785524974998265500,0,-0.2753,-0.0,-0.0,0.0,0.26217410935571106
1785524975018714600,0,-0.2753,-0.0,-0.0,0.0,0.26217410935571106
1785524975038526200,0,-0.2753,-0.0,-0.0,0.0,0.26217410935571106
1785524975058032600,0,-0.2753,-0.0,-0.0,0.0,0.26217410935571106
1785524975078721300,0,-0.2753,-0.0,-0.0,0.0,0.26217410935571106
1785524975098620200,0,-0.2753,-0.0,-0.0,0.0,0.26217410935571106
1785524975118604500,0,-0.2753,-0.0,-0.0,0.0,0.26217410935571106
1785524975138462000,0,-0.2753,-0.0,-0.0,0.0,0.26217410935571106
1785524975158037000,0,-0.2753,-0.0,-0.0,0.0,0.26217410935571106
1785524975178342500,0,-0.2753,-0.0,-0.0,0.0,0.26217410935571106
1785524975198075800,0,-0.2753,-0.0,-0.0,0.0,0.26217410935571106
1785524975218423700,0,-0.2753,-0.0,-0.0,0.0,0.26217410935571106
1785524975237776700,0,-0.2753,-0.0,-0.0,0.0,0.26217410935571106
1785524975257942400,0,-0.2753,-0.0,-0.0,0.0,0.26217410935571106
1785524975277912600,0,-0.2753,-0.0,-0.0,0.0,0.26217410935571106
1785524975298540000,0,-0.2753,-0.0,-0.0,0.0,0.26217410935571106
1785524975318125800,0,-0.2753,-0.0,-0.0,0.0,0.26217410935571106
1785524975338198200,0,-0.2753,-0.0,-0.0,0.0,0.26217410935571106
1785524975358795100,0,-0.2753,-0.0,-0.0,0.0,0.26217410935571106
1785524975377837300,0,-0.2753,-0.0,-0.0,0.0,0.26217410935571106
1785524975398761300,0,-0.2753,-0.0,-0.0,0.0,0.26217410935571106
1785524975418326200,0,-0.2753,-0.0,-0.0,0.0,0.26217410935571106
1785524975437866700,0,-0.2753,-0.0,-0.0,0.0,0.26217410935571106
1785524975458672200,0,-0.2753,-0.0,-0.0,0.0,0.26217410935571106
1785524975478641100,0,-0.2753,-0.0,-0.0,0.0,0.26217410935571106
1785524975498524600,0,-0.2753,-0.0,-0.0,0.0,0.26217410935571106
1785524975518371100,0,-0.2753,-0.0,-0.0,0.0,0.26217410935571106
1785524975537882400,0,-0.2753,-0.0,-0.0,0.0,0.26217410935571106
1785524975558480500,0,-0.2753,-0.0,-0.0,0.0,0.26217410935571106
1785524975578610600,0,-0.2753,-0.0,-0.0,0.0,0.26217410935571106
1785524975598108400,0,-0.2753,-0.0,-0.0,0.0,0.26217410935571106
1785524975618341800,0,-0.2753,-0.0,-0.0,0.0,0.26217410935571106
1785524975638469200,0,-0.2753,-0.0,-0.0,0.0,0.26217410935571106
1785524975658608600,0,-0.2753,-0.0,-0.0,0.0,0.26217410935571106
1785524975677749000,0,-0.2753,-0.0,-0.0,0.0,0.26217410935571106
1785524975697863000,0,-0.2753,-0.0,-0.0,0.0,0.26217410935571106
1785524975717930900,0,-0.2753,-0.0,-0.0,0.0,0.26217410935571106
1785524975738060200,0,-0.2753,-0.0,-0.0,0.0,0.26217410935571106
1785524975758102700,0,-0.2753,-0.0,-0.0,0.0,0.26217410935571106
1785524975778498300,0,-0.2753,-0.0,-0.0,0.0,0.26217410935571106
1785524975797776100,0,-0.2753,-0.0,-0.0,0.0,0.26217410935571106
1785524975817699700,0,-0.2753,-0.0,-0.0,0.0,0.26217410935571106
1785524975838623700,0,-0.2753,-0.0,-0.0,0.0,0.26217410935571106
1785524975857723400,0,-0.2753,-0.0,-0.0,0.0,0.26217410935571106
1785524975878221800,0,-0.2753,-0.0,-0.0,0.0,0.26217410935571106
1785524975898628700,0,-0.2753,-0.0,-0.0,0.0,0.26217410935571106
1785524975918298300,0,-0.2753,-0.0,-0.0,0.0,0.26217410935571106
1785524975938045600,0,-0.2753,-0.0,-0.0,0.0,0.26217410935571106
1785524975957923000,0,-0.2753,-0.0,-0.0,0.0,0.26217410935571106
1785524975979049500,0,-0.2753,-0.0,-0.0,0.0,0.26217410935571106
1785524975997715100,0,-0.2753,-0.0,-0.0,0.0,0.26217410935571106
1785524976018047600,0,-0.2753,-0.0,-0.0,0.0,0.26217410935571106
1785524976038886600,0,-0.2753,-0.0,-0.0,0.0,0.26217410935571106
1785524976057670000,0,-0.2753,-0.0,-0.0,0.0,0.26217410935571106
1785524976077817700,0,-0.2753,-0.0,-0.0,0.0,0.26217410935571106
1785524976098535700,0,-0.2753,-0.0,-0.0,0.0,0.26217410935571106
1785524976117850200,0,-0.2753,-0.0,-0.0,0.0,0.26217410935571106
1785524976138560800,0,-0.2753,-0.0,-0.0,0.0,0.26217410935571106
1785524976157982700,0,-0.2753,-0.0,-0.0,0.0,0.26217410935571106
1785524976178278500,0,-0.2753,-0.0,-0.0,0.0,0.26217410935571106
1785524976198052600,0,-0.2753,-0.0,-0.0,0.0,0.26217410935571106
1785524976218243100,0,-0.2753,-0.0,-0.0,0.0,0.26217410935571106
1785524976237963700,0,-0.2753,-0.0,-0.0,0.0,0.26217410935571106
1785524976258242100,0,-0.2753,-0.0,-0.0,0.0,0.26217410935571106
1785524976277837700,0,-0.2753,-0.0,-0.0,0.0,0.26217410935571106
1785524976299001500,0,-0.2753,-0.0,-0.0,0.0,0.26217410935571106
1785524976318005300,0,-0.2753,-0.0,-0.0,0.0,0.26217410935571106
1785524976338100700,0,-0.2753,-0.0,-0.0,0.0,0.26217410935571106
1785524976357694600,0,-0.2753,-0.0,-0.0,0.0,0.26217410935571106
1785524976378635600,0,-0.2753,-0.0,-0.0,0.0,0.26217410935571106
1785524976397842700,0,-0.2753,-0.0,0.5986769999799435,0.0,0.26217410935571106
1785524976418155800,0,-0.2753,-0.0,1.1928569999872707,0.0,0.26217410935571106
1785524976438149400,0,-0.2753,-0.0,1.7924580000180868,0.0,0.26217410935571106
1785524976458018400,0,-0.2753,-0.0,2.403776999999536,0.0,0.26217410935571106
1785524976478517500,0,-0.2753,-0.0,2.5,0.0,0.26217410935571106
1785524976497738100,0,-0.2753,-0.0,2.5,0.0,0.26217410935571106
1785524976518698100,0,-0.2753,-0.0,2.5,0.0,0.26217410935571106
1785524976537913600,0,-0.2753,-0.0,2.5,0.0,0.26217410935571106
1785524976558698200,0,-0.2753,-0.0,2.5,0.0,0.26217410935571106
1785524976578445200,0,-0.2753,-0.0,2.5,0.0,0.26217410935571106
1785524976598018500,0,-0.2753,-0.0,2.5,0.0,0.26217410935571106
1785524976618191000,0,-0.2753,-0.0,1.9097619999956805,0.0,0.26217410935571106
1785524976637869000,0,-0.2753,-0.0,1.3042119999590795,0.0,0.26217410935571106
1785524976658149400,0,-0.2753,-0.6078899999556597,0.6963220000034198,0.0,0.26217410935571106
1785524976678555700,0,-0.2752,-1.2026399999376736,0.10157200002140598,0.0,0.26217410935571106
1785524976697906800,0,-0.2749,-1.8011759999353671,-0.0,0.0,0.26217410935571106
1785524976717910000,0,-0.2746,-2.4010919999636826,-0.0,0.0,0.26217410935571106
1785524976738061300,0,-0.2744,-2.5,-0.0,0.0,0.26217410935571106
1785524976758242900,0,-0.2743,-2.5,-0.0,0.0,0.26217410935571106
1785524976778191700,0,-0.2745,-2.5,-0.0,0.0,0.26217410935571106
1785524976798706000,0,-0.2745,-2.5,-0.0,0.0,0.26217410935571106
1785524976818329500,0,-0.2746,-2.5,-0.0,0.0,0.26217410935571106
1785524976838264200,0,-0.2746,-2.5,-0.0,0.0,0.26217410935571106
1785524976858584600,0,-0.2746,-2.5,-0.0,0.0,0.26217410935571106
1785524976878889600,0,-0.2745,-2.5,-0.0,0.0,0.26217410935571106
1785524976898541600,0,-0.2745,-2.5,-0.0,0.0,0.26217410935571106
1785524976917756000,0,-0.2745,-2.5,-0.0,0.0,0.26217410935571106
1785524976938760200,0,-0.2745,-2.5,-0.0,0.0,0.26217410935571106
1785524976958052200,0,-0.2745,-2.5,-0.0,0.0,0.26217410935571106
1785524976977894300,0,-0.2745,-2.5,-0.0,0.0,0.26217410935571106
1785524976998667200,0,-0.2745,-2.5,-0.0,0.0,0.26217410935571106
1785524977018073100,0,-0.2745,-2.5,-0.0,0.0,0.26217410935571106
1785524977038732300,0,-0.2745,-2.5,-0.0,0.0,0.26217410935571106
1785524977058782700,0,-0.2745,-2.5,-0.0,0.0,0.26217410935571106
1785524977078553000,0,-0.2745,-2.5,-0.0,0.0,0.26217410935571106
1785524977098173400,0,-0.2745,-2.5,-0.0,0.0,0.26217410935571106
1785524977118544700,0,-0.2745,-2.5,-0.0,0.0,0.26217410935571106
1785524977137949500,0,-0.2745,-2.5,-0.0,0.0,0.26217410935571106
1785524977158513800,0,-0.2745,-2.5,-0.5926770000223769,0.0,0.26217410935571106
1785524977178501400,0,-0.2745,-2.5,-1.2013530000695027,0.0,0.26217410935571106
1785524977198495000,0,-0.2746,-2.5,-1.7989469999884022,0.0,0.26217410935571106
1785524977218521400,0,-0.2746,-2.5,-2.4020549999841023,0.0,0.26217410935571106
1785524977238400500,0,-0.2747,-2.5,-2.5,0.0,0.26217410935571106
1785524977258579000,0,-0.2747,-2.5,-2.5,0.0,0.26217410935571106
1785524977278739600,0,-0.2747,-2.5,-2.5,0.0,0.26217410935571106
1785524977297768800,0,-0.2747,-2.5,-2.5,0.0,0.26217410935571106
1785524977318221100,0,-0.2747,-2.5,-2.5,0.0,0.26217410935571106
1785524977338595700,0,-0.2747,-2.5,-2.5,0.0,0.26217410935571106
1785524977358303500,0,-0.2747,-2.5,-2.5,0.0,0.26217410935571106
1785524977378161000,0,-0.2746,-2.5,-2.5,0.0,0.26217410935571106
1785524977398137800,0,-0.2746,-2.5,-2.5,0.0,0.26217410935571106
1785524977417894700,0,-0.2746,-2.5,-2.5,0.0,0.26217410935571106
1785524977438882700,0,-0.2746,-2.5,-2.5,0.0,0.26217410935571106
1785524977458074800,0,-0.2746,-2.5,-2.5,0.0,0.26217410935571106
1785524977478303900,0,-0.2746,-2.5,-2.5,0.0,0.26217410935571106
1785524977498522200,0,-0.2746,-2.5,-2.5,0.0,0.26217410935571106
1785524977518179500,0,-0.2746,-2.5,-2.5,0.0,0.26217410935571106
1785524977537906400,0,-0.2746,-2.5,-2.5,0.0,0.26217410935571106
1785524977558031900,0,-0.2746,-2.5,-2.5,0.0,0.26217410935571106
1785524977578585600,0,-0.2746,-2.5,-2.5,0.0,0.26217410935571106
1785524977598103600,0,-0.2746,-2.5,-2.5,0.0,0.26217410935571106
1785524977618527000,0,-0.2746,-2.5,-2.5,0.0,0.26217410935571106
1785524977638545400,0,-0.2746,-1.9021209999846178,-2.5,0.0,0.26217410935571106
1785524977657728900,0,-0.2746,-1.3042900000073132,-1.9021690000226954,0.0,0.26217410935571106
1785524977678087600,0,-0.2747,-0.6885279999187333,-1.2864069999341154,0.0,0.26217410935571106
1785524977697987400,0,-0.2746,-0.09660399995482294,-0.6944829999702051,0.0,0.26217410935571106
1785524977718569900,0,-0.2745,-0.0,-0.094530999995186,0.0,0.26217410935571106
1785524977737999200,0,-0.2745,-0.0,-0.0,0.0,0.26217410935571106
1785524977757666700,0,-0.2745,-0.0,-0.0,0.0,0.26217410935571106
1785524977778018800,0,-0.2745,-0.0,-0.0,0.0,0.26217410935571106
1785524977798344200,0,-0.2745,-0.0,-0.0,0.0,0.26217410935571106
1785524977817705200,0,-0.2745,-0.0,-0.0,0.0,0.26217410935571106
1785524977837690200,0,-0.2745,-0.0,-0.0,0.0,0.26217410935571106
1785524977858360900,0,-0.2745,-0.0,-0.0,0.0,0.26217410935571106
1785524977877709800,0,-0.2745,-0.0,-0.0,0.0,0.26217410935571106
1785524977898090600,0,-0.2745,-0.0,-0.0,0.0,0.26217410935571106
1785524977918721900,0,-0.2745,-0.0,-0.0,0.0,0.26217410935571106
1785524977937853600,0,-0.2745,-0.0,-0.0,0.0,0.26217410935571106
1785524977958186800,0,-0.2745,-0.0,-0.0,0.0,0.26217410935571106
1785524977977988100,0,-0.2745,-0.0,-0.0,0.0,0.26217410935571106
1785524977998811400,0,-0.2745,-0.0,-0.0,0.0,0.26217410935571106
1785524978018270900,0,-0.2745,-0.0,-0.0,0.0,0.26217410935571106
1785524978038562300,0,-0.2745,-0.0,-0.0,0.0,0.26217410935571106
1785524978058566400,0,-0.2745,-0.0,-0.0,0.0,0.26217410935571106
1785524978077715600,0,0.0000,-0.0,-0.0,0.0,0.0
1785524978098424200,0,-0.0000,-0.0,-0.0,0.0,0.0
1785524978118827300,0,-0.0000,-0.0,-0.0,0.0,0.0
1785524978138878900,0,-0.0000,-0.0,-0.0,0.0,0.0
1785524978158154500,0,-0.0000,-0.0,-0.0,0.0,0.0
1785524978178251000,0,-0.0000,-0.0,-0.0,0.0,0.0
1785524978198090100,0,-0.0000,-0.0,-0.0,0.0,0.0
1785524978218599600,0,-0.0000,-0.0,-0.0,0.0,0.0
1785524978238175600,0,-0.0000,-0.0,-0.0,0.0,0.0
1785524978258240900,0,-0.0000,-0.0,-0.0,0.0,0.0
1785524978278218900,0,-0.0000,-0.0,-0.0,0.0,0.0
1785524978297783300,0,-0.0000,-0.0,-0.0,0.0,0.0
1785524978318510700,0,-0.0000,-0.0,-0.0,0.0,0.0
1785524978338395200,0,-0.0000,-0.0,-0.0,0.0,0.0
1785524978358095000,0,-0.0000,-0.0,-0.0,0.0,0.0
1785524978378022400,0,-0.0000,-0.0,-0.0,0.0,0.0
1785524978398484400,0,-0.0000,-0.0,-0.0,0.0,0.0
1785524978418435200,0,-0.0000,-0.0,-0.0,0.0,0.0
1785524978437691000,0,-0.0000,-0.0,-0.0,0.0,0.0
1785524978458169400,0,-0.0000,-0.0,-0.0,0.0,0.0
1785524978478229100,0,-0.0000,-0.0,-0.0,0.0,0.0
1785524978497687900,0,-0.0000,-0.0,-0.0,0.0,0.0
1785524978518040700,0,-0.0000,-0.0,-0.0,0.0,0.0
1785524978538473700,0,-0.0000,-0.0,-0.0,0.0,0.0
1785524978558429400,0,-0.0000,-0.0,-0.0,0.0,0.0
1785524978578464400,0,-0.0000,-0.0,-0.0,0.0,0.0
1785524978598714500,0,-0.0000,-0.0,-0.0,0.0,0.0
1785524978618540300,0,-0.0000,-0.0,-0.0,0.0,0.0
1785524978638329300,0,-0.0000,-0.0,-0.0,0.0,0.0
1785524978658168000,0,-0.0000,-0.0,-0.0,0.0,0.0
1785524978678591200,0,-0.0000,-0.0,-0.0,0.0,0.0
1785524978698140100,0,-0.0000,-0.0,-0.0,0.0,0.0
1785524978718211800,0,-0.0000,-0.0,-0.0,0.0,0.0
1785524978738555600,0,-0.0000,-0.0,-0.0,0.0,0.0
1785524978758060500,0,-0.0000,-0.0,-0.0,0.0,0.0
1785524978778273300,0,-0.0000,-0.0,-0.0,0.0,0.0
1785524978797817700,0,-0.0000,-0.0,-0.0,0.0,0.0
1785524978818189700,0,-0.0000,-0.0,-0.0,0.0,0.0
1785524978837880300,0,-0.0000,-0.0,-0.0,0.0,0.0
1785524978858066900,0,-0.0000,-0.0,-0.0,0.0,0.0
1785524978878720500,0,-0.0000,-0.0,-0.0,0.0,0.0
1785524978898447800,0,-0.0000,-0.0,-0.0,0.0,0.0
1785524978918300500,0,0.0000,-0.0,-0.0,0.0,0.0
1785524978937658600,0,0.0001,-0.0,-0.0,0.0,0.0
1785524978957897700,0,0.0001,-0.0,-0.0,0.0,0.0
1785524978978190700,1,0.0001,-0.0,-0.0,0.0,0.0
1785524978998538500,1,0.0001,-0.0,-0.0,0.0,0.0
1785524979018101100,1,0.0001,-0.0,-0.0,0.0,0.0
1785524979038358400,1,0.0001,-0.0,-0.0,0.0,0.0
1785524979058053900,1,0.0001,-0.0,-0.0,0.0,0.0
1785524979078115500,1,0.0001,-0.0,-0.0,0.0,0.0
1785524979097947400,1,0.0001,-0.0,-0.0,0.0,0.0
1785524979117928900,1,0.0001,-0.0,-0.0,0.0,0.0
1785524979138555400,1,0.0001,-0.0,-0.0,0.0,0.0
1785524979158112100,1,0.0001,-0.0,-0.0,0.0,0.0
1785524979178694200,1,0.0001,-0.0,-0.0,0.0,0.0
1785524979198116100,1,0.0001,-0.0,-0.0,0.0,0.0
1785524979218498200,1,0.0001,-0.0,-0.0,0.0,0.0
1785524979237853100,1,0.0001,-0.0,-0.0,0.0,0.0
1785524979257802000,1,0.0001,-0.0,-0.0,0.0,0.0
1785524979278453900,1,0.0001,-0.0,-0.0,0.0,0.0
1785524979297896700,1,0.0001,-0.0,-0.0,0.0,0.0
1785524979318651700,1,0.0001,-0.0,-0.0,0.0,0.0
1785524979338151700,1,0.0001,-0.0,-0.0,0.0,0.0
1785524979358794300,1,0.0001,-0.0,-0.0,0.0,0.0
1785524979378058500,1,0.0001,-0.0,-0.0,0.0,0.0
1785524979398307100,1,0.0001,-0.0,-0.0,0.0,0.0
1785524979418141900,1,0.0001,-0.0,-0.0,0.0,0.0
1785524979438367300,1,0.0001,-0.0,-0.0,0.0,0.0
1785524979458030700,1,0.0001,-0.0,-0.0,0.0,0.0
1785524979478147400,1,0.0001,-0.0,-0.0,0.0,0.0
1785524979497828300,1,0.0001,-0.0,-0.0,0.0,0.0
1785524979518694300,1,0.0001,-0.0,-0.0,0.0,0.0
1785524979538530400,1,0.0001,-0.0,-0.0,0.0,0.0
1785524979558334200,1,0.0001,-0.0,-0.0,0.0,0.0
1785524979578218900,1,0.0001,-0.0,-0.0,0.0,0.0
1785524979598091600,1,0.0001,-0.0,-0.0,0.0,0.0
1785524979618393600,1,0.0001,-0.0,-0.0,0.0,0.0
1785524979638137300,1,0.0001,-0.0,-0.0,0.0,0.0
1785524979658563800,1,0.0001,-0.0,-0.0,0.0,0.0
1785524979678572900,1,0.0001,-0.0,-0.0,0.0,0.0
1785524979697742300,1,0.0001,-0.0,-0.0,0.0,0.0
1785524979718733900,1,0.0001,-0.0,-0.0,0.0,0.0
1785524979738506700,1,0.0001,-0.0,-0.0,0.0,0.0
1785524979758305100,1,0.0001,-0.0,-0.0,0.0,0.0
1785524979778616500,1,0.0001,-0.0,-0.0,0.0,0.0
1785524979797834700,1,0.0001,-0.0,-0.0,0.0,0.0
1785524979818622100,1,0.0001,-0.0,-0.0,0.0,0.0
1785524979837879900,1,0.0001,-0.0,-0.0,0.0,0.0
1785524979858260700,1,0.0001,-0.0,-0.0,0.0,0.0
1785524979877836100,1,0.0001,-0.0,-0.0,0.0,0.0
1785524979898648400,1,0.0001,-0.0,-0.0,0.0,0.0
1785524979918538900,1,0.0001,-0.0,-0.0,0.0,0.0
1785524979938628500,1,0.0001,-0.0,-0.0,0.0,0.0
1785524979957837200,1,0.0001,-0.0,-0.0,0.0,0.0
1785524979978573400,1,0.0001,-0.0,-0.0,0.0,0.0
1785524979998445300,1,0.0001,-0.0,-0.0,0.0,0.0
1785524980018251400,1,0.0001,-0.0,-0.0,0.0,0.0
1785524980037798900,1,0.0001,-0.0,-0.0,0.0,0.0
1785524980058570800,1,0.0001,-0.0,-0.0,0.0,0.0
1785524980078078800,1,0.0001,-0.0,-0.0,0.0,0.0
1785524980098752300,1,0.0001,-0.0,-0.0,0.0,0.0
1785524980118330400,1,0.0001,-0.0,-0.0,0.0,0.0
1785524980137746000,1,0.0001,-0.0,-0.0,0.0,0.0
1785524980158550200,1,0.0001,-0.0,-0.0,0.0,0.0
1785524980177956300,1,0.0001,-0.0,-0.0,0.0,0.0
1785524980198720900,1,0.0001,-0.0,-0.0,0.0,0.0
1785524980218558400,1,0.0001,-0.0,-0.0,0.0,0.0
1785524980237807900,1,0.0001,-0.0,-0.0,0.0,0.0
1785524980257811000,1,0.0001,-0.0,-0.0,0.0,0.0
1785524980278455500,1,0.0001,-0.0,-0.0,0.0,0.0
1785524980298367200,1,0.0001,-0.0,-0.0,0.0,0.0
1785524980317660400,1,0.0001,-0.0,-0.0,0.0,0.0
1785524980338171700,1,0.0001,-0.0,-0.0,0.0,0.0
1785524980358398600,1,0.0001,-0.0,-0.0,0.0,0.0
1785524980378135800,1,0.0001,-0.0,-0.0,0.0,0.0
1785524980398701600,1,0.0001,-0.0,-0.0,0.0,0.0
1785524980417974200,1,0.0001,-0.0,-0.0,0.0,0.0
1785524980438153800,1,0.0001,-0.0,-0.0,0.0,0.0
1785524980458014300,1,0.0001,-0.0,-0.0,0.0,0.0
1785524980478186500,1,0.0001,-0.0,-0.0,0.0,0.0
1785524980498383900,1,0.0001,-0.0,-0.0,0.0,0.0
1785524980517821600,1,0.0001,-0.0,-0.0,0.0,0.0
1785524980538497800,1,0.0001,-0.0,-0.0,0.0,0.0
1785524980557801200,1,0.0001,-0.0,-0.0,0.0,0.0
1785524980578459100,1,0.0001,-0.0,-0.0,0.0,0.0
1785524980598468700,1,0.0001,-0.0,-0.0,0.0,0.0
1785524980617657000,1,0.0001,-0.0,-0.0,0.0,0.0
1785524980638515200,1,0.0001,-0.0,-0.0,0.0,0.0
1785524980658612400,1,0.0001,-0.0,-0.0,0.0,0.0
1785524980678567600,1,0.0001,-0.0,-0.0,0.0,0.0
1785524980698512500,1,0.0001,-0.0,-0.0,0.0,0.0
1785524980717889500,1,0.0001,-0.0,-0.0,0.0,0.0
1785524980737905400,1,0.0001,-0.0,-0.0,0.0,0.0
1785524980758575500,1,0.0001,-0.0,-0.0,0.0,0.0
1785524980778503800,1,0.0001,-0.0,-0.0,0.0,0.0
1785524980797913000,1,0.0001,-0.0,-0.0,0.0,0.0
1785524980818098100,1,0.0001,-0.0,-0.0,0.0,0.0
1785524980838613900,1,0.0001,-0.0,-0.0,0.0,0.0
1785524980857632700,1,0.0001,-0.0,-0.0,0.0,0.0
1785524980877933200,1,0.0001,-0.0,-0.0,0.0,0.0
1785524980898354000,1,0.0001,-0.0,-0.0,0.0,0.0
1785524980917903200,1,0.0001,-0.0,-0.0,0.0,0.0
1785524980938495600,1,0.0001,-0.0,-0.0,0.0,0.0
1785524980958335500,1,0.0001,-0.0,-0.0,0.0,0.0
1785524980978288000,1,0.0001,-0.0,-0.0,0.0,0.0
1785524980998271000,1,0.0001,-0.0,-0.0,0.0,0.0
1785524981018605200,1,0.0001,-0.0,-0.0,0.0,0.0
1785524981037908900,1,0.0001,-0.0,-0.0,0.0,0.0
1785524981058541300,1,0.0001,-0.0,-0.0,0.0,0.0
1785524981077720100,1,0.0001,-0.0,-0.0,0.0,0.0
1785524981098867500,1,0.0001,-0.0,-0.0,0.0,0.0
1785524981117695000,1,0.0001,-0.0,-0.0,0.0,0.0
1785524981138131900,1,0.0001,-0.0,-0.0,0.0,0.0
1785524981158489500,1,0.0001,-0.0,-0.0,0.0,0.0
1785524981178035100,1,0.0001,-0.0,-0.0,0.0,0.0
1785524981198575600,1,0.0001,-0.0,-0.0,0.0,0.0
1785524981217955000,1,0.0001,-0.0,-0.0,0.0,0.0
1785524981238691500,1,0.0001,-0.0,-0.0,0.0,0.0
1785524981258093200,1,0.0001,-0.0,-0.0,0.0,0.0
1785524981278228200,1,0.0001,-0.0,-0.0,0.0,0.0
1785524981298033600,1,0.0001,-0.0,-0.0,0.0,0.0
1785524981318189100,1,0.0001,-0.0,-0.0,0.0,0.0
1785524981337928900,1,0.0001,-0.0,-0.0,0.0,0.0
1785524981358150200,1,0.0001,-0.0,-0.0,0.0,0.0
1785524981377996400,1,0.0001,-0.0,-0.0,0.0,0.0
1785524981398821100,1,0.0001,-0.0,-0.0,0.0,0.0
1785524981418354800,1,0.0001,-0.0,-0.0,0.0,0.0
1785524981437701500,1,0.0001,-0.0,-0.0,0.0,0.0
1785524981458397700,1,0.0001,-0.0,-0.0,0.0,0.0
1785524981478277400,1,0.0001,-0.0,-0.0,0.0,0.0
1785524981497945400,1,0.0001,-0.0,-0.0,0.0,0.0
1785524981517905800,1,0.0001,-0.0,-0.0,0.0,0.0
1785524981538506700,1,0.0001,-0.0,-0.0,0.0,0.0
1785524981558012800,1,0.0001,-0.0,-0.0,0.0,0.0
1785524981578038800,1,0.0001,-0.0,-0.0,0.0,0.0
1785524981598221600,1,0.0001,-0.0,-0.0,0.0,0.0
1785524981617738100,1,0.0001,-0.0,-0.0,0.0,0.0
1785524981638571100,1,0.0001,-0.0,-0.0,0.0,0.0
1785524981657742700,1,0.0001,-0.0,-0.0,0.0,0.0
1785524981678080200,1,0.0001,-0.0,-0.0,0.0,0.0
1785524981698581100,1,0.0001,-0.0,-0.0,0.0,0.0
1785524981718395200,1,0.0001,-0.0,-0.0,0.0,0.0
1785524981738338000,1,0.0001,-0.0,-0.0,0.0,0.0
1785524981758077400,1,0.0001,-0.0,-0.0,0.0,0.0
1785524981778555000,1,0.0001,-0.0,-0.0,0.0,0.0
1785524981797661600,1,0.0001,-0.0,-0.0,0.0,0.0
1785524981818853200,1,0.0001,-0.0,-0.0,0.0,0.0
1785524981838145600,1,0.0001,-0.0,-0.0,0.0,0.0
1785524981858242300,1,0.0001,-0.0,-0.0,0.0,0.0
1785524981878427400,1,0.0001,-0.0,-0.0,0.0,0.0
1785524981897816500,1,0.0001,-0.0,-0.0,0.0,0.0
1785524981918385000,1,0.0001,-0.0,-0.0,0.0,0.0
1785524981937928700,1,0.0001,-0.0,-0.0,0.0,0.0
1785524981958608000,1,0.0001,-0.0,-0.0,0.0,0.0
1785524981978282300,1,0.0001,-0.0,-0.0,0.0,0.0
1785524981998065000,1,0.0001,-0.0,-0.0,0.0,0.0
1785524982017911500,1,0.0001,-0.0,-0.0,0.0,0.0
1785524982037731100,1,0.0001,-0.0,-0.0,0.0,0.0
1785524982057912800,1,0.0001,-0.0,-0.0,0.0,0.0
1785524982078025000,1,0.0001,-0.0,-0.0,0.0,0.0
1785524982098332200,1,0.0001,-0.0,-0.0,0.0,0.0
1785524982118474700,1,0.0001,-0.0,-0.0,0.0,0.0
1785524982137997200,1,0.0001,-0.0,-0.0,0.0,0.0
1785524982158105800,1,0.0001,-0.0,-0.0,0.0,0.0
1785524982178445200,1,0.0001,-0.0,-0.0,0.0,0.0
1785524982197847200,1,0.0001,-0.0,-0.0,0.0,0.0
1785524982218813100,1,0.0001,-0.0,-0.0,0.0,0.0
1785524982237989400,1,0.0001,-0.0,-0.0,0.0,0.0
1785524982258618300,1,0.0001,-0.0,-0.0,0.0,0.0
1785524982277714200,1,0.0001,-0.0,-0.0,0.0,0.0
1785524982298327300,1,0.0001,-0.0,-0.0,0.0,0.0
1785524982318443700,1,0.0001,-0.0,-0.0,0.0,0.0
1785524982337830100,1,0.0001,-0.0,-0.0,0.0,0.0
1785524982358103200,1,0.0001,-0.0,-0.0,0.0,0.0
1785524982378595400,1,0.0001,-0.0,-0.0,0.0,0.0
1785524982398618700,1,0.0001,-0.0,-0.0,0.0,0.0
1785524982418318000,1,0.0001,-0.0,-0.0,0.0,0.0
1785524982438592300,1,0.0001,-0.0,-0.0,0.0,0.0
1785524982457918000,1,0.0001,-0.0,-0.0,0.0,0.0
1785524982478141100,1,0.0001,-0.0,-0.0,0.0,0.0
1785524982498804600,1,0.0001,-0.0,-0.0,0.0,0.0
1785524982517699700,1,0.0001,-0.0,-0.0,0.0,0.0
1785524982537694400,1,0.0001,-0.0,-0.0,0.0,0.0
1785524982558084200,1,0.0001,-0.0,-0.0,0.0,0.0
1785524982578209900,1,0.0001,-0.0,-0.0,0.0,0.0
1785524982597851000,1,0.0001,-0.0,-0.0,0.0,0.0
1785524982618129300,1,0.0001,-0.0,-0.0,0.0,0.0
1785524982637905100,1,0.0001,-0.0,-0.0,0.0,0.0
1785524982658018500,1,0.0001,-0.0,-0.0,0.0,0.0
1785524982678114800,1,0.0001,-0.0,-0.0,0.0,0.0
1785524982698434400,1,0.0001,-0.0,-0.0,0.0,0.0
1785524982717950700,1,0.0001,-0.0,-0.0,0.0,0.0
1785524982737986700,1,0.0001,-0.0,-0.0,0.0,0.0
1785524982757772100,1,0.0001,-0.0,-0.0,0.0,0.0
1785524982778611300,1,0.0001,-0.0,-0.0,0.0,0.0
1785524982798098800,1,0.0001,-0.0,-0.0,0.0,0.0
1785524982818232500,1,0.0001,-0.0,-0.0,0.0,0.0
1785524982837943000,1,0.0001,-0.0,-0.0,0.0,0.0
1785524982857626000,1,0.0001,-0.0,-0.0,0.0,0.0
1785524982878066200,1,0.0001,-0.0,-0.0,0.0,0.0
1785524982898503200,1,0.0001,-0.0,-0.0,0.0,0.0
1785524982917980700,1,0.0001,-0.0,-0.0,0.0,0.0
1785524982938590900,1,0.0001,-0.0,-0.0,0.0,0.0
1785524982958397300,1,0.0001,-0.0,-0.0,0.0,0.0
1785524982978357400,1,0.0001,-0.0,-0.0,0.0,0.0
1785524982997672200,1,0.0001,-0.0,-0.0,0.0,0.0
1785524983018189400,1,0.0001,-0.0,-0.0,0.0,0.0
1785524983038092200,1,0.0001,-0.0,-0.0,0.0,0.0
1785524983058493700,1,0.0001,-0.0,-0.0,0.0,0.0
1785524983078613500,1,0.0001,-0.0,-0.0,0.0,0.0
1785524983098529600,1,0.0001,-0.0,-0.0,0.0,0.0
1785524983117821200,1,0.0001,-0.0,-0.0,0.0,0.0
1785524983138470100,1,0.0001,-0.0,-0.0,0.0,0.0
1785524983158045600,1,0.0001,-0.0,-0.0,0.0,0.0
1785524983178199100,1,0.0001,-0.0,-0.0,0.0,0.0
1785524983198080900,1,0.0001,-0.0,-0.0,0.0,0.0
1785524983218184500,1,0.0001,-0.0,-0.0,0.0,0.0
1785524983238140700,1,0.0001,-0.0,-0.0,0.0,0.0
1785524983258583100,1,0.0001,-0.0,-0.0,0.0,0.0
1785524983277901000,1,0.0001,-0.0,-0.0,0.0,0.0
1785524983298139700,1,0.0001,-0.0,-0.0,0.0,0.0
1785524983318258100,1,0.0001,-0.0,-0.0,0.0,0.0
1785524983337677200,1,0.0001,-0.0,-0.0,0.0,0.0
1785524983358410900,1,0.0001,-0.0,-0.0,0.0,0.0
1785524983377860600,1,0.0001,-0.0,-0.0,0.0,0.0
1785524983398533000,1,0.0001,-0.0,-0.0,0.0,0.0
1785524983417930900,1,0.0001,-0.0,-0.0,0.0,0.0
1785524983438125600,1,0.0001,-0.0,-0.0,0.0,0.0
1785524983458665500,1,0.0001,-0.0,-0.0,0.0,0.0
1785524983478246600,1,0.0001,-0.0,-0.0,0.0,0.0
1785524983498001400,1,0.0001,-0.0,-0.0,0.0,0.0
1785524983517967400,1,0.0001,-0.0,-0.0,0.0,0.0
1785524983538799900,1,0.0001,-0.0,-0.0,0.0,0.0
1785524983557771900,1,0.0001,-0.0,-0.0,0.0,0.0
1785524983577990900,1,0.0001,-0.0,-0.0,0.0,0.0
1785524983598270300,1,0.0001,-0.0,-0.0,0.0,0.0
1785524983617812400,1,0.0001,-0.0,-0.0,0.0,0.0
1785524983638762600,1,0.0001,-0.0,-0.0,0.0,0.0
1785524983658344100,1,0.0001,-0.0,-0.0,0.0,0.0
1785524983678549200,1,0.0001,-0.0,-0.0,0.0,0.0
1785524983698324000,1,0.0001,-0.0,-0.0,0.0,0.0
1785524983717888000,1,0.0001,-0.0,-0.0,0.0,0.0
1785524983738491900,1,0.0001,-0.0,-0.0,0.0,0.0
1785524983758366600,1,0.0001,-0.0,-0.0,0.0,0.0
1785524983778485700,1,0.0001,-0.0,-0.0,0.0,0.0
1785524983797722200,1,0.0001,-0.0,-0.0,0.0,0.0
1785524983817666700,1,0.0001,-0.0,-0.0,0.0,0.0
1785524983838458200,1,0.0001,-0.0,-0.0,0.0,0.0
1785524983858767400,1,0.0001,-0.0,-0.0,0.0,0.0
1785524983878828900,1,0.0001,-0.0,-0.0,0.0,0.0
1785524983898357000,1,0.0001,-0.0,-0.0,0.0,0.0
1785524983917731400,1,0.0001,-0.0,-0.0,0.0,0.0
1785524983937881900,1,0.0001,-0.0,-0.0,0.0,0.0
1785524983958488800,1,0.0001,-0.0,-0.0,0.0,0.0
1785524983977853500,1,0.0001,-0.0,-0.0,0.0,0.0
1785524983998436000,1,0.0001,-0.0,-0.0,0.0,0.0
1785524984018353800,1,0.0001,-0.0,-0.0,0.0,0.0
1785524984037716600,1,0.0001,-0.0,-0.0,0.0,0.0
1785524984058094800,1,0.0001,-0.0,-0.0,0.0,0.0
1785524984078638200,1,0.0001,-0.0,-0.0,0.0,0.0
1785524984098434100,1,0.0001,-0.0,-0.0,0.0,0.0
1785524984117961300,1,0.0001,-0.0,-0.0,0.0,0.0
1785524984138283500,1,0.0001,-0.0,-0.0,0.0,0.0
1785524984158001700,1,0.0001,-0.0,-0.0,0.0,0.0
1785524984178034600,1,0.0001,-0.0,-0.0,0.0,0.0
1785524984197940500,1,0.0001,-0.0,-0.0,0.0,0.0
1785524984219012900,1,0.0001,-0.0,-0.0,0.0,0.0
1785524984238073400,1,0.0001,-0.0,-0.0,0.0,0.0
1785524984257774100,1,0.0001,-0.0,-0.0,0.0,0.0
1785524984278878800,1,0.0001,-0.0,-0.0,0.0,0.0
1785524984297959600,1,0.0001,-0.0,-0.0,0.0,0.0
1785524984317650400,1,0.0001,-0.0,-0.0,0.0,0.0
1785524984338003100,1,0.0001,-0.0,-0.0,0.0,0.0
1785524984358693400,1,0.0001,-0.0,-0.0,0.0,0.0
1785524984377757500,1,0.0001,-0.0,-0.0,0.0,0.0
1785524984398708600,1,0.0001,-0.0,-0.0,0.0,0.0
1785524984417786100,1,0.0001,-0.0,-0.0,0.0,0.0
1785524984438074900,1,0.0001,-0.0,-0.0,0.0,0.0
1785524984458071600,1,0.0001,-0.0,-0.0,0.0,0.0
1785524984478197500,1,0.0001,-0.0,-0.0,0.0,0.0
1785524984497880300,1,0.0001,-0.0,-0.0,0.0,0.0
1785524984518027700,1,0.0001,-0.0,-0.0,0.0,0.0
1785524984537991500,1,0.0001,-0.0,-0.0,0.0,0.0
1785524984557750900,1,0.0001,-0.0,-0.0,0.0,0.0
1785524984578512200,1,0.0001,-0.0,-0.0,0.0,0.0
1785524984598786300,1,0.0001,-0.0,-0.0,0.0,0.0
1785524984617659100,1,0.0001,-0.0,-0.0,0.0,0.0
1785524984637756000,1,0.0001,-0.0,-0.0,0.0,0.0
1785524984658134600,1,0.0001,-0.0,-0.0,0.0,0.0
1785524984678420400,1,0.0001,-0.0,-0.0,0.0,0.0
1785524984698125000,1,0.0001,-0.0,-0.0,0.0,0.0
1785524984718723800,1,0.0001,-0.0,-0.0,0.0,0.0
1785524984738046300,1,0.0001,-0.0,-0.0,0.0,0.0
1785524984758041200,1,0.0001,-0.0,-0.0,0.0,0.0
1785524984778551300,1,0.0001,-0.0,-0.0,0.0,0.0
1785524984797689300,1,0.0001,-0.0,-0.0,0.0,0.0
1785524984818622900,1,0.0001,-0.0,-0.0,0.0,0.0
1785524984838526900,1,0.0001,-0.0,-0.0,0.0,0.0
1785524984857677600,1,0.0001,-0.0,-0.0,0.0,0.0
1785524984878196900,1,0.0001,-0.0,-0.0,0.0,0.0
1785524984897975800,1,0.0001,-0.0,-0.0,0.0,0.0
1785524984918201000,1,0.0001,-0.0,-0.0,0.0,0.0
1785524984937897500,1,0.0001,-0.0,-0.0,0.0,0.0
1785524984957866900,1,0.0001,-0.0,-0.0,0.0,0.0
1785524984978545900,1,0.0001,-0.0,-0.0,0.0,0.0
1785524984998688800,1,0.0001,-0.0,-0.0,0.0,0.0
1785524985018405500,1,0.0001,-0.0,-0.0,0.0,0.0
1785524985038129900,1,0.0001,-0.0,-0.0,0.0,0.0
1785524985058777600,1,0.0001,-0.0,-0.0,0.0,0.0
1785524985078290800,1,0.0001,-0.0,-0.0,0.0,0.0
1785524985097745800,1,0.0001,-0.0,-0.0,0.0,0.0
1785524985118263600,1,0.0001,-0.0,-0.0,0.0,0.0
1785524985137661300,1,0.0001,-0.0,-0.0,0.0,0.0
1785524985157845600,1,0.0001,-0.0,-0.0,0.0,0.0
1785524985178598500,1,0.0001,-0.0,-0.0,0.0,0.0
1785524985197973300,1,0.0001,-0.0,-0.0,0.0,0.0
1785524985218645400,1,0.0001,-0.0,-0.0,0.0,0.0
1785524985238495400,1,0.0001,-0.0,-0.0,0.0,0.0
1785524985257869300,1,0.0001,-0.0,-0.0,0.0,0.0
1785524985278777200,1,0.0001,-0.0,-0.0,0.0,0.0
1785524985297794700,1,0.0001,-0.0,-0.0,0.0,0.0
1785524985318304300,1,0.0001,-0.0,-0.0,0.0,0.0
1785524985337815900,1,0.0001,-0.0,-0.0,0.0,0.0
1785524985358083900,1,0.0001,-0.0,-0.0,0.0,0.0
1785524985378285600,1,0.0001,-0.0,-0.0,0.0,0.0
1785524985398112500,1,0.0001,-0.0,-0.0,0.0,0.0
1785524985418640200,1,0.0001,-0.0,-0.0,0.0,0.0
1785524985438094700,1,0.0001,-0.0,-0.0,0.0,0.0
1785524985458029100,1,0.0001,-0.0,-0.0,0.0,0.0
1785524985478386600,1,0.0001,-0.0,-0.0,0.0,0.0
1785524985498522200,1,0.0001,-0.0,-0.0,0.0,0.0
1785524985518540400,1,0.0001,-0.0,-0.0,0.0,0.0
1785524985537997800,1,0.0001,-0.0,-0.0,0.0,0.0
1785524985558072800,1,0.0001,-0.0,-0.0,0.0,0.0
1785524985578160500,1,0.0001,-0.0,-0.0,0.0,0.0
1785524985597657300,1,0.0001,-0.0,-0.0,0.0,0.0
1785524985617864100,1,0.0001,-0.0,-0.0,0.0,0.0
1785524985637945900,1,0.0001,-0.0,-0.0,0.0,0.0
1785524985658289300,1,0.0001,-0.0,-0.0,0.0,0.0
1785524985678131600,1,0.0001,-0.0,-0.0,0.0,0.0
1785524985698565900,1,0.0001,-0.0,-0.0,0.0,0.0
1785524985718069900,1,0.0001,-0.0,-0.0,0.0,0.0
1785524985738648800,1,0.0001,-0.0,-0.0,0.0,0.0
1785524985758610200,1,0.0001,-0.0,-0.0,0.0,0.0
1785524985777917700,1,0.0001,-0.0,-0.0,0.0,0.0
1785524985798608200,1,0.0001,-0.0,-0.0,0.0,0.0
1785524985817763800,1,0.0001,-0.0,-0.0,0.0,0.0
1785524985837823300,1,0.0001,-0.0,-0.0,0.0,0.0
1785524985858588000,1,0.0001,-0.0,-0.0,0.0,0.0
1785524985878705100,1,0.0001,-0.0,-0.0,0.0,0.0
1785524985897679200,1,0.0001,-0.0,-0.0,0.0,0.0
1785524985918230500,1,0.0001,-0.0,-0.0,0.0,0.0
1785524985937937700,1,0.0001,-0.0,-0.0,0.0,0.0
1785524985958406700,1,0.0001,-0.0,-0.0,0.0,0.0
1785524985978065900,1,0.0001,-0.0,-0.0,0.0,0.0
1785524985998323300,1,0.0001,-0.0,-0.0,0.0,0.0
1785524986018415000,1,0.0001,-0.0,-0.0,0.0,0.0
1785524986038387100,1,0.0001,-0.0,-0.0,0.0,0.0
1785524986057960500,1,0.0001,-0.0,-0.0,0.0,0.0
1785524986077941100,1,0.0001,-0.0,-0.0,0.0,0.0
1785524986098118400,1,0.0001,-0.0,-0.0,0.0,0.0
1785524986117987100,1,0.0001,-0.0,-0.0,0.0,0.0
1785524986138547500,1,0.0001,-0.0,-0.0,0.0,0.0
1785524986157784100,1,0.0001,-0.0,-0.0,0.0,0.0
1785524986178405000,1,0.0001,-0.0,-0.0,0.0,0.0
1785524986198038300,1,0.0001,-0.0,-0.0,0.0,0.0024365944417085676
1785524986218307100,1,0.0001,-0.0,-0.0,0.0,0.007172022774968616
1785524986238200900,1,0.0001,-0.0,-0.0,0.0,0.014310273867558704
1785524986257796700,1,0.0001,-0.0,-0.0,0.0,0.023951898058104458
1785524986278134300,1,0.0001,-0.0,-0.0,0.0,0.03411884805808881
1785524986298607000,1,0.0001,-0.0,-0.0,0.0,0.04397799805900945
1785524986318572300,1,0.0001,-0.0,-0.0,0.0,0.05404239805847396
1785524986337961000,1,0.0001,-0.0,-0.0,0.0,0.06402559805809802
1785524986358477500,1,0.0001,-0.0,-0.0,0.0,0.07403929805895246
1785524986377783300,1,0.0001,-0.0,-0.0,0.0,0.08394499805962483
1785524986398858900,1,0.0001,-0.0,-0.0,0.0,0.09411354805905944
1785524986418311200,1,0.0001,-0.0,-0.0,0.0,0.10388579805857376
1785524986438797700,1,0.0001,-0.0,-0.0,0.0,0.11404104805859902
1785524986458033100,1,0.0001,-0.0,-0.0,0.0,0.12406349805877767
1785524986478397800,1,0.0001,-0.0,-0.0,0.0,0.13395734805834877
1785524986498093700,1,0.0000,-0.0,-0.0,0.0,0.14409649805947197
1785524986518167200,1,0.0000,-0.0,-0.0,0.0,0.1538799480587761
1785524986537967700,1,0.0000,-0.0,-0.0,0.0,0.164037098058717
1785524986557808200,1,0.0000,-0.0,-0.0,0.0,0.17395584805871409
1785524986578165900,1,-0.0000,-0.0,-0.0,0.0,0.18387154805913383
1785524986597730200,1,-0.0001,-0.0,-0.0,0.0,0.1939213480583851
1785524986618158300,1,-0.0002,-0.0,-0.0,0.0,0.20387994805804852
1785524986637959900,1,-0.0002,-0.0,-0.0,0.0,0.2115592281964254
1785524986658560700,1,-0.0002,-0.0,-0.0,0.0,0.21672407462424537
1785524986678424400,1,-0.0002,-0.0,-0.0,0.0,0.21948488903441102
1785524986697975400,1,-0.0002,-0.0,-0.0,0.0,0.21984647505258387
1785524986718147900,1,-0.0002,-0.0,-0.0,0.0,0.21984647505258387
1785524986738365000,1,-0.0002,-0.0,-0.0,0.0,0.21984647505258387
1785524986757914000,1,-0.0002,-0.0,-0.0,0.0,0.21984647505258387
1785524986778526300,1,-0.0002,-0.0,-0.0,0.0,0.21984647505258387
1785524986797990900,1,-0.0002,-0.0,-0.0,0.0,0.21984647505258387
1785524986818954000,1,-0.0002,-0.0,-0.0,0.0,0.21984647505258387
1785524986838270700,1,-0.0002,-0.0,-0.0,0.0,0.21984647505258387
1785524986857759700,1,-0.0002,-0.0,-0.0,0.0,0.21984647505258387
1785524986878538400,1,-0.0002,-0.0,-0.0,0.0,0.21984647505258387
1785524986897757200,1,-0.0002,-0.0,-0.0,0.0,0.21984647505258387
1785524986918116300,1,-0.0001,-0.0,-0.0,0.0,0.21984647505258387
1785524986937747900,1,-0.0001,-0.0,-0.0,0.0,0.21984647505258387
1785524986958209900,1,-0.0001,-0.0,-0.0,0.0,0.21984647505258387
1785524986977808700,1,0.0000,-0.0,-0.0,0.0,0.21984647505258387
1785524986998437200,1,0.0001,-0.0,-0.0,0.0,0.21984647505258387
1785524987018270500,1,0.0001,-0.0,-0.0,0.0,0.222223920294384
1785524987038115900,1,0.0002,-0.0,-0.0,0.0,0.22713926256444078
1785524987058136800,1,0.0003,-0.0,-0.0,0.0,0.23414014424111018
1785524987078243000,1,0.0004,-0.0,-0.0,0.0,0.24376328179996642
1785524987098109800,1,0.0004,-0.0,-0.0,0.0,0.25396183180046217
1785524987118317200,1,0.0005,-0.0,-0.0,0.0,0.26380858179973155
1785524987137849700,1,0.0005,-0.0,-0.0,0.0,0.2738282818007982
1785524987158388900,1,0.0005,-0.0,-0.0,0.0,0.28140196059453343
1785524987178445300,1,0.0005,-0.0,-0.0,0.0,0.2866407589485787
1785524987197971100,1,0.0005,-0.0,-0.0,0.0,0.28943068788055265
1785524987218474800,1,0.0004,-0.0,-0.0,0.0,0.28983176853935433
1785524987238071100,1,0.0004,-0.0,-0.0,0.0,0.28983176853935433
1785524987258435500,1,0.0004,-0.0,-0.0,0.0,0.28983176853935433
1785524987277959800,1,0.0004,-0.0,-0.0,0.0,0.28983176853935433
1785524987298295000,1,0.0004,-0.0,-0.0,0.0,0.28983176853935433
1785524987317923100,1,0.0004,-0.0,-0.0,0.0,0.28983176853935433
1785524987338688000,1,0.0004,-0.0,-0.0,0.0,0.28983176853935433
1785524987357898700,1,0.0004,-0.0,-0.0,0.0,0.28983176853935433
1785524987378428800,1,0.0004,-0.0,-0.0,0.0,0.28983176853935433
1785524987398092700,1,0.0004,-0.0,-0.0,0.0,0.28983176853935433
1785524987418304600,1,0.0004,-0.0,-0.0,0.0,0.28983176853935433
1785524987438031500,1,0.0004,-0.0,-0.0,0.0,0.28983176853935433
1785524987458345000,1,0.0004,-0.0,-0.0,0.0,0.28983176853935433
1785524987478426900,1,0.0004,-0.0,-0.0,0.0,0.28983176853935433
1785524987498132200,1,0.0004,-0.0,-0.0,0.0,0.28983176853935433
1785524987518277600,1,0.0004,-0.0,-0.0,0.0,0.28983176853935433
1785524987538598100,1,0.0004,-0.0,-0.0,0.0,0.28983176853935433
1785524987558321500,1,0.0004,-0.0,-0.0,0.0,0.28983176853935433
1785524987577946500,1,0.0004,-0.0,-0.0,0.0,0.28983176853935433
1785524987598222000,1,0.0004,-0.0,-0.0,0.0,0.28983176853935433
1785524987617890100,1,0.0004,-0.0,-0.0,0.0,0.28983176853935433
1785524987638268600,1,0.0004,-0.0,-0.0,0.0,0.28983176853935433
1785524987657939000,1,0.0004,-0.0,-0.0,0.0,0.28983176853935433
1785524987678135600,1,0.0004,-0.0,-0.5906669999967562,0.0,0.28983176853935433
1785524987697881700,1,0.0004,-0.0,-1.1981520000335877,0.0,0.28983176853935433
1785524987718786600,1,0.0004,-0.0,-1.8027299999812385,0.0,0.28983176853935433
1785524987737890400,1,0.0004,-0.0,-1.2065309999888996,0.0,0.28983176853935433
1785524987758292600,1,0.0004,-0.0,-0.6095099999583908,0.0,0.28983176853935433
1785524987778403400,1,0.0004,-0.0,-0.007497000005969312,0.0,0.28983176853935433
1785524987797849300,1,0.0004,-0.0,-0.0,0.0,0.28983176853935433
1785524987818533100,1,0.0004,-0.0,-0.0,0.0,0.28983176853935433
1785524987837962000,1,0.0004,-0.0,-0.0,0.0,0.28983176853935433
1785524987857847000,1,0.0004,-0.0,-0.0,0.0,0.28983176853935433
1785524987878523400,1,0.0004,-0.0,-0.0,0.0,0.28983176853935433
1785524987898050300,1,0.0004,-0.0,-0.0,0.0,0.28983176853935433
1785524987918055600,1,0.0004,-0.0,-0.0,0.0,0.28983176853935433
1785524987937920800,1,0.0004,-0.0,-0.0,0.0,0.28983176853935433
1785524987958018400,1,0.0004,-0.0,-0.0,0.0,0.28983176853935433
1785524987978489900,1,0.0004,-0.0,-0.0,0.0,0.28983176853935433
1785524987998185700,1,0.0004,-0.0,-0.0,0.0,0.28983176853935433
1785524988018598300,1,0.0004,-0.0,-0.0,0.0,0.28983176853935433
1785524988038791900,1,0.0004,-0.0,-0.0,0.0,0.28983176853935433
1785524988057793300,1,0.0004,-0.0,-0.0,0.0,0.28983176853935433
1785524988078179500,1,0.0004,-0.0,-0.0,0.0,0.28983176853935433
1785524988097791800,1,0.0004,-0.0,-0.0,0.0,0.28983176853935433
1785524988118554800,1,0.0004,-0.0,-0.0,0.0,0.28983176853935433
1785524988138641600,1,0.0004,-0.0,-0.0,0.0,0.28983176853935433
1785524988158700700,1,0.0004,-0.0,-0.0,0.0,0.28983176853935433
1785524988177666600,1,0.0004,-0.0,-0.0,0.0,0.28983176853935433
1785524988198344200,1,0.0004,-0.0,-0.0,0.0,0.28983176853935433
1785524988217781200,1,0.0004,-0.0,-0.0,0.0,0.28983176853935433
1785524988238112600,1,0.0004,-0.0,-0.0,0.0,0.28983176853935433
1785524988258172300,1,0.0004,-0.0,-0.0,0.0,0.28983176853935433
1785524988278506300,1,0.0004,-0.0,-0.0,0.0,0.28983176853935433
1785524988298360300,1,0.0004,-0.0,-0.0,0.0,0.28983176853935433
1785524988318517700,1,0.0004,-0.0,-0.0,0.0,0.28983176853935433
1785524988338158600,1,0.0004,-0.0,-0.0,0.0,0.28983176853935433
1785524988357760600,1,0.0004,-0.0,-0.0,0.0,0.28983176853935433
1785524988377678400,1,0.0004,-0.0,-0.0,0.0,0.28983176853935433
1785524988398505100,1,0.0004,-0.0,-0.0,0.0,0.28983176853935433
1785524988417699500,1,0.0004,-0.0,-0.0,0.0,0.28983176853935433
1785524988438550000,1,0.0004,-0.0,-0.0,0.0,0.28983176853935433
1785524988458949800,1,0.0004,-0.0,-0.0,0.0,0.28983176853935433
1785524988478544900,1,0.0004,-0.0,0.5984130000433652,0.0,0.28983176853935433
1785524988498249900,1,0.0004,-0.0,1.1874480000551557,0.0,0.28983176853935433
1785524988517689400,1,0.0004,-0.0,0.5864340000698576,0.0,0.28983176853935433
1785524988538211800,1,0.0004,-0.0,-0.0,0.0,0.28983176853935433
1785524988558287100,1,0.0004,-0.0,-0.0,0.0,0.28983176853935433
1785524988578326200,1,0.0004,-0.0,-0.0,0.0,0.28983176853935433
1785524988597649600,1,0.0004,-0.0,-0.0,0.0,0.28983176853935433
1785524988618493400,1,0.0004,-0.0,-0.0,0.0,0.28983176853935433
1785524988638576200,1,0.0004,-0.0,-0.0,0.0,0.28983176853935433
1785524988658080800,1,0.0004,-0.0,-0.0,0.0,0.28983176853935433
1785524988677710500,1,0.0004,-0.0,-0.0,0.0,0.28983176853935433
1785524988698467400,1,0.0004,-0.0,-0.0,0.0,0.28983176853935433
1785524988717888400,1,0.0004,-0.0,-0.0,0.0,0.28983176853935433
1785524988738593100,1,0.0004,-0.0,-0.0,0.0,0.28983176853935433
1785524988757929900,1,0.0004,-0.0,-0.0,0.0,0.28983176853935433
1785524988777752700,1,0.0004,-0.0,0.5954219999694033,0.0,0.28983176853935433
1785524988797666000,1,0.0004,-0.0,1.1919659999693977,0.0,0.28983176853935433
1785524988818381400,1,0.0004,-0.0,0.5928749998929561,0.0,0.28983176853935433
1785524988838527400,1,0.0004,-0.0,-0.0,0.0,0.28983176853935433
1785524988858109100,1,0.0004,-0.0,-0.0,0.0,0.28983176853935433
1785524988878547800,1,0.0004,-0.0,-0.0,0.0,0.28983176853935433
1785524988897674900,1,0.0004,-0.0,-0.0,0.0,0.28983176853935433
1785524988918963900,1,0.0004,-0.0,-0.0,0.0,0.28983176853935433
1785524988938096000,1,0.0004,-0.0,-0.0,0.0,0.28983176853935433
1785524988958009900,1,0.0004,-0.0,-0.0,0.0,0.28983176853935433
1785524988977882400,1,0.0004,-0.0,-0.0,0.0,0.28983176853935433
1785524988998040000,1,0.0004,-0.0,-0.0,0.0,0.28983176853935433
1785524989018403700,1,0.0004,-0.0,-0.0,0.0,0.28983176853935433
1785524989038609400,1,0.0004,-0.0,-0.0,0.0,0.28983176853935433
1785524989057724300,1,0.0004,-0.0,-0.0,0.0,0.28983176853935433
1785524989077781200,1,0.0004,-0.0,-0.0,0.0,0.28983176853935433
1785524989098223500,1,0.0004,-0.0,-0.0,0.0,0.28983176853935433
1785524989118617800,1,0.0004,-0.0,-0.0,0.0,0.28983176853935433
1785524989137966300,1,0.0004,-0.0,-0.0,0.0,0.28983176853935433
1785524989157851000,1,0.0004,-0.0,-0.0,0.0,0.28983176853935433
1785524989177909900,1,0.0004,-0.0,0.6022200000006706,0.0,0.28983176853935433
1785524989198313700,1,0.0004,-0.0,1.194374999977299,0.0,0.28983176853935433
1785524989217719100,1,0.0004,-0.0,1.7965560000084224,0.0,0.28983176853935433
1785524989238257800,1,0.0004,-0.0,2.3972939999657683,0.0,0.28983176853935433
1785524989258570000,1,0.0004,-0.0,2.5,0.0,0.28983176853935433
1785524989277854800,1,0.0004,-0.0,1.9068519999927958,0.0,0.28983176853935433
1785524989298417200,1,0.0004,-0.0,1.305274000078498,0.0,0.28983176853935433
1785524989317759600,1,0.0004,-0.0,0.7096479999745497,0.0,0.28983176853935433
1785524989338470700,1,0.0004,-0.0,0.10371100004704203,0.0,0.28983176853935433
1785524989358098500,1,0.0004,-0.0,-0.0,0.0,0.28983176853935433
1785524989378447500,1,0.0004,-0.0,-0.0,0.0,0.28983176853935433
1785524989397906200,1,0.0004,-0.0,-0.0,0.0,0.28983176853935433
1785524989418220200,1,0.0004,-0.0,-0.0,0.0,0.28983176853935433
1785524989438507100,1,0.0004,-0.0,-0.0,0.0,0.28983176853935433
1785524989457978800,1,0.0004,-0.0,-0.0,0.0,0.28983176853935433
1785524989478113700,1,0.0004,-0.0,-0.0,0.0,0.28983176853935433
1785524989498205100,1,0.0004,-0.0,-0.0,0.0,0.28983176853935433
1785524989517640300,1,0.0004,-0.0,-0.0,0.0,0.28983176853935433
1785524989537822900,1,0.0004,-0.0,-0.0,0.0,0.28983176853935433
1785524989558354900,1,0.0004,-0.0,-0.0,0.0,0.28983176853935433
1785524989577939200,1,0.0004,-0.0,-0.0,0.0,0.28983176853935433
1785524989598397900,1,0.0004,-0.0,-0.0,0.0,0.28983176853935433
1785524989618593200,1,0.0004,-0.0,-0.0,0.0,0.28983176853935433
1785524989638875000,1,0.0004,-0.0,-0.0,0.0,0.28983176853935433
1785524989657772700,1,0.0004,-0.0,-0.0,0.0,0.28983176853935433
1785524989677908000,1,0.0004,-0.0,-0.0,0.0,0.28983176853935433
1785524989698371100,1,0.0004,-0.0,-0.0,0.0,0.28983176853935433
1785524989717833100,1,0.0004,-0.0,-0.0,0.0,0.28983176853935433
1785524989737926600,1,0.0004,-0.0,-0.0,0.0,0.28983176853935433
1785524989758059100,1,0.0004,-0.0,-0.0,0.0,0.28983176853935433
1785524989777938500,1,0.0004,-0.0,-0.0,0.0,0.28983176853935433
1785524989798090600,1,0.0004,-0.0,-0.0,0.0,0.28983176853935433
1785524989818265600,1,0.0004,-0.0,-0.0,0.0,0.28983176853935433
1785524989837960700,1,0.0004,-0.0,-0.0,0.0,0.28983176853935433
1785524989857775400,1,0.0004,-0.0,-0.0,0.0,0.28983176853935433
1785524989878208100,1,0.0004,-0.0,-0.0,0.0,0.28983176853935433
1785524989897880600,1,0.0004,-0.0,-0.0,0.0,0.28983176853935433
1785524989917809100,1,0.0004,-0.0,-0.0,0.0,0.28983176853935433
1785524989938327500,1,0.0004,-0.0,-0.0,0.0,0.28983176853935433
1785524989957908400,1,0.0004,-0.0,-0.0,0.0,0.28983176853935433
1785524989978033400,1,0.0004,-0.0,-0.0,0.0,0.28983176853935433
1785524989997979800,1,0.0004,-0.0,-0.0,0.0,0.28983176853935433
1785524990017939200,1,0.0004,-0.0,-0.0,0.0,0.28983176853935433
1785524990037907400,1,0.0004,-0.0,-0.0,0.0,0.28983176853935433
1785524990058007400,1,0.0004,-0.0,-0.0,0.0,0.28983176853935433
1785524990078198300,1,0.0004,-0.0,-0.0,0.0,0.28983176853935433
1785524990098383800,1,0.0004,-0.0,-0.0,0.0,0.28983176853935433
1785524990118065100,1,0.0004,-0.0,-0.0,0.0,0.28983176853935433
1785524990137785200,1,0.0004,-0.0,0.5924819999563624,0.0,0.28983176853935433
1785524990157783200,1,0.0004,-0.0,1.1915399999998044,0.0,0.28983176853935433
1785524990178195100,1,0.0004,-0.0,1.7889119999745162,0.0,0.28983176853935433
1785524990198104200,1,0.0004,-0.0,2.4022949999562115,0.0,0.28983176853935433
1785524990217924300,1,0.0004,-0.0,1.8087629999718047,0.0,0.28983176853935433
1785524990238563500,1,0.0004,-0.0,1.2161279999418184,0.0,0.28983176853935433
1785524990257833100,1,0.0004,-0.0,0.6116549999205745,0.0,0.28983176853935433
1785524990278047500,1,0.0004,-0.0,0.005318999901646748,0.0,0.28983176853935433
1785524990298687500,1,0.0004,-0.0,-0.0,0.0,0.28983176853935433
1785524990318452600,1,0.0004,-0.0,-0.0,0.0,0.28983176853935433
1785524990337890600,1,0.0004,-0.0,-0.0,0.0,0.28983176853935433
1785524990358540800,1,0.0004,-0.0,-0.0,0.0,0.28983176853935433
1785524990378623300,1,0.0004,-0.0,-0.0,0.0,0.28983176853935433
1785524990398375200,1,0.0004,-0.0,-0.0,0.0,0.28983176853935433
1785524990418364600,1,0.0004,-0.0,-0.0,0.0,0.28983176853935433
1785524990437948500,1,0.0004,-0.0,-0.0,0.0,0.28983176853935433
1785524990458697400,1,0.0004,-0.0,-0.0,0.0,0.28983176853935433
1785524990478426100,1,0.0004,-0.0,-0.0,0.0,0.28983176853935433
1785524990497820100,1,0.0004,-0.0,-0.0,0.0,0.28983176853935433
1785524990518365200,1,0.0004,-0.0,-0.0,0.0,0.28983176853935433
1785524990538243300,1,0.0004,-0.0,-0.0,0.0,0.28983176853935433
1785524990558133400,1,0.0004,-0.0,-0.0,0.0,0.28983176853935433
1785524990578171600,1,0.0004,-0.0,-0.0,0.0,0.28983176853935433
1785524990598974600,1,0.0004,-0.0,-0.0,0.0,0.28983176853935433
1785524990617963400,1,0.0004,-0.0,-0.0,0.0,0.28983176853935433
1785524990638575800,1,0.0004,-0.0,-0.0,0.0,0.28983176853935433
1785524990659256400,1,0.0004,-0.0,-0.0,0.0,0.28983176853935433
1785524990678722400,1,0.0004,-0.0,-0.0,0.0,0.28983176853935433
1785524990698127500,1,0.0004,-0.0,-0.0,0.0,0.28983176853935433
1785524990718718600,1,0.0004,-0.0,-0.0,0.0,0.28983176853935433
1785524990738630200,1,0.0004,-0.0,-0.0,0.0,0.28983176853935433
1785524990757743700,1,0.0004,-0.0,-0.0,0.0,0.28983176853935433
1785524990778413700,1,0.0004,-0.0,-0.0,0.0,0.28983176853935433
1785524990798521000,1,0.0004,-0.0,-0.0,0.0,0.28983176853935433
1785524990818066100,1,0.0004,-0.0,-0.0,0.0,0.28983176853935433
1785524990837899600,1,0.0004,-0.0,-0.0,0.0,0.28983176853935433
1785524990858021200,1,0.0004,-0.0,-0.0,0.0,0.28983176853935433
1785524990878550200,1,0.0004,-0.0,-0.0,0.0,0.28983176853935433
1785524990898132800,1,0.0004,-0.0,-0.0,0.0,0.28983176853935433
1785524990917948000,1,0.0004,-0.0,-0.0,0.0,0.28983176853935433
1785524990938656400,1,0.0004,-0.0,-0.0,0.0,0.28983176853935433
1785524990958575100,1,0.0004,-0.0,-0.0,0.0,0.28983176853935433
1785524990978575900,1,0.0004,-0.0,-0.0,0.0,0.28983176853935433
1785524990998422500,1,0.0004,-0.0,-0.0,0.0,0.28983176853935433
1785524991018410900,1,0.0004,-0.0,-0.0,0.0,0.28983176853935433
1785524991037854200,1,0.0004,-0.0,-0.0,0.0,0.28983176853935433
1785524991058295800,1,0.0004,-0.0,-0.0,0.0,0.28983176853935433
1785524991077665300,1,0.0004,-0.0,-0.0,0.0,0.28983176853935433
1785524991097945800,1,0.0004,-0.0,-0.0,0.0,0.28983176853935433
1785524991118112800,1,0.0004,-0.0,-0.0,0.0,0.28983176853935433
1785524991137776800,1,0.0004,-0.0,-0.0,0.0,0.28983176853935433
1785524991158489500,1,0.0004,-0.0,-0.0,0.0,0.28983176853935433
1785524991178006300,1,0.0004,-0.0,-0.0,0.0,0.28983176853935433
1785524991198717200,1,0.0004,-0.0,-0.0,0.0,0.28983176853935433
1785524991218323400,1,0.0004,-0.0,-0.0,0.0,0.28983176853935433
1785524991237981900,1,0.0004,-0.0,-0.0,0.0,0.28983176853935433
1785524991258198200,1,0.0004,-0.0,-0.0,0.0,0.28983176853935433
1785524991278051700,1,0.0004,-0.0,-0.0,0.0,0.28983176853935433
1785524991298255700,1,0.0004,-0.0,-0.0,0.0,0.28983176853935433
1785524991318125300,1,0.0004,-0.0,-0.0,0.0,0.28983176853935433
1785524991338360400,1,0.0004,-0.0,-0.0,0.0,0.28983176853935433
1785524991357998800,1,0.0004,-0.0,-0.0,0.0,0.28983176853935433
1785524991377738700,1,0.0004,-0.0,-0.0,0.0,0.28983176853935433
1785524991397939600,1,0.0004,-0.0,-0.0,0.0,0.28983176853935433
1785524991417754400,1,0.0004,-0.0,-0.0,0.0,0.28983176853935433
1785524991438842000,1,0.0004,-0.0,-0.0,0.0,0.28983176853935433
1785524991457966700,1,0.0004,-0.0,-0.0,0.0,0.28983176853935433
1785524991479009000,1,0.0004,-0.0,-0.0,0.0,0.28983176853935433
1785524991498233300,1,0.0004,-0.0,-0.0,0.0,0.28983176853935433
1785524991517782700,1,0.0004,-0.0,-0.0,0.0,0.28983176853935433
1785524991538132100,1,0.0004,-0.0,-0.0,0.0,0.28983176853935433
1785524991558694800,1,0.0004,-0.0,-0.0,0.0,0.28983176853935433
1785524991578298600,1,0.0004,-0.0,-0.0,0.0,0.28983176853935433
1785524991597742000,1,0.0004,-0.0,-0.0,0.0,0.28983176853935433
1785524991618553300,1,0.0004,-0.0,-0.0,0.0,0.28983176853935433
1785524991638564700,1,0.0004,-0.0,-0.0,0.0,0.28983176853935433
1785524991658415600,1,0.0004,-0.0,0.5928689999564085,0.0,0.28983176853935433
1785524991677674400,1,0.0004,-0.0,1.1882459999105777,0.0,0.28983176853935433
1785524991697745200,1,0.0004,-0.0,1.790432999987388,0.0,0.28983176853935433
1785524991718419400,1,0.0004,-0.0,2.3932769999373704,0.0,0.28983176853935433
1785524991737678700,1,0.0004,-0.0,2.5,0.0,0.28983176853935433
1785524991758337200,1,0.0004,-0.0,2.5,0.0,0.28983176853935433
1785524991778557400,1,0.0004,-0.0,2.5,0.0,0.28983176853935433
1785524991798565500,1,0.0004,-0.0,1.905553000033251,0.0,0.28983176853935433
1785524991818341400,1,0.0004,-0.0,1.3093270000535995,0.0,0.28983176853935433
1785524991837705900,1,0.0004,-0.0,0.7106770000609686,0.0,0.28983176853935433
1785524991857976600,1,0.0004,-0.0,0.10296400003426243,0.0,0.28983176853935433
1785524991878161600,1,0.0004,-0.0,-0.0,0.0,0.28983176853935433
1785524991898002500,1,0.0004,-0.0,-0.0,0.0,0.28983176853935433
1785524991918204200,1,0.0004,-0.0,-0.0,0.0,0.28983176853935433
1785524991938336800,1,0.0004,-0.0,-0.0,0.0,0.28983176853935433
1785524991958614700,1,0.0004,-0.0,-0.0,0.0,0.28983176853935433
1785524991977802900,1,0.0004,-0.0,-0.0,0.0,0.28983176853935433
1785524991997753200,1,0.0004,-0.0,-0.0,0.0,0.28983176853935433
1785524992018370200,1,0.0004,-0.0,-0.0,0.0,0.28983176853935433
1785524992037935800,1,0.0004,-0.0,-0.0,0.0,0.28983176853935433
1785524992058189100,1,0.0004,-0.5926769999132375,-0.0,0.0,0.28983176853935433
1785524992078801900,1,0.0004,-1.208769000004395,-0.0,0.0,0.28983176853935433
1785524992097733600,1,0.0004,-1.7939489999116631,-0.0,0.0,0.28983176853935433
1785524992118443800,1,0.0004,-2.3941679999552434,-0.0,0.0,0.28983176853935433
1785524992138408900,1,0.0004,-2.5,-0.0,0.0,0.28983176853935433
1785524992157679000,1,0.0004,-2.5,-0.0,0.0,0.28983176853935433
1785524992178579800,1,0.0004,-2.5,-0.0,0.0,0.28983176853935433
1785524992197717700,1,0.0004,-2.5,-0.0,0.0,0.28983176853935433
1785524992218450200,1,0.0004,-2.5,-0.0,0.0,0.28983176853935433
1785524992238186700,1,0.0004,-2.5,-0.0,0.0,0.28983176853935433
1785524992257688100,1,0.0004,-1.8997569999919506,-0.0,0.0,0.28983176853935433
1785524992277977500,1,0.0004,-1.2907539999650908,-0.0,0.0,0.28983176853935433
1785524992298655500,1,0.0004,-0.6957579999652808,-0.0,0.0,0.28983176853935433
1785524992318494400,1,0.0004,-0.098251000054006,-0.0,0.0,0.28983176853935433
1785524992338589000,1,0.0004,-0.0,-0.0,0.0,0.28983176853935433
1785524992357949500,1,0.0004,-0.0,-0.0,0.0,0.28983176853935433
1785524992377952600,1,0.0004,-0.0,-0.0,0.0,0.28983176853935433
1785524992398664800,1,0.0004,-0.0,-0.0,0.0,0.28983176853935433
1785524992418587000,1,0.0004,-0.0,-0.0,0.0,0.28983176853935433
1785524992438032700,1,0.0004,-0.0,-0.0,0.0,0.28983176853935433
1785524992457791700,1,0.0004,-0.0,-0.0,0.0,0.28983176853935433
1785524992478546400,1,0.0004,-0.0,-0.0,0.0,0.28983176853935433
1785524992498095600,1,0.0004,-0.0,-0.0,0.0,0.28983176853935433
1785524992518741600,1,0.0004,-0.0,-0.0,0.0,0.28983176853935433
1785524992537608800,1,0.0004,-0.0,-0.0,0.0,0.28983176853935433
1785524992558025500,1,0.0004,-0.0,-0.0,0.0,0.28983176853935433
1785524992577901100,1,0.0004,-0.0,-0.0,0.0,0.28983176853935433
1785524992598434000,1,0.0004,-0.0,-0.0,0.0,0.28983176853935433
1785524992618057200,1,0.0004,-0.0,-0.0,0.0,0.28983176853935433
1785524992638514500,1,0.0004,-0.0,-0.0,0.0,0.28983176853935433
1785524992657956500,1,0.0004,-0.0,-0.0,0.0,0.28983176853935433
1785524992677762700,1,0.0004,-0.0,-0.0,0.0,0.28983176853935433
1785524992698435100,1,0.0004,-0.0,-0.0,0.0,0.28983176853935433
1785524992718108900,1,0.0004,-0.0,-0.0,0.0,0.28983176853935433
1785524992738021800,1,0.0004,-0.0,-0.0,0.0,0.28983176853935433
1785524992758337200,1,0.0004,-0.0,-0.0,0.0,0.28983176853935433
1785524992778571000,1,0.0004,-0.0,-0.0,0.0,0.28983176853935433
1785524992798073200,1,0.0004,0.5999460000384715,-0.0,0.0,0.28983176853935433
1785524992818638200,1,0.0004,1.191588000037882,-0.0,0.0,0.28983176853935433
1785524992839059900,1,0.0004,1.8002789999809465,-0.0,0.0,0.28983176853935433
1785524992857768400,1,0.0004,2.39120099995489,-0.0,0.0,0.28983176853935433
1785524992877922100,1,0.0004,2.5,-0.0,0.0,0.28983176853935433
1785524992898379600,1,0.0004,2.5,-0.0,0.0,0.28983176853935433
1785524992918013600,1,0.0004,2.5,-0.0,0.0,0.28983176853935433
1785524992938895400,1,0.0004,2.5,-0.0,0.0,0.28983176853935433
1785524992957928000,1,0.0004,2.5,-0.0,0.0,0.28983176853935433
1785524992978618800,1,0.0004,2.5,-0.0,0.0,0.28983176853935433
1785524992998477300,1,0.0004,2.5,-0.0,0.0,0.28983176853935433
1785524993017998100,1,0.0004,2.5,-0.0,0.0,0.28983176853935433
1785524993038613600,1,0.0004,2.5,-0.0,0.0,0.28983176853935433
1785524993057774500,1,0.0004,1.8957700000828481,-0.0,0.0,0.28983176853935433
1785524993078512000,1,0.0004,1.2911080000412767,-0.0,0.0,0.28983176853935433
1785524993097854300,1,0.0004,0.6936070000665495,-0.0,0.0,0.28983176853935433
1785524993118344900,1,0.0004,0.09635800004616613,-0.0,0.0,0.28983176853935433
1785524993138257800,1,0.0004,-0.0,-0.0,0.0,0.28983176853935433
1785524993157746900,1,0.0004,-0.0,-0.0,0.0,0.28983176853935433
1785524993178458400,1,0.0004,-0.0,-0.0,0.0,0.28983176853935433
1785524993197820800,1,0.0004,-0.0,-0.0,0.0,0.28983176853935433
1785524993218187200,1,0.0004,0.5953499999668566,-0.0,0.0,0.28983176853935433
1785524993238608900,1,0.0004,1.2079950000043027,-0.0,0.0,0.28983176853935433
1785524993257626900,1,0.0004,1.7971439999018912,-0.0,0.0,0.28983176853935433
1785524993278244000,1,0.0004,2.396867999996175,-0.0,0.0,0.28983176853935433
1785524993298505900,1,0.0004,2.5,-0.0,0.0,0.28983176853935433
1785524993317734700,1,0.0004,2.5,-0.0,0.0,0.28983176853935433
1785524993338570900,1,0.0004,2.5,-0.0,0.0,0.28983176853935433
1785524993358193600,1,0.0004,2.5,-0.0,0.0,0.28983176853935433
1785524993377775400,1,0.0004,2.5,-0.0,0.0,0.28983176853935433
1785524993398787500,1,0.0004,2.5,-0.0,0.0,0.28983176853935433
1785524993418267100,1,0.0004,2.5,-0.0,0.0,0.28983176853935433
1785524993437686300,1,0.0004,2.5,-0.0,0.0,0.28983176853935433
1785524993457996200,1,0.0004,2.5,-0.0,0.0,0.28983176853935433
1785524993477940300,1,0.0004,2.5,-0.0,0.0,0.28983176853935433
1785524993498611400,1,0.0004,2.5,-0.0,0.0,0.28983176853935433
1785524993518445100,1,0.0004,2.5,-0.0,0.0,0.28983176853935433
1785524993538117600,1,0.0004,1.894629999915196,-0.0,0.0,0.28983176853935433
1785524993558423400,1,0.0004,1.3058109999110457,-0.0,0.0,0.28983176853935433
1785524993578432100,1,0.0004,0.7001439999658032,-0.0,0.0,0.28983176853935433
1785524993597922100,1,0.0004,0.10047399995528394,-0.0,0.0,0.28983176853935433
1785524993618425400,1,0.0004,-0.0,-0.0,0.0,0.28983176853935433
1785524993638291700,1,0.0004,-0.0,-0.0,0.0,0.28983176853935433
1785524993658590400,1,0.0004,-0.0,-0.0,0.0,0.28983176853935433
1785524993677762900,1,0.0004,-0.0,-0.0,0.0,0.28983176853935433
1785524993698621700,1,0.0004,-0.0,-0.0,0.0,0.28983176853935433
1785524993718508800,1,0.0004,-0.0,-0.0,0.0,0.28983176853935433
1785524993737818500,1,0.0004,-0.0,-0.0,0.0,0.28983176853935433
1785524993758135800,1,0.0004,-0.0,-0.0,0.0,0.28983176853935433
1785524993777966800,1,0.0004,-0.0,-0.0,0.0,0.28983176853935433
1785524993798390600,1,0.0004,-0.0,-0.0,0.0,0.28983176853935433
1785524993817867300,1,0.0004,-0.0,-0.0,0.0,0.28983176853935433
1785524993838673900,1,0.0004,-0.0,-0.0,0.0,0.28983176853935433
1785524993858004500,1,0.0004,-0.0,-0.0,0.0,0.28983176853935433
1785524993878485100,1,0.0004,-0.0,-0.0,0.0,0.28983176853935433
1785524993897972700,1,0.0004,-0.0,-0.0,0.0,0.28983176853935433
1785524993918139200,1,0.0004,-0.0,-0.0,0.0,0.28983176853935433
1785524993938022500,1,0.0004,-0.0,-0.0,0.0,0.28983176853935433
1785524993957683500,1,0.0004,-0.0,-0.0,0.0,0.28983176853935433
1785524993978443500,1,0.0004,-0.0,-0.0,0.0,0.28983176853935433
1785524993998374100,1,0.0004,-0.0,-0.0,0.0,0.28983176853935433
1785524994017817400,1,0.0004,-0.0,-0.0,0.0,0.28983176853935433
1785524994038187100,1,0.0004,-0.0,-0.0,0.0,0.28983176853935433
1785524994057733000,1,0.0004,-0.0,-0.0,0.0,0.28983176853935433
1785524994077729600,1,0.0004,-0.0,-0.0,0.0,0.28983176853935433
1785524994097850400,1,0.0004,-0.0,-0.0,0.0,0.28983176853935433
1785524994118151200,1,0.0004,-0.0,-0.0,0.0,0.28983176853935433
1785524994138093700,1,0.0004,-0.0,-0.0,0.0,0.28983176853935433
1785524994157629800,1,0.0004,-0.0,-0.0,0.0,0.28983176853935433
1785524994178248300,1,0.0004,-0.0,-0.0,0.0,0.28983176853935433
1785524994198626600,1,0.0004,-0.0,-0.0,0.0,0.28983176853935433
1785524994218454500,1,0.0004,-0.0,-0.0,0.0,0.28983176853935433
1785524994238040000,1,0.0004,-0.0,-0.0,0.0,0.28983176853935433
1785524994257966800,1,0.0004,-0.0,-0.0,0.0,0.28983176853935433
1785524994277922900,1,0.0004,-0.0,-0.0,0.0,0.28983176853935433
1785524994297963800,1,0.0004,-0.0,-0.0,0.0,0.28983176853935433
1785524994317967400,1,0.0004,-0.0,-0.0,0.0,0.28983176853935433
1785524994338317600,1,0.0004,-0.5898690000321949,-0.0,0.0,0.28983176853935433
1785524994357777600,1,0.0004,-1.1940270000559394,-0.0,0.0,0.28983176853935433
1785524994378446300,1,0.0004,-1.7964300000312505,-0.0,0.0,0.28983176853935433
1785524994397708800,1,0.0004,-2.392223999995622,-0.0,0.0,0.28983176853935433
1785524994417983200,1,0.0004,-2.5,-0.0,0.0,0.28983176853935433
1785524994438120500,1,0.0004,-2.5,-0.0,0.0,0.28983176853935433
1785524994458571300,1,0.0004,-2.5,-0.0,0.0,0.28983176853935433
1785524994478477200,1,0.0004,-2.5,-0.0,0.0,0.28983176853935433
1785524994498681900,1,0.0004,-2.5,-0.0,0.0,0.28983176853935433
1785524994517922500,1,0.0004,-2.5,-0.0,0.0,0.28983176853935433
1785524994537914000,1,0.0004,-2.5,-0.0,0.0,0.28983176853935433
1785524994557632100,1,0.0004,-2.5,-0.0,0.0,0.28983176853935433
1785524994577783300,1,0.0004,-2.5,-0.0,0.0,0.28983176853935433
1785524994598362000,1,0.0004,-2.5,-0.0,0.0,0.28983176853935433
1785524994618299500,1,0.0004,-2.5,-0.0,0.0,0.28983176853935433
1785524994638538900,1,0.0004,-2.5,-0.0,0.0,0.28983176853935433
1785524994658534000,1,0.0004,-2.5,-0.0,0.0,0.28983176853935433
1785524994677945600,1,0.0004,-2.5,-0.0,0.0,0.28983176853935433
1785524994697807200,1,0.0004,-2.5,-0.0,0.0,0.28983176853935433
1785524994718413700,1,0.0004,-2.5,-0.0,0.0,0.28983176853935433
1785524994737869800,1,0.0004,-2.5,-0.0,0.0,0.28983176853935433
1785524994757873300,1,0.0004,-2.5,-0.0,0.0,0.28983176853935433
1785524994779029700,1,0.0004,-2.5,-0.0,0.0,0.28983176853935433
1785524994798540800,1,0.0004,-2.5,-0.0,0.0,0.28983176853935433
1785524994818222200,1,0.0004,-2.5,-0.0,0.0,0.28983176853935433
1785524994838833100,1,0.0004,-2.5,-0.0,0.0,0.28983176853935433
1785524994857843800,1,0.0004,-2.5,-0.0,0.0,0.28983176853935433
1785524994878132700,1,0.0004,-2.5,-0.0,0.0,0.28983176853935433
1785524994897831800,1,0.0004,-2.5,-0.0,0.0,0.28983176853935433
1785524994918198900,1,0.0004,-2.5,-0.0,0.0,0.28983176853935433
1785524994937961200,1,0.0004,-2.5,-0.0,0.0,0.28983176853935433
1785524994958026400,1,0.0004,-2.5,-0.0,0.0,0.28983176853935433
1785524994977679200,1,0.0004,-2.5,-0.0,0.0,0.28983176853935433
1785524994997972300,1,0.0004,-2.5,-0.0,0.0,0.28983176853935433
1785524995018770800,1,0.0004,-2.5,-0.0,0.0,0.28983176853935433
1785524995038373000,1,0.0004,-2.5,-0.0,0.0,0.28983176853935433
1785524995058532100,1,0.0004,-1.8923979999453877,-0.6076020000546123,0.0,0.28983176853935433
1785524995078637400,1,0.0004,-1.2960490000114078,-1.2039509999885922,0.0,0.28983176853935433
1785524995097688900,1,0.0002,-0.7024089999686112,-1.7975910000313888,0.0,0.28983176853935433
1785524995118330600,1,0.0001,-0.10086099995533004,-2.39913900004467,0.0,0.28983176853935433
1785524995137943600,1,-0.0000,-0.0,-2.5,0.0,0.28983176853935433
1785524995157833100,1,-0.0001,-0.0,-2.5,0.0,0.28983176853935433
1785524995178259400,1,-0.0000,-0.0,-2.5,0.0,0.28983176853935433
1785524995198401000,1,-0.0000,-0.0,-2.5,0.0,0.28983176853935433
1785524995217856900,1,0.0000,-0.0,-2.5,0.0,0.28983176853935433
1785524995238665300,1,0.0000,-0.0,-2.5,0.0,0.28983176853935433
1785524995257860200,1,0.0000,-0.0,-2.5,0.0,0.28983176853935433
1785524995278204100,1,-0.0000,-0.0,-2.5,0.0,0.28983176853935433
1785524995298500800,1,-0.0000,-0.0,-2.5,0.0,0.28983176853935433
1785524995317671700,1,-0.0000,-0.0,-2.5,0.0,0.28983176853935433
1785524995338426700,1,-0.0000,-0.0,-2.5,0.0,0.28983176853935433
1785524995358367900,1,-0.0000,-0.0,-2.5,0.0,0.28983176853935433
1785524995378118700,1,-0.0000,-0.0,-1.8927130000520265,0.0,0.28983176853935433
1785524995398621800,1,-0.0000,-0.0,-1.295122000046831,0.0,0.28983176853935433
1785524995418551700,1,-0.0000,-0.0,-0.6994240000494756,0.0,0.28983176853935433
1785524995438501200,1,-0.0000,0.6030120000286843,-0.09641200002079131,0.0,0.28983176853935433
1785524995458283900,1,-0.0000,1.194381000022986,-0.0,0.0,0.28983176853935433
1785524995478591300,1,-0.0000,1.8051870000272174,-0.0,0.0,0.28983176853935433
1785524995498176100,1,-0.0000,2.391215999959968,-0.0,0.0,0.28983176853935433
1785524995517736500,1,-0.0000,2.5,-0.0,0.0,0.28983176853935433
1785524995538683600,1,-0.0000,2.5,-0.0,0.0,0.28983176853935433
1785524995557875300,1,-0.0000,2.5,-0.0,0.0,0.28983176853935433
1785524995578905700,1,-0.0000,2.5,-0.0,0.0,0.28983176853935433
1785524995597674900,1,-0.0000,2.5,-0.0,0.0,0.28983176853935433
1785524995618090300,1,-0.0000,2.5,-0.0,0.0,0.28983176853935433
1785524995638301800,1,-0.0000,2.5,-0.0,0.0,0.28983176853935433
1785524995658563900,1,-0.0000,2.5,-0.0,0.0,0.28983176853935433
1785524995678070900,1,-0.0000,2.5,-0.0,0.0,0.28983176853935433
1785524995697852500,1,-0.0000,2.5,-0.0,0.0,0.28983176853935433
1785524995718084100,1,-0.0000,2.5,-0.0,0.0,0.28983176853935433
1785524995738525400,1,-0.0000,2.5,-0.0,0.0,0.28983176853935433
1785524995758260400,1,-0.0000,2.5,-0.0,0.0,0.28983176853935433
1785524995778049200,1,-0.0000,2.5,-0.0,0.0,0.28983176853935433
1785524995799001400,1,-0.0000,2.5,-0.0,0.0,0.28983176853935433
1785524995817672300,1,-0.0000,2.5,-0.0,0.0,0.28983176853935433
1785524995838649100,1,-0.0000,2.5,-0.0,0.0,0.28983176853935433
1785524995858132100,1,-0.0000,2.5,-0.0,0.0,0.28983176853935433
1785524995878486100,1,-0.0000,2.5,-0.0,0.0,0.28983176853935433
1785524995898377300,1,-0.0000,2.5,-0.0,0.0,0.28983176853935433
1785524995918062900,1,-0.0000,2.5,-0.0,0.0,0.28983176853935433
1785524995938385200,1,-0.0000,2.5,-0.0,0.0,0.28983176853935433
1785524995958589300,1,-0.0000,2.5,-0.0,0.0,0.28983176853935433
1785524995978045600,1,-0.0000,2.5,-0.0,0.0,0.28983176853935433
1785524995998286700,1,-0.0000,2.5,-0.0,0.0,0.28983176853935433
1785524996017649100,1,-0.0000,2.5,-0.0,0.0,0.28983176853935433
1785524996037798900,1,-0.0000,2.5,-0.0,0.0,0.28983176853935433
1785524996058502400,1,-0.0000,2.5,-0.0,0.0,0.28983176853935433
1785524996077666300,1,-0.0000,2.5,-0.0,0.0,0.28983176853935433
1785524996098553800,1,-0.0000,2.5,-0.0,0.0,0.28983176853935433
1785524996117947300,1,-0.0000,2.5,-0.0,0.0,0.28983176853935433
1785524996138423200,1,-0.0000,2.5,-0.0,0.0,0.28983176853935433
1785524996158218000,1,-0.0000,2.5,-0.0,0.0,0.28983176853935433
1785524996178398900,1,-0.0000,2.5,-0.0,0.0,0.28983176853935433
1785524996197755600,1,-0.0000,2.5,-0.0,0.0,0.28983176853935433
1785524996218696000,1,-0.0000,2.5,-0.0,0.0,0.28983176853935433
1785524996237691500,1,-0.0000,2.5,-0.0,0.0,0.28983176853935433
1785524996258445600,1,-0.0000,2.5,-0.0,0.0,0.28983176853935433
1785524996277828200,1,-0.0000,1.8972220000068774,-0.0,0.0,0.28983176853935433
1785524996298365000,1,-0.0000,1.2988900000345893,-0.0,0.0,0.28983176853935433
1785524996318410600,1,-0.0000,0.6947890000083135,-0.0,0.0,0.28983176853935433
1785524996338032500,1,-0.0000,0.09104799999477109,-0.0,0.0,0.28983176853935433
1785524996357926500,1,-0.0000,-0.0,-0.0,0.0,0.28983176853935433
1785524996378002600,1,-0.0000,-0.0,-0.0,0.0,0.28983176853935433
1785524996398268400,1,-0.0000,-0.0,-0.0,0.0,0.28983176853935433
1785524996418252700,1,-0.0000,-0.0,-0.0,0.0,0.28983176853935433
1785524996437679200,1,-0.0000,-0.0,-0.0,0.0,0.28983176853935433
1785524996458149000,1,-0.0000,-0.0,-0.0,0.0,0.28983176853935433
1785524996477902300,1,-0.0000,-0.0,-0.0,0.0,0.28983176853935433
1785524996498698300,1,-0.0000,0.5954370000836207,-0.0,0.0,0.28983176853935433
1785524996517939700,1,-0.0000,1.200909000071988,-0.0,0.0,0.28983176853935433
1785524996538175100,1,-0.0000,1.7927880000206642,-0.0,0.0,0.28983176853935433
1785524996557748300,1,-0.0000,2.395269000044209,-0.0,0.0,0.28983176853935433
1785524996578147400,1,-0.0000,2.5,-0.0,0.0,0.28983176853935433
1785524996597623800,1,-0.0000,2.5,-0.0,0.0,0.28983176853935433
1785524996617870800,1,-0.0000,2.5,-0.0,0.0,0.28983176853935433
1785524996638684000,1,-0.0000,2.5,-0.0,0.0,0.28983176853935433
1785524996657742900,1,-0.0000,2.5,-0.0,0.0,0.28983176853935433
1785524996678368200,1,-0.0000,2.5,-0.0,0.0,0.28983176853935433
1785524996698155500,1,-0.0000,2.5,-0.0,0.0,0.28983176853935433
1785524996718472900,1,-0.0000,2.5,-0.0,0.0,0.28983176853935433
1785524996738439300,1,-0.0000,2.5,-0.0,0.0,0.28983176853935433
1785524996757976500,1,-0.0000,1.895338000067568,-0.0,0.0,0.28983176853935433
1785524996778168700,1,-0.0000,1.3051179999820306,-0.0,0.0,0.28983176853935433
1785524996797900700,1,-0.0000,0.6976180000492604,-0.0,0.0,0.28983176853935433
1785524996818537900,1,-0.0000,0.0954700000511366,-0.0,0.0,0.28983176853935433
1785524996838872700,1,-0.0000,-0.0,-0.0,0.0,0.28983176853935433
1785524996858374500,1,-0.0000,-0.0,-0.0,0.0,0.28983176853935433
1785524996877772500,1,-0.0000,-0.0,-0.0,0.0,0.28983176853935433
1785524996898924200,1,-0.0000,-0.0,-0.0,0.0,0.28983176853935433
1785524996918548300,1,-0.0000,-0.0,-0.0,0.0,0.28983176853935433
1785524996938304400,1,-0.0000,-0.0,-0.0,0.0,0.28983176853935433
1785524996958430400,1,-0.0000,-0.0,-0.0,0.0,0.28983176853935433
1785524996978326600,1,-0.0000,-0.0,-0.0,0.0,0.28983176853935433
1785524996998094200,1,-0.0000,-0.0,-0.0,0.0,0.28983176853935433
1785524997019159400,1,-0.0000,-0.0,-0.0,0.0,0.28983176853935433
1785524997038615000,1,-0.0000,-0.0,-0.0,0.0,0.28983176853935433
1785524997058032600,1,-0.0000,-0.0,-0.0,0.0,0.28983176853935433
1785524997078381600,1,-0.0000,-0.0,-0.0,0.0,0.28983176853935433
1785524997098068000,1,-0.0000,-0.0,-0.0,0.0,0.28983176853935433
1785524997117728900,1,-0.0000,-0.0,-0.0,0.0,0.28983176853935433
1785524997138795100,1,-0.0000,-0.0,-0.0,0.0,0.28983176853935433
1785524997158535900,1,-0.0000,-0.0,-0.0,0.0,0.28983176853935433
1785524997178520500,1,-0.0000,-0.0,-0.0,0.0,0.28983176853935433
1785524997198549300,1,-0.0000,-0.0,-0.0,0.0,0.28983176853935433
1785524997217935100,1,-0.0000,-0.0,-0.0,0.0,0.28983176853935433
1785524997238473600,1,-0.0000,-0.0,-0.0,0.0,0.28983176853935433
1785524997257698500,1,-0.0000,-0.0,-0.0,0.0,0.28983176853935433
1785524997278500400,1,-0.0000,-0.0,-0.0,0.0,0.28983176853935433
1785524997297865600,1,-0.0000,-0.0,-0.0,0.0,0.28983176853935433
1785524997318438800,1,-0.3528,-0.0,-0.0,0.0,0.28983176853935433
1785524997337612700,1,-0.6399,-0.0,-0.0,0.0,0.28983176853935433
1785524997358726400,1,-0.8093,-0.0,-0.0,0.0,0.28983176853935433
1785524997378393400,1,-0.8969,-0.0,-0.0,0.0,0.28983176853935433
1785524997398274800,1,-0.9136,-0.0,-0.0,0.0,0.28983176853935433
1785524997418099300,1,-0.8974,-0.0,-0.0,0.0,0.28983176853935433
1785524997438197200,1,-0.8714,-0.0,-0.0,0.0,0.28983176853935433
1785524997457603200,1,-0.8592,-0.0,-0.0,0.0,0.28983176853935433
1785524997477711400,1,-0.8507,-0.0,-0.0,0.0,0.28983176853935433
1785524997498168800,1,-0.8308,-0.0,-0.0,0.0,0.28983176853935433
1785524997517984500,1,-0.8216,-0.0,-0.0,0.0,0.28983176853935433
1785524997538141900,1,-0.8075,-0.0,-0.0,0.0,0.28983176853935433
1785524997558330400,1,-0.7872,-0.0,-0.0,0.0,0.28983176853935433
1785524997578031500,1,-0.7817,-0.0,-0.0,0.0,0.28983176853935433
1785524997598769900,1,-0.7785,-0.0,-0.0,0.0,0.28983176853935433
1785524997618533600,1,-0.7786,-0.0,-0.0,0.0,0.28983176853935433
1785524997638552200,1,-0.7739,-0.0,-0.0,0.0,0.28983176853935433
1785524997658050900,1,-0.7658,-0.0,-0.0,0.0,0.28983176853935433
1785524997677744100,1,-0.7293,-0.0,-0.0,0.0,0.28983176853935433
1785524997698969500,1,-0.7043,-0.0,-0.0,0.0,0.28983176853935433
1785524997718437600,1,-0.6902,-0.0,-0.0,0.0,0.28983176853935433
1785524997737892300,1,-0.6794,-0.0,-0.0,0.0,0.28983176853935433
1785524997758031800,1,-0.6767,-0.0,-0.0,0.0,0.28983176853935433
1785524997779033000,1,-0.6778,-0.0,-0.0,0.0,0.28983176853935433
1785524997798482100,1,-0.6775,-0.0,-0.0,0.0,0.28983176853935433
1785524997818040500,1,-0.6775,-0.0,-0.0,0.0,0.28983176853935433
1785524997838456000,1,-0.6775,-0.0,-0.0,0.0,0.28983176853935433
1785524997857846000,1,-0.6775,-0.0,-0.0,0.0,0.28983176853935433
1785524997878565500,1,-0.6775,-0.0,-0.0,0.0,0.28983176853935433
1785524997898039800,1,-0.6776,-0.0,-0.0,0.0,0.28983176853935433
1785524997918444600,1,-0.6776,-0.0,-0.0,0.0,0.28983176853935433
1785524997938692200,1,-0.6776,-0.0,-0.0,0.0,0.28983176853935433
1785524997957763900,1,-0.6776,-0.0,-0.0,0.0,0.28983176853935433
1785524997978164200,1,-0.6777,-0.0,-0.0,0.0,0.28983176853935433
1785524997997891300,1,-0.6777,-0.0,-0.0,0.0,0.28983176853935433
1785524998018782900,1,-0.6777,-0.0,-0.0,0.0,0.28983176853935433
1785524998037680500,1,-0.6778,-0.0,-0.0,0.0,0.28983176853935433
1785524998057669400,1,-0.6778,-0.0,-0.0,0.0,0.28983176853935433
1785524998078036900,1,-0.6779,-0.0,-0.0,0.0,0.28983176853935433
1785524998098931100,1,-0.6779,-0.0,-0.0,0.0,0.28983176853935433
1785524998117809200,1,-0.6779,-0.0,-0.0,0.0,0.28983176853935433
1785524998138235100,1,-0.6780,-0.0,-0.0,0.0,0.28983176853935433
1785524998157979700,1,-0.6780,-0.0,-0.0,0.0,0.28983176853935433
1785524998178589700,1,-0.6781,-0.0,-0.0,0.0,0.28983176853935433
1785524998198220000,1,-0.6781,-0.0,-0.0,0.0,0.28983176853935433
1785524998218679500,1,-0.6781,-0.0,-0.0,0.0,0.28983176853935433
1785524998237947800,1,-0.6782,-0.0,-0.0,0.0,0.28983176853935433
1785524998257621800,1,-0.6782,-0.0,-0.0,0.0,0.28983176853935433
1785524998277906300,1,-0.6783,-0.0,-0.0,0.0,0.28983176853935433
1785524998298176600,1,-0.6783,-0.0,-0.0,0.0,0.28983176853935433
1785524998317639900,1,-0.6783,-0.0,-0.0,0.0,0.28983176853935433
1785524998337885700,1,-0.6783,-0.0,-0.0,0.0,0.28983176853935433
1785524998358459500,1,-0.6784,-0.0,-0.0,0.0,0.28983176853935433
1785524998378704700,1,-0.6784,-0.0,-0.0,0.0,0.28983176853935433
1785524998397976100,1,-0.6785,-0.0,-0.0,0.0,0.28983176853935433
1785524998417917100,1,-0.6785,-0.0,-0.0,0.0,0.28983176853935433
1785524998437920400,1,-0.6786,-0.0,-0.0,0.0,0.28983176853935433
1785524998458160500,1,-0.6786,-0.0,-0.0,0.0,0.28983176853935433
1785524998478515000,1,-0.6787,-0.0,-0.0,0.0,0.28983176853935433
1785524998498673000,1,-0.6787,-0.0,-0.0,0.0,0.28983176853935433
1785524998518035200,1,-0.6787,-0.0,-0.0,0.0,0.28983176853935433
1785524998538581200,1,-0.6788,-0.0,-0.0,0.0,0.28983176853935433
1785524998558350800,1,-0.6788,-0.0,-0.0,0.0,0.28983176853935433
1785524998578172600,1,-0.6789,-0.0,-0.0,0.0,0.28983176853935433
1785524998598081700,1,-0.6789,-0.0,-0.0,0.0,0.28983176853935433
1785524998618823900,1,-0.6790,-0.0,-0.0,0.0,0.28983176853935433
1785524998638583400,1,-0.6790,-0.0,-0.0,0.0,0.28983176853935433
1785524998657637000,1,-0.6790,-0.0,-0.0,0.0,0.28983176853935433
1785524998677797400,1,-0.6791,-0.0,-0.0,0.0,0.28983176853935433
1785524998698256600,1,-0.6791,-0.0,-0.0,0.0,0.28983176853935433
1785524998718108400,1,-0.6792,-0.0,-0.0,0.0,0.28983176853935433
1785524998738521900,1,-0.6792,-0.0,-0.0,0.0,0.28983176853935433
1785524998758554300,1,-0.6792,-0.0,-0.0,0.0,0.28983176853935433
1785524998778947800,1,-0.6793,-0.0,-0.0,0.0,0.28983176853935433
1785524998797616100,1,-0.6793,-0.0,-0.0,0.0,0.28983176853935433
1785524998818381800,1,-0.6793,-0.0,-0.0,0.0,0.28983176853935433
1785524998837847100,1,-0.6794,-0.0,-0.0,0.0,0.28983176853935433
1785524998857753000,1,-0.6794,-0.0,-0.0,0.0,0.28983176853935433
1785524998878139000,1,-0.6795,-0.0,-0.0,0.0,0.28983176853935433
1785524998897772600,1,-0.6795,-0.0,-0.0,0.0,0.28983176853935433
1785524998918791900,1,-0.6795,-0.0,-0.0,0.0,0.28983176853935433
1785524998937955100,1,-0.6796,-0.0,-0.0,0.0,0.28983176853935433
1785524998957613000,1,-0.6796,-0.0,-0.0,0.0,0.28983176853935433
1785524998978261100,1,-0.6797,-0.0,-0.0,0.0,0.28983176853935433
1785524998998559600,1,-0.6797,-0.0,-0.0,0.0,0.28983176853935433
1785524999018281900,1,-0.6798,-0.0,-0.0,0.0,0.28983176853935433
1785524999038772500,1,-0.6798,-0.0,-0.0,0.0,0.28983176853935433
1785524999057851900,1,-0.6798,-0.0,-0.0,0.0,0.28983176853935433
1785524999078146100,1,-0.6799,-0.0,-0.0,0.0,0.28983176853935433
1785524999098016300,1,-0.6800,-0.0,-0.0,0.0,0.28983176853935433
1785524999118586500,1,-0.6799,-0.0,-0.0,0.0,0.28983176853935433
1785524999138248600,1,-0.6800,-0.0,-0.0,0.0,0.28983176853935433
1785524999158004100,1,-0.6801,-0.0,-0.0,0.0,0.28983176853935433
1785524999178438700,1,-0.6801,-0.0,-0.0,0.0,0.28983176853935433
1785524999197648200,1,-0.6801,-0.0,-0.0,0.0,0.28983176853935433
1785524999217651100,1,-0.6802,-0.0,-0.0,0.0,0.28983176853935433
1785524999238279700,1,-0.6802,-0.0,-0.0,0.0,0.28983176853935433
1785524999258021200,1,-0.6803,-0.0,-0.0,0.0,0.28983176853935433
1785524999278580600,1,-0.6803,-0.0,-0.0,0.0,0.28983176853935433
1785524999297707600,1,-0.6804,-0.0,-0.0,0.0,0.28983176853935433
1785524999318575200,1,-0.6804,-0.0,-0.0,0.0,0.28983176853935433
1785524999338585200,1,-0.6804,-0.0,-0.0,0.0,0.28983176853935433
1785524999357749200,1,-0.6805,-0.0,-0.0,0.0,0.28983176853935433
1785524999378554200,1,-0.6805,-0.0,-0.0,0.0,0.28983176853935433
1785524999398194000,1,-0.6806,-0.0,-0.0,0.0,0.28983176853935433
1785524999418115300,1,-0.6806,-0.0,-0.0,0.0,0.28983176853935433
1785524999438188900,1,-0.6806,-0.0,-0.0,0.0,0.28983176853935433
1785524999458090100,1,-0.6806,-0.0,-0.0,0.0,0.28983176853935433
1785524999478159000,1,-0.6807,-0.0,-0.0,0.0,0.28983176853935433
1785524999497642500,1,-0.6807,-0.0,-0.0,0.0,0.28983176853935433
1785524999518442300,1,-0.6808,-0.0,-0.0,0.0,0.28983176853935433
1785524999538074500,1,-0.6808,-0.0,-0.0,0.0,0.28983176853935433
1785524999558896100,1,-0.6809,-0.0,-0.0,0.0,0.28983176853935433
1785524999577879400,1,-0.6809,-0.0,-0.0,0.0,0.28983176853935433
1785524999598381500,1,-0.6810,-0.0,-0.0,0.0,0.28983176853935433
1785524999618166600,1,-0.6810,-0.0,-0.0,0.0,0.28983176853935433
1785524999638564000,1,-0.6810,-0.0,-0.0,0.0,0.28983176853935433
1785524999658430500,1,-0.6811,-0.0,-0.0,0.0,0.28983176853935433
1785524999678179900,1,-0.6811,-0.0,-0.0,0.0,0.28983176853935433
1785524999698594100,1,-0.6812,-0.0,-0.0,0.0,0.28983176853935433
1785524999718408100,1,-0.6812,-0.0,-0.0,0.0,0.28983176853935433
1785524999737700500,1,-0.6813,-0.0,-0.0,0.0,0.28983176853935433
1785524999758080400,1,-0.6813,-0.0,-0.0,0.0,0.28983176853935433
1785524999778570900,1,-0.6814,-0.0,-0.0,0.0,0.28983176853935433
1785524999798204300,1,-0.6814,-0.0,-0.0,0.0,0.28983176853935433
1785524999817890600,1,-0.6814,-0.0,-0.0,0.0,0.28983176853935433
1785524999838043500,0,-0.6815,-0.0,-0.0,0.0,0.28983176853935433
1785524999858132100,0,-0.6815,-0.0,-0.0,0.0,0.28983176853935433
1785524999878532700,0,-0.6762,-0.0,-0.0,0.0,0.28983176853935433
1785524999897647400,0,-0.6762,-0.0,-0.0,0.0,0.28983176853935433
1785524999917870100,0,-0.6760,-0.0,-0.0,0.0,0.28983176853935433
1785524999938787700,0,-0.6770,-0.0,-0.0,0.0,0.28983176853935433
1785524999957991000,0,-0.6772,-0.0,-0.0,0.0,0.28983176853935433
1785524999978415600,0,-0.6746,-0.0,-0.0,0.0,0.28983176853935433
1785524999998042600,0,-0.6746,-0.0,-0.0,0.0,0.28983176853935433
1785525000018550400,0,-0.6717,-0.0,-0.0,0.0,0.28983176853935433
1785525000038076900,0,-0.6721,-0.0,-0.0,0.0,0.28983176853935433
1785525000058502200,0,-0.6727,-0.0,-0.0,0.0,0.28983176853935433
1785525000077773300,0,-0.6741,-0.0,-0.0,0.0,0.28983176853935433
1785525000098545500,0,-0.6741,-0.0,-0.0,0.0,0.28983176853935433
1785525000118544700,0,-0.6740,-0.0,-0.0,0.0,0.28983176853935433
1785525000137944100,0,-0.6737,-0.0,-0.0,0.0,0.28983176853935433
1785525000158489100,0,-0.6736,-0.0,-0.0,0.0,0.28983176853935433
1785525000178283100,0,-0.6735,-0.0,-0.0,0.0,0.28983176853935433
1785525000197849700,0,0.0000,-0.0,-0.0,0.0,0.0
1785525000218434800,0,-0.0001,-0.0,-0.0,0.0,0.0
1785525000238735400,0,-0.0001,-0.0,-0.0,0.0,0.0
1785525000258029300,0,-0.0000,-0.0,-0.0,0.0,0.0
1785525000278180000,0,0.0015,-0.0,-0.0,0.0,0.0
1785525000297874500,0,0.0080,-0.0,-0.0,0.0,0.0
1785525000317782000,0,0.0073,-0.0,-0.0,0.0,0.0
1785525000338055800,0,0.0044,-0.0,-0.0,0.0,0.0
1785525000358776700,0,0.0009,-0.0,-0.0,0.0,0.0
1785525000378002100,0,-0.0032,-0.0,-0.0,0.0,0.0
1785525000397927400,0,-0.0032,-0.0,-0.0,0.0,0.0
1785525000417857500,0,0.0040,-0.0,-0.0,0.0,0.0
1785525000438053300,0,0.0012,-0.0,-0.0,0.0,0.0
1785525000457784900,0,0.0004,-0.0,-0.0,0.0,0.0
1785525000477741000,0,-0.0021,-0.0,-0.0,0.0,0.0
1785525000497903800,0,-0.0071,-0.0,-0.0,0.0,0.0
1785525000517951900,0,-0.0108,-0.0,-0.0,0.0,0.0
1785525000538835100,0,-0.0149,-0.0,-0.0,0.0,0.0
1785525000558118200,0,-0.0170,-0.0,-0.0,0.0,0.0
1785525000578028100,0,-0.0192,-0.0,-0.0,0.0,0.0
1785525000598368000,0,-0.0188,-0.0,-0.0,0.0,0.0
1785525000618070400,0,-0.0181,-0.0,-0.0,0.0,0.0
1785525000637725700,0,-0.0162,-0.0,-0.0,0.0,0.0
1785525000658764200,0,-0.0148,-0.0,-0.0,0.0,0.0
1785525000678364300,0,-0.0108,-0.0,-0.0,0.0,0.0
1785525000698581700,0,-0.0108,-0.0,-0.0,0.0,0.0
1785525000717930900,0,-0.0108,-0.0,-0.0,0.0,0.0
1785525000738110000,0,-0.0108,-0.0,-0.0,0.0,0.0
1785525000757948600,0,-0.0108,-0.0,-0.0,0.0,0.0
1785525000779034400,0,-0.0108,-0.0,-0.0,0.0,0.0
1785525000798125700,0,-0.0108,-0.0,-0.0,0.0,0.0
1785525000818549300,0,-0.0108,-0.0,-0.0,0.0,0.0
1785525000838451000,0,-0.0108,-0.0,-0.0,0.0,0.0
1785525000858530400,0,-0.0108,-0.0,-0.0,0.0,0.0
1785525000878246000,0,-0.0108,-0.0,-0.0,0.0,0.0
1785525000897981600,0,-0.0108,-0.0,-0.0,0.0,0.0
1785525000918256300,0,-0.0108,-0.0,-0.0,0.0,0.0
1785525000938358100,0,-0.0108,-0.0,-0.0,0.0,0.0
1785525000957639300,0,-0.0108,-0.0,-0.0,0.0,0.0
1785525000977978200,0,-0.0108,-0.0,-0.0,0.0,0.0
1785525000998466800,0,-0.0108,-0.0,-0.0,0.0,0.0
1785525001018006600,0,-0.0108,-0.0,-0.0,0.0,0.0
1785525001038387700,0,-0.0108,-0.0,-0.0,0.0,0.0
1785525001058317500,1,-0.0108,-0.0,-0.0,0.0,0.0
1785525001078467000,1,-0.0107,-0.0,-0.0,0.0,0.0
1785525001097695100,1,-0.0108,-0.0,-0.0,0.0,0.0
1785525001118845900,1,-0.0108,-0.0,-0.0,0.0,0.0
1785525001138270000,1,-0.0108,-0.0,-0.0,0.0,0.0
1785525001157788500,1,-0.0108,-0.0,-0.0,0.0,0.0
1785525001178077500,1,-0.0108,-0.0,-0.0,0.0,0.0
1785525001198442900,1,-0.0108,-0.0,-0.0,0.0,0.0
1785525001218039500,1,-0.0108,-0.0,-0.0,0.0,0.0
1785525001238071700,1,-0.0108,-0.0,-0.0,0.0,0.0
1785525001258737500,1,-0.0108,-0.0,-0.0,0.0,0.0
1785525001278432100,1,-0.0108,-0.0,-0.0,0.0,0.0
1785525001297629100,1,-0.0108,-0.0,-0.0,0.0,0.0
1785525001318324500,1,-0.0108,-0.0,-0.0,0.0,0.0
1785525001338094000,1,-0.0108,-0.0,-0.0,0.0,0.0
1785525001358388000,1,-0.0108,-0.0,-0.0,0.0,0.0
1785525001377857100,1,-0.0108,-0.0,-0.0,0.0,0.0
1785525001398143500,1,-0.0108,-0.0,-0.0,0.0,0.0
1785525001418090200,1,-0.0108,-0.0,-0.0,0.0,0.0
1785525001438430100,1,-0.0108,-0.0,-0.0,0.0,0.0
1785525001458504700,1,-0.0108,-0.0,-0.0,0.0,0.0
1785525001478025400,1,-0.0108,-0.0,-0.0,0.0,0.0
1785525001498393900,1,-0.0108,-0.0,-0.0,0.0,0.0
1785525001518073200,1,-0.0108,-0.0,-0.0,0.0,0.0
1785525001538406800,1,-0.0108,-0.0,-0.0,0.0,0.0
1785525001558276900,1,-0.0108,-0.0,-0.0,0.0,0.0
1785525001578492900,1,-0.0108,-0.0,-0.0,0.0,0.0
1785525001598144900,1,-0.0108,-0.0,-0.0,0.0,0.0
1785525001617965100,1,-0.0108,-0.0,-0.0,0.0,0.0
1785525001638693700,1,-0.0108,-0.0,-0.0,0.0,0.0
1785525001658587700,1,-0.0108,-0.0,-0.0,0.0,0.0
1785525001678243000,1,-0.0108,-0.0,-0.0,0.0,0.0
1785525001697978200,1,-0.0108,-0.0,-0.0,0.0,0.0
1785525001718289900,1,-0.0108,-0.0,-0.0,0.0,0.0
1785525001737763900,1,-0.0108,-0.0,-0.0,0.0,0.0
1785525001758322400,1,-0.0108,-0.0,-0.0,0.0,0.0
1785525001777882000,1,-0.0108,-0.0,-0.0,0.0,0.0
1785525001798079500,1,-0.0108,-0.0,-0.0,0.0,0.0
1785525001818199700,1,-0.0108,-0.0,-0.0,0.0,0.0
1785525001838528000,1,-0.0108,-0.0,-0.0,0.0,0.0
1785525001858270600,1,-0.0108,-0.0,-0.0,0.0,0.0
1785525001878488500,1,-0.0108,-0.0,-0.0,0.0,0.0
1785525001898526700,1,-0.0108,-0.0,-0.0,0.0,0.0
1785525001917780000,1,-0.0108,-0.0,-0.0,0.0,0.0
1785525001938677300,1,-0.0108,-0.0,-0.0,0.0,0.0
1785525001957893600,1,-0.0108,-0.0,-0.0,0.0,0.0
1785525001978280000,1,-0.0108,-0.0,-0.0,0.0,0.0
1785525001998634800,1,-0.0108,-0.0,-0.0,0.0,0.0
1785525002018170200,1,-0.0108,-0.0,-0.0,0.0,0.0
1785525002037747900,1,-0.0108,-0.0,-0.0,0.0,0.0
1785525002057635900,1,-0.0108,-0.0,-0.0,0.0,0.0
1785525002078119600,1,-0.0108,-0.0,-0.0,0.0,0.0
1785525002098472900,1,-0.0108,-0.0,-0.0,0.0,0.0
1785525002118082100,1,-0.0108,-0.0,-0.0,0.0,0.0
1785525002137730900,1,-0.0108,-0.0,-0.0,0.0,0.0
1785525002158353800,1,-0.0108,-0.0,-0.0,0.0,0.0
1785525002177820900,1,-0.0108,-0.0,-0.0,0.0,0.0
1785525002198241400,1,-0.0108,-0.0,-0.0,0.0,0.0
1785525002218017600,1,-0.0108,-0.0,-0.0,0.0,0.0
1785525002238250700,1,-0.0108,-0.0,-0.0,0.0,0.0
1785525002257974100,1,-0.0108,-0.0,-0.0,0.0,0.0
1785525002278215000,1,-0.0108,-0.0,-0.0,0.0,0.0
1785525002297718600,1,-0.0108,-0.0,-0.0,0.0,0.0
1785525002317985900,1,-0.0108,-0.0,-0.0,0.0,0.0
1785525002338180800,1,-0.0108,-0.0,-0.0,0.0,0.0
1785525002357847900,1,-0.0108,-0.0,-0.0,0.0,0.0
1785525002378307600,1,-0.0108,-0.0,-0.0,0.0,0.0
1785525002398060500,1,-0.0108,-0.0,-0.0,0.0,0.0
1785525002418844600,1,-0.0108,-0.0,-0.0,0.0,0.0
1785525002438011100,1,-0.0108,-0.0,-0.0,0.0,0.0
1785525002457896600,1,-0.0108,-0.0,-0.0,0.0,0.0
1785525002478646400,1,-0.0108,-0.0,-0.0,0.0,0.0
1785525002498503100,1,-0.0108,-0.0,-0.0,0.0,0.0
1785525002518252000,1,-0.0108,-0.0,-0.0,0.0,0.0
1785525002537831500,1,-0.0108,-0.0,-0.0,0.0,0.0
1785525002558275700,1,-0.0108,-0.0,-0.0,0.0,0.0
1785525002577861000,1,-0.0108,-0.0,-0.0,0.0,0.0
1785525002598569600,1,-0.0108,-0.0,-0.0,0.0,0.0
1785525002617835800,1,-0.0108,-0.0,-0.0,0.0,0.0
1785525002638142900,1,-0.0108,-0.0,-0.0,0.0,0.0
1785525002658602200,1,-0.0108,-0.0,-0.0,0.0,0.0
1785525002677778100,1,-0.0108,-0.0,-0.0,0.0,0.0
1785525002697994200,1,-0.0108,-0.0,-0.0,0.0,0.0
1785525002717984200,1,-0.0108,-0.0,-0.0,0.0,0.0
1785525002738778100,1,-0.0108,-0.0,-0.0,0.0,0.0
1785525002758467800,1,-0.0108,-0.0,-0.0,0.0,0.0
1785525002778021500,1,-0.0108,-0.0,-0.0,0.0,0.0
1785525002798098500,1,-0.0108,-0.0,-0.0,0.0,0.0
1785525002818547200,1,-0.0108,-0.0,-0.0,0.0,0.0
1785525002837937500,1,-0.0108,-0.0,-0.0,0.0,0.0
1785525002857665100,1,-0.0108,-0.0,-0.0,0.0,0.0
1785525002878601300,1,-0.0108,-0.0,-0.0,0.0,0.0
1785525002898568900,1,-0.0108,-0.0,-0.0,0.0,0.0
1785525002918444600,1,-0.0108,-0.0,-0.0,0.0,0.0
1785525002937690300,1,-0.0108,-0.0,-0.0,0.0,0.0
1785525002958432600,1,-0.0108,-0.0,-0.0,0.0,0.0
1785525002977674100,1,-0.0108,-0.0,-0.0,0.0,0.0
1785525002998555900,1,-0.0108,-0.0,-0.0,0.0,0.0
1785525003017667000,1,-0.0108,-0.0,-0.0,0.0,0.0
1785525003037827000,1,-0.0108,-0.0,-0.0,0.0,0.0
1785525003057675200,1,-0.0108,-0.0,-0.0,0.0,0.0
1785525003078224700,1,-0.0108,-0.0,-0.0,0.0,0.0
1785525003098969500,1,-0.0108,-0.0,-0.0,0.0,0.0
1785525003118059100,1,-0.0108,-0.0,-0.0,0.0,0.0
1785525003138660000,1,-0.0108,-0.0,-0.0,0.0,0.0
1785525003158050800,1,-0.0108,-0.0,-0.0,0.0,0.0
1785525003177802600,1,-0.0108,-0.0,-0.0,0.0,0.0
1785525003197855800,1,-0.0108,-0.0,-0.0,0.0,0.0
1785525003217895800,1,-0.0108,-0.0,-0.0,0.0,0.0
1785525003238632900,1,-0.0108,-0.0,-0.0,0.0,0.0
1785525003257685900,1,-0.0108,-0.0,-0.0,0.0,0.0
1785525003278664400,1,-0.0108,-0.0,-0.0,0.0,0.0
1785525003297799800,1,-0.0108,-0.0,-0.0,0.0,0.0
1785525003318527600,1,-0.0108,-0.0,-0.0,0.0,0.0
1785525003337858200,1,-0.0108,-0.0,-0.0,0.0,0.0
1785525003358627700,1,-0.0108,-0.0,-0.0,0.0,0.0
1785525003377730600,1,-0.0108,-0.0,-0.0,0.0,0.0
1785525003398363200,1,-0.0108,-0.0,-0.0,0.0,0.0
1785525003417825200,1,-0.0108,-0.0,-0.0,0.0,0.0
1785525003438142400,1,-0.0108,-0.0,-0.0,0.0,0.0
1785525003458407900,1,-0.0108,-0.0,-0.0,0.0,0.0
1785525003477833400,1,-0.0108,-0.0,-0.0,0.0,0.0
1785525003497824200,1,-0.0108,-0.0,-0.0,0.0,0.0
1785525003517945300,1,-0.0108,-0.0,-0.0,0.0,0.0
1785525003538480400,1,-0.0108,-0.0,-0.0,0.0,0.0
1785525003557868300,1,-0.0108,-0.0,-0.0,0.0,0.0
1785525003578363900,1,-0.0108,-0.0,-0.0,0.0,0.0
1785525003597779900,1,-0.0108,-0.0,-0.0,0.0,0.0
1785525003617720400,1,-0.0108,-0.0,-0.0,0.0,0.0
1785525003638369000,1,-0.0108,-0.0,-0.0,0.0,0.0
1785525003657979000,1,-0.0108,-0.0,-0.0,0.0,0.0
1785525003678310400,1,-0.0108,-0.0,-0.0,0.0,0.0
1785525003697617400,1,-0.0108,-0.0,-0.0,0.0,0.0
1785525003717734000,1,-0.0108,-0.0,-0.0,0.0,0.0
1785525003737621400,1,-0.0108,-0.0,-0.0,0.0,0.0
1785525003758390600,1,-0.0108,-0.0,-0.0,0.0,0.0
1785525003778395100,1,-0.0108,-0.0,-0.0,0.0,0.0
1785525003798460000,1,-0.0108,-0.0,-0.0,0.0,0.0
1785525003818097400,1,-0.0108,-0.0,-0.0,0.0,0.0
1785525003837888200,1,-0.0108,-0.0,-0.0,0.0,0.0
1785525003858157400,1,-0.0108,-0.0,-0.0,0.0,0.0
1785525003878667700,1,-0.0108,-0.0,-0.0,0.0,0.0
1785525003897979500,1,-0.0108,-0.0,-0.0,0.0,0.0
1785525003918287400,1,-0.0108,-0.0,-0.0,0.0,0.0
1785525003938042900,1,-0.0108,-0.0,-0.0,0.0,0.0
1785525003958599400,1,-0.0108,-0.0,-0.0,0.0,0.0
1785525003978085500,1,-0.0108,-0.0,-0.0,0.0,0.0
1785525003998397700,1,-0.0108,-0.0,-0.0,0.0,0.0
1785525004018019800,1,-0.0108,-0.0,-0.0,0.0,0.0
1785525004038866200,1,-0.0108,-0.0,-0.0,0.0,0.0
1785525004057960200,1,-0.0108,-0.0,-0.0,0.0,0.0
1785525004078370800,1,-0.0108,-0.0,-0.0,0.0,0.0
1785525004098068600,1,-0.0108,-0.0,-0.0,0.0,0.0
1785525004118413700,1,-0.0108,-0.0,-0.0,0.0,0.0
1785525004137784500,1,-0.0108,-0.0,-0.0,0.0,0.0
1785525004158244900,1,-0.0108,-0.0,-0.0,0.0,0.0
1785525004177947200,1,-0.0108,-0.0,-0.0,0.0,0.0
1785525004198464300,1,-0.0108,-0.0,-0.0,0.0,0.0
1785525004217932700,1,-0.0108,-0.0,-0.0,0.0,0.0
1785525004238362300,1,-0.0108,-0.0,-0.0,0.0,0.0
1785525004257925500,1,-0.0108,-0.0,-0.0,0.0,0.0
1785525004277887700,1,-0.0108,-0.0,-0.0,0.0,0.0
1785525004298410400,1,-0.0108,-0.0,-0.0,0.0,0.0
1785525004318097800,1,-0.0108,-0.0,-0.0,0.0,0.0
1785525004338694100,1,-0.0108,-0.0,-0.0,0.0,0.0
1785525004357694400,1,-0.0108,-0.0,-0.0,0.0,0.0
1785525004377632100,1,-0.0108,-0.0,-0.0,0.0,0.0
1785525004398581000,1,-0.0108,-0.0,-0.0,0.0,0.0
1785525004418420700,1,-0.0108,-0.0,-0.0,0.0,0.0
1785525004437815300,1,-0.0108,-0.0,-0.0,0.0,0.0
1785525004457748000,1,-0.0108,-0.0,-0.0,0.0,0.0
1785525004478911700,1,-0.0108,-0.0,-0.0,0.0,0.0
1785525004498421700,1,-0.0108,-0.0,-0.0,0.0,0.0
1785525004518227300,1,-0.0108,-0.0,-0.0,0.0,0.0
1785525004537840600,1,-0.0108,-0.0,-0.0,0.0,0.0
1785525004558561500,1,-0.0108,-0.0,-0.0,0.0,0.0
1785525004577724500,1,-0.0108,-0.0,-0.0,0.0,0.0
1785525004598392500,1,-0.0108,-0.0,-0.0,0.0,0.0
1785525004617800900,1,-0.0108,-0.0,-0.0,0.0,0.0
1785525004638592900,1,-0.0108,-0.0,-0.0,0.0,0.0
1785525004657621700,1,-0.0108,-0.0,-0.0,0.0,0.0
1785525004678492600,1,-0.0108,-0.0,-0.0,0.0,0.0
1785525004697924800,1,-0.0108,-0.0,-0.0,0.0,0.0
1785525004718366100,1,-0.0108,-0.0,-0.0,0.0,0.0
1785525004738458500,1,-0.0108,-0.0,-0.0,0.0,0.0
1785525004757624700,1,-0.0108,-0.0,-0.0,0.0,0.0
1785525004777975400,1,-0.0108,-0.0,-0.0,0.0,0.0
1785525004797831100,1,-0.0108,-0.0,-0.0,0.0,0.0
1785525004817686900,1,-0.0108,-0.0,-0.0,0.0,0.0
1785525004837825100,1,-0.0108,-0.0,-0.0,0.0,0.0
1785525004857732300,1,-0.0108,-0.0,-0.0,0.0,0.0
1785525004877640600,1,-0.0108,-0.0,-0.0,0.0,0.0
1785525004898491600,1,-0.0108,-0.0,-0.0,0.0,0.0
1785525004917752500,1,-0.0108,-0.0,-0.0,0.0,0.0
1785525004938486500,1,-0.0108,-0.0,-0.0,0.0,0.0
1785525004957733800,1,-0.0108,-0.0,-0.0,0.0,0.0
1785525004978060600,1,-0.0108,-0.0,-0.0,0.0,0.0
1785525004998604000,1,-0.0108,-0.0,-0.0,0.0,0.0
1785525005018271100,1,-0.0108,-0.0,-0.0,0.0,0.0
1785525005037631500,1,-0.0108,-0.0,-0.0,0.0,0.0
1785525005057844100,1,-0.0108,-0.0,-0.0,0.0,0.0
1785525005078480900,1,-0.0108,-0.0,-0.0,0.0,0.0
1785525005098314100,1,-0.0108,-0.0,-0.0,0.0,0.0
1785525005117942700,1,-0.0108,-0.0,-0.0,0.0,0.0
1785525005138252100,1,-0.0108,-0.0,-0.0,0.0,0.0
1785525005158202300,1,-0.0108,-0.0,-0.0,0.0,0.0
1785525005178088900,1,-0.0108,-0.0,-0.0,0.0,0.0
1785525005198434400,1,-0.0108,-0.0,-0.0,0.0,0.0
1785525005218096200,1,-0.0108,-0.0,-0.0,0.0,0.0
1785525005238448800,1,-0.0108,-0.0,-0.0,0.0,0.0
1785525005258209800,1,-0.0108,-0.0,-0.0,0.0,0.0
1785525005278242100,1,-0.0108,-0.0,-0.0,0.0,0.0
1785525005298433000,1,-0.0108,-0.0,-0.0,0.0,0.0
1785525005318128400,1,-0.0108,-0.0,-0.0,0.0,0.0
1785525005338317000,1,-0.0108,-0.0,-0.0,0.0,0.0
1785525005358486500,1,-0.0108,-0.0,-0.0,0.0,0.0
1785525005378573000,1,-0.0108,-0.0,-0.0,0.0,0.0
1785525005398456300,1,-0.0108,-0.0,-0.0,0.0,0.0
1785525005418350700,1,-0.0108,-0.0,-0.0,0.0,0.0
1785525005438365600,1,-0.0108,-0.0,-0.0,0.0,0.0
1785525005457990600,1,-0.0108,-0.0,-0.0,0.0,0.0
1785525005478045300,1,-0.0108,-0.0,-0.0,0.0,0.0
1785525005498292600,1,-0.0108,-0.0,-0.0,0.0,0.0
1785525005518049300,1,-0.0108,-0.0,-0.0,0.0,0.0
1785525005538864900,1,-0.0108,-0.0,-0.0,0.0,0.0
1785525005558803600,1,-0.0108,-0.0,-0.0,0.0,0.0
1785525005578571300,1,-0.0108,-0.0,-0.0,0.0,0.0
1785525005598245000,1,-0.0108,-0.0,-0.0,0.0,0.0
1785525005617744700,1,-0.0108,-0.0,-0.0,0.0,0.0
1785525005637944900,1,-0.0108,-0.0,-0.0,0.0,0.0
1785525005658679700,1,-0.0108,-0.0,-0.0,0.0,0.0
1785525005678730000,1,-0.0108,-0.0,-0.0,0.0,0.0
1785525005697869300,1,-0.0108,-0.0,-0.0,0.0,0.0
1785525005718210300,1,-0.0108,-0.0,-0.0,0.0,0.0
1785525005738544300,1,-0.0108,-0.0,-0.0,0.0,0.0
1785525005757898900,1,-0.0108,-0.0,-0.0,0.0,0.0
1785525005778370100,1,-0.0108,-0.0,-0.0,0.0,0.0
1785525005797643700,1,-0.0108,-0.0,-0.0,0.0,0.0
1785525005817640400,1,-0.0108,-0.0,-0.0,0.0,0.0
1785525005837714000,1,-0.0108,-0.0,-0.0,0.0,0.0
1785525005858209700,1,-0.0108,-0.0,-0.0,0.0,0.0
1785525005878015300,1,-0.0108,-0.0,-0.0,0.0,0.0
1785525005898274900,1,-0.0108,-0.0,-0.0,0.0,0.0
1785525005918076600,1,-0.0108,-0.0,-0.0,0.0,0.0
1785525005938594400,1,-0.0108,-0.0,-0.0,0.0,0.0
1785525005958138900,1,-0.0108,-0.0,-0.0,0.0,0.0
1785525005978120800,1,-0.0108,-0.0,-0.0,0.0,0.0
1785525005997684000,1,-0.0108,-0.0,-0.0,0.0,0.0
1785525006018523800,1,-0.0108,-0.0,-0.0,0.0,0.0
1785525006037725100,1,-0.0108,-0.0,-0.0,0.0,0.0
1785525006058533300,1,-0.0108,-0.0,-0.0,0.0,0.0
1785525006077806900,1,-0.0108,-0.0,-0.0,0.0,0.0
1785525006098091400,1,-0.0108,-0.0,-0.0,0.0,0.0
1785525006118267200,1,-0.0108,-0.0,-0.0,0.0,0.0
1785525006137946300,1,-0.0108,-0.0,-0.0,0.0,0.0
1785525006157877700,1,-0.0108,-0.0,-0.0,0.0,0.0
1785525006178396700,1,-0.0108,-0.0,-0.0,0.0,0.0
1785525006198227400,1,-0.0108,-0.0,-0.0,0.0,0.0
1785525006217749200,1,-0.0108,-0.0,-0.0,0.0,0.0
1785525006238011300,1,-0.0108,-0.0,-0.0,0.0,0.0
1785525006258474800,1,-0.0108,-0.0,-0.0,0.0,0.0
1785525006278303700,1,-0.0108,-0.0,-0.0,0.0,0.0
1785525006298387400,1,-0.0108,-0.0,-0.0,0.0,0.0
1785525006318274800,1,-0.0108,-0.0,-0.0,0.0,0.0
1785525006337706800,1,-0.0108,-0.0,-0.0,0.0,0.0
1785525006358084600,1,-0.0108,-0.0,-0.0,0.0,0.0
1785525006378111600,1,-0.0108,-0.0,-0.0,0.0,0.0
1785525006398463800,1,-0.0108,-0.0,-0.0,0.0,0.0
1785525006418396600,1,-0.0108,-0.0,-0.0,0.0,0.0
1785525006437761200,1,-0.0108,-0.0,-0.0,0.0,0.0
1785525006458200000,1,-0.0108,-0.0,-0.0,0.0,0.0
1785525006477751300,1,-0.0108,-0.0,-0.0,0.0,0.0
1785525006498286300,1,-0.0108,-0.0,-0.0,0.0,0.0
1785525006517924100,1,-0.0108,-0.0,-0.0,0.0,0.0
1785525006537768800,1,-0.0108,-0.0,-0.0,0.0,0.0
1785525006558214900,1,-0.0108,-0.0,-0.0,0.0,0.0
1785525006577719400,1,-0.0108,-0.0,-0.0,0.0,0.0
1785525006598503100,1,-0.0108,-0.0,-0.0,0.0,0.0
1785525006618605500,1,-0.0108,-0.0,-0.0,0.0,0.0
1785525006638259400,1,-0.0108,-0.0,-0.0,0.0,0.0
1785525006657698300,1,-0.0108,-0.0,-0.0,0.0,0.0
1785525006678429500,1,-0.0108,-0.0,-0.0,0.0,0.0
1785525006697672800,1,-0.0108,-0.0,-0.0,0.0,0.0
1785525006718487200,1,-0.0108,-0.0,-0.0,0.0,0.0
1785525006737832700,1,-0.0108,-0.0,-0.0,0.0,0.0
1785525006758529600,1,-0.0108,-0.0,-0.0,0.0,0.0
1785525006777705500,1,-0.0108,-0.0,-0.0,0.0,0.0
1785525006797612100,1,-0.0108,-0.0,-0.0,0.0,0.0
1785525006817651100,1,-0.0108,-0.0,-0.0,0.0,0.0
1785525006838480200,1,-0.0108,-0.0,-0.0,0.0,0.0
1785525006858042200,1,-0.0108,-0.0,-0.0,0.0,0.0
1785525006878875900,1,-0.0108,-0.0,-0.0,0.0,0.0
1785525006897876800,1,-0.0108,-0.0,-0.0,0.0,0.0
1785525006918218700,1,-0.0108,-0.0,-0.0,0.0,0.0
1785525006938456400,1,-0.0108,-0.0,-0.0,0.0,0.0
1785525006957637900,1,-0.0108,-0.0,-0.0,0.0,0.0
1785525006978262200,1,-0.0108,-0.0,-0.0,0.0,0.0
1785525006997956000,1,-0.0108,-0.0,-0.0,0.0,0.0
1785525007018508100,1,-0.0108,-0.0,-0.0,0.0,0.0
1785525007037675900,1,-0.0108,-0.0,-0.0,0.0,0.0
1785525007057845000,1,-0.0108,-0.0,-0.0,0.0,0.0
1785525007078564300,1,-0.0108,-0.0,-0.0,0.0,0.0
1785525007097913600,1,-0.0108,-0.0,-0.0,0.0,0.0
1785525007117771400,1,-0.0108,-0.0,-0.0,0.0,0.0
1785525007137985500,1,-0.0108,-0.0,-0.0,0.0,0.0
1785525007158050200,1,-0.0108,-0.0,-0.0,0.0,0.0
1785525007178635000,1,-0.0108,-0.0,-0.0,0.0,0.0
1785525007197812300,1,-0.0108,-0.0,-0.0,0.0,0.0
1785525007217733500,1,-0.0108,-0.0,-0.0,0.0,0.0
1785525007238401400,1,-0.0108,-0.0,-0.0,0.0,0.0
1785525007257927200,1,-0.0108,-0.0,-0.0,0.0,0.0
1785525007278629000,1,-0.0108,-0.0,-0.0,0.0,0.0
1785525007297600600,1,-0.0108,-0.0,-0.0,0.0,0.0
1785525007318319300,1,-0.0108,-0.0,-0.0,0.0,0.0
1785525007338565600,1,-0.0108,-0.0,-0.0,0.0,0.0
1785525007357995900,1,-0.0108,-0.0,-0.0,0.0,0.0
1785525007378470600,1,-0.0108,-0.0,-0.0,0.0,0.0
1785525007397943700,1,-0.0108,-0.0,-0.0,0.0,0.0
1785525007418567100,1,-0.0108,-0.0,-0.0,0.0,0.0
1785525007438378600,1,-0.0108,-0.0,-0.0,0.0,0.0
1785525007457859600,1,-0.0108,-0.0,-0.0,0.0,0.0
1785525007478226500,1,-0.0108,-0.0,-0.0,0.0,0.0
1785525007498192700,1,-0.0108,-0.0,-0.0,0.0,0.0
1785525007517796800,1,-0.0108,-0.0,-0.0,0.0,0.0
1785525007538088800,1,-0.0108,-0.0,-0.0,0.0,0.0
1785525007558328600,1,-0.0108,-0.0,-0.0,0.0,0.0
1785525007577785600,1,-0.0108,-0.0,-0.0,0.0,0.0
1785525007598054700,1,-0.0108,-0.0,-0.0,0.0,0.0
1785525007617577700,1,-0.0108,-0.0,-0.0,0.0,0.0
1785525007638944900,1,-0.0108,-0.0,-0.0,0.0,0.0
1785525007658381700,1,-0.0108,-0.0,-0.0,0.0,0.0
1785525007677814100,1,-0.0108,-0.0,-0.0,0.0,0.0
1785525007698038900,1,-0.0108,-0.0,-0.0,0.0,0.0
1785525007717626400,1,-0.0108,-0.0,-0.0,0.0,0.0
1785525007737599900,1,-0.0108,-0.0,-0.0,0.0,0.0
1785525007757689900,1,-0.0108,-0.0,-0.0,0.0,0.0
1785525007778375800,1,-0.0108,-0.0,-0.0,0.0,0.0
1785525007797957100,1,-0.0108,-0.0,-0.0,0.0,0.0
1785525007818095100,1,-0.0108,-0.0,-0.0,0.0,0.0
1785525007838469300,1,-0.0108,-0.0,-0.0,0.0,0.0
1785525007858596400,1,-0.0108,-0.0,-0.0,0.0,0.0
1785525007878826000,1,-0.0108,-0.0,-0.0,0.0,0.0
1785525007897988500,1,-0.0108,-0.0,-0.0,0.0,0.0
1785525007918022000,1,-0.0108,-0.0,-0.0,0.0,0.0
1785525007938116400,1,-0.0108,-0.0,-0.0,0.0,0.0
1785525007957849900,1,-0.0108,-0.0,-0.0,0.0,0.0
1785525007978131900,1,-0.0108,-0.0,-0.0,0.0,0.0
1785525007997930500,1,-0.0108,-0.0,-0.0,0.0,0.0
1785525008018281700,1,-0.0108,-0.0,-0.0,0.0,0.0
1785525008037605300,1,-0.0108,-0.0,-0.0,0.0,0.0
1785525008058285400,1,-0.0108,-0.0,-0.0,0.0,0.0
1785525008077765900,1,-0.0108,-0.0,-0.0,0.0,0.0
1785525008097715200,1,-0.0108,-0.0,-0.0,0.0,0.0
1785525008117755400,1,-0.0108,-0.0,-0.0,0.0,0.0
1785525008138246100,1,-0.0108,-0.0,-0.0,0.0,0.0
1785525008158477600,1,-0.0108,-0.0,-0.0,0.0,0.0
1785525008177643700,1,-0.0108,-0.0,-0.0,0.0,0.0
1785525008197736000,1,-0.0108,-0.0,-0.0,0.0,0.0
1785525008218066300,1,-0.0108,-0.0,-0.0,0.0,0.0
1785525008238376400,1,-0.0108,-0.0,-0.0,0.0,0.0
1785525008257790900,1,-0.0108,-0.0,-0.0,0.0,0.0
1785525008278436100,1,-0.0108,-0.0,-0.0,0.0,0.0
1785525008298044800,1,-0.0108,-0.0,-0.0,0.0,0.0
1785525008318509400,1,-0.0108,-0.0,-0.0,0.0,0.0
1785525008337892000,1,-0.0108,-0.0,-0.0,0.0,0.0
1785525008358599400,1,-0.0108,-0.0,-0.0,0.0,0.0
1785525008378467900,1,-0.0108,-0.0,-0.0,0.0,0.0
1785525008397859300,1,-0.0108,-0.0,-0.0,0.0,0.0
1785525008418172600,1,-0.0108,-0.0,-0.0,0.0,0.0
1785525008437711900,1,-0.0108,-0.0,-0.0,0.0,0.0
1785525008458603100,1,-0.0108,-0.0,-0.0,0.0,0.0
1785525008478241200,1,-0.0108,-0.0,-0.0,0.0,0.0
1785525008498272200,1,-0.0108,-0.0,-0.0,0.0,0.0
1785525008518487500,1,-0.0108,-0.0,-0.0,0.0,0.0
1785525008538230300,1,-0.0108,-0.0,-0.0,0.0,0.0
1785525008557796000,1,-0.0108,-0.0,-0.0,0.0,0.0
1785525008578434800,1,-0.0108,-0.0,-0.0,0.0,0.0
1785525008597991000,1,-0.0108,-0.0,-0.0,0.0,0.0
1785525008618562900,1,-0.0108,-0.0,-0.0,0.0,0.0
1785525008637951000,1,-0.0108,-0.0,-0.0,0.0,0.0
1785525008658399200,1,-0.0108,-0.0,-0.0,0.0,0.0
1785525008678297100,1,-0.0108,-0.0,-0.0,0.0,0.0
1785525008697782900,1,-0.0108,-0.0,-0.0,0.0,0.0
1785525008718463900,1,-0.0108,-0.0,-0.0,0.0,0.0
1785525008738091300,1,-0.0108,-0.0,-0.0,0.0,0.0
1785525008757665100,1,-0.0108,-0.0,-0.0,0.0,0.0
1785525008778397500,1,-0.0108,-0.0,-0.0,0.0,0.0
1785525008798266800,1,-0.0108,-0.0,-0.0,0.0,0.0
1785525008818149200,1,-0.0108,-0.0,-0.0,0.0,0.0
1785525008838936900,1,-0.0108,-0.0,-0.0,0.0,0.0
1785525008857643600,1,-0.0108,-0.0,-0.0,0.0,0.0
1785525008878558500,1,-0.0108,-0.0,-0.0,0.0,0.0
1785525008898063100,1,-0.0108,-0.0,-0.0,0.0,0.0
1785525008917815800,1,-0.0108,-0.0,-0.0,0.0,0.0
1785525008937737900,1,-0.0108,-0.0,-0.0,0.0,0.0
1785525008957614500,1,-0.0108,-0.0,-0.0,0.0,0.0
1785525008978280400,1,-0.0108,-0.0,-0.0,0.0,0.0
1785525008997613300,1,-0.0108,-0.0,-0.0,0.0,0.0
1785525009017754000,1,-0.0108,-0.0,-0.0,0.0,0.0
1785525009038504000,1,-0.0108,-0.0,-0.0,0.0,0.0
1785525009057569800,1,-0.0108,-0.0,-0.0,0.0,0.0
1785525009077663300,1,-0.0108,-0.0,-0.0,0.0,0.0
1785525009098495400,1,-0.0108,-0.0,-0.0,0.0,0.0
1785525009118448500,1,-0.0108,-0.0,-0.0,0.0,0.0
1785525009138007900,1,-0.0108,-0.0,-0.0,0.0,0.0
1785525009157667000,1,-0.0108,-0.0,-0.0,0.0,0.0
1785525009177715900,1,-0.0108,-0.0,-0.0,0.0,0.0
1785525009197927000,1,-0.0108,-0.0,-0.0,0.0,0.0
1785525009218289100,1,-0.0108,-0.0,-0.0,0.0,0.0
1785525009238080600,1,-0.0108,-0.0,-0.0,0.0,0.0
1785525009258164900,1,-0.0108,-0.0,-0.0,0.0,0.0
1785525009278369100,1,-0.0108,-0.0,-0.0,0.0,0.0
1785525009298630100,1,-0.0108,-0.0,-0.0,0.0,0.0
1785525009317844300,1,-0.0108,-0.0,-0.0,0.0,0.0
1785525009337880200,1,-0.0108,-0.0,-0.0,0.0,0.0
1785525009357656500,1,-0.0108,-0.0,-0.0,0.0,0.0
1785525009378281100,1,-0.0108,-0.0,-0.0,0.0,0.0
1785525009398493500,1,-0.0108,-0.0,-0.0,0.0,0.0
1785525009418527700,1,-0.0108,-0.0,-0.0,0.0,0.0
1785525009437959000,1,-0.0108,-0.0,-0.0,0.0,0.0
1785525009458389500,1,-0.0108,-0.0,-0.0,0.0,0.0
1785525009478113500,1,-0.0108,-0.0,-0.0,0.0,0.0
1785525009497751700,1,-0.0108,-0.0,-0.0,0.0,0.0
1785525009518064800,1,-0.0108,-0.0,-0.0,0.0,0.0
1785525009538624200,1,-0.0108,-0.0,-0.0,0.0,0.0
1785525009557964700,1,-0.0108,-0.0,-0.0,0.0,0.0
1785525009578443700,1,-0.0108,-0.0,-0.0,0.0,0.0
1785525009597740400,1,-0.0108,-0.0,-0.0,0.0,0.0
1785525009618214800,1,-0.0108,-0.0,-0.0,0.0,0.0
1785525009637837900,1,-0.0108,-0.0,-0.0,0.0,0.0
1785525009657631000,1,-0.0108,-0.0,-0.0,0.0,0.0
1785525009678443300,1,-0.0108,-0.0,-0.0,0.0,0.0
1785525009698441000,1,-0.0108,-0.0,-0.0,0.0,0.0
1785525009718487000,1,-0.0108,-0.0,-0.0,0.0,0.0
1785525009738390000,1,-0.0108,-0.0,-0.0,0.0,0.0
1785525009757822600,1,-0.0108,-0.0,-0.0,0.0,0.0
1785525009778423100,1,-0.0108,-0.0,-0.0,0.0,0.0
1785525009798266800,1,-0.0108,-0.0,-0.0,0.0,0.0
1785525009818287300,1,-0.0108,-0.0,-0.0,0.0,0.0
1785525009838022000,1,-0.0108,-0.0,-0.0,0.0,0.0
1785525009857764100,1,-0.0108,-0.0,-0.0,0.0,0.0
1785525009878137100,1,-0.0108,-0.0,-0.0,0.0,0.0
1785525009898517300,1,-0.0108,-0.0,-0.0,0.0,0.0
1785525009918159400,1,-0.0108,-0.0,-0.0,0.0,0.0
1785525009938889500,1,-0.0108,-0.0,-0.0,0.0,0.0
1785525009958074200,1,-0.0108,-0.0,-0.0,0.0,0.0
1785525009978458200,1,-0.0108,-0.0,-0.0,0.0,0.0
1785525009998248700,1,-0.0108,-0.0,-0.0,0.0,0.0
1785525010018803300,1,-0.0108,-0.0,-0.0,0.0,0.0
1785525010038008300,1,-0.0108,-0.0,-0.0,0.0,0.0
1785525010058808700,1,-0.0108,-0.0,-0.0,0.0,0.0
1785525010078271100,1,-0.0108,-0.0,-0.0,0.0,0.0
1785525010097774800,1,-0.0108,-0.0,-0.0,0.0,0.0
1785525010117809800,1,-0.0108,-0.0,-0.0,0.0,0.0
1785525010137780800,1,-0.0108,-0.0,-0.0,0.0,0.0
1785525010158322900,1,-0.0108,-0.0,-0.0,0.0,0.0
1785525010178711500,1,-0.0108,-0.0,-0.0,0.0,0.0
1785525010198083400,1,-0.0108,-0.0,-0.0,0.0,0.0
1785525010218261600,1,-0.0108,-0.0,-0.0,0.0,0.0
1785525010237713900,1,-0.0108,-0.0,-0.0,0.0,0.0
1785525010257645700,1,-0.0108,-0.0,-0.0,0.0,0.0
1785525010278071800,1,-0.0108,-0.0,-0.0,0.0,0.0
1785525010298366300,1,-0.0108,-0.0,-0.0,0.0,0.0
1785525010318260700,1,-0.0108,-0.0,-0.0,0.0,0.0
1785525010338027200,1,-0.0108,-0.0,-0.0,0.0,0.0
1785525010358101500,1,-0.0108,-0.0,-0.0,0.0,0.0
1785525010377831800,1,-0.0108,-0.0,-0.0,0.0,0.0
1785525010398038600,1,-0.0108,-0.0,-0.0,0.0,0.0
1785525010418334100,1,-0.0108,-0.0,-0.0,0.0,0.0
1785525010437750400,1,-0.0108,-0.0,-0.0,0.0,0.0
1785525010458052700,1,-0.0108,-0.0,-0.0,0.0,0.0
1785525010478238800,1,-0.0108,-0.0,-0.0,0.0,0.0
1785525010498309200,1,-0.0108,-0.0,-0.0,0.0,0.0
1785525010518445100,1,-0.0108,-0.0,-0.0,0.0,0.0
1785525010538513900,1,-0.0108,-0.0,-0.0,0.0,0.0
1785525010558377300,1,-0.0108,-0.0,-0.0,0.0,0.0
1785525010578115300,1,-0.0108,-0.0,-0.0,0.0,0.0
1785525010598455100,1,-0.0108,-0.0,-0.0,0.0,0.0
1785525010618449200,1,-0.0108,-0.0,-0.0,0.0,0.0
1785525010637930100,1,-0.0108,-0.0,-0.0,0.0,0.0
1785525010658442300,1,-0.0108,-0.0,-0.0,0.0,0.0
1785525010678470000,1,-0.0108,-0.0,-0.0,0.0,0.0
1785525010698418500,1,-0.0108,-0.0,-0.0,0.0,0.0
1785525010717570600,1,-0.0108,-0.0,-0.0,0.0,0.0
1785525010738355600,1,-0.0108,-0.0,-0.0,0.0,0.0
1785525010757709700,1,-0.0108,-0.0,-0.0,0.0,0.0
1785525010777710000,1,-0.0108,-0.0,-0.0,0.0,0.0
1785525010798711700,1,-0.0108,-0.0,-0.0,0.0,0.0
1785525010817852800,1,-0.0108,-0.0,-0.0,0.0,0.0
1785525010838250400,1,-0.0108,-0.0,-0.0,0.0,0.0
1785525010858533500,1,-0.0108,-0.0,-0.0,0.0,0.0
1785525010878561200,1,-0.0108,-0.0,-0.0,0.0,0.0
1785525010897813400,1,-0.0108,-0.0,-0.0,0.0,0.0
1785525010918559300,1,-0.0108,-0.0,-0.0,0.0,0.0
1785525010938453400,1,-0.0108,-0.0,-0.0,0.0,0.0
1785525010958623900,1,-0.0108,-0.0,-0.0,0.0,0.0
1785525010978493000,1,-0.0108,-0.0,-0.0,0.0,0.0
1785525010998408400,1,-0.0108,-0.0,-0.0,0.0,0.0
1785525011017676400,1,-0.0108,-0.0,-0.0,0.0,0.0
1785525011038044100,1,-0.0108,-0.0,-0.0,0.0,0.0
1785525011058669400,1,-0.0108,-0.0,-0.0,0.0,0.0
1785525011077807200,1,-0.0108,-0.0,-0.0,0.0,0.0
1785525011098544700,1,-0.0108,-0.0,-0.0,0.0,0.0
1785525011117607900,1,-0.0108,-0.0,-0.0,0.0,0.0
1785525011138519600,1,-0.0108,-0.0,-0.0,0.0,0.0
1785525011158087900,1,-0.0108,-0.0,-0.0,0.0,0.0
1785525011178141800,1,-0.0108,-0.0,-0.0,0.0,0.0
1785525011198864800,1,-0.0108,-0.0,-0.0,0.0,0.0
1785525011218564200,1,-0.0108,-0.0,-0.0,0.0,0.0
1785525011237642800,1,-0.0108,-0.0,-0.0,0.0,0.0
1785525011258433500,1,-0.0108,-0.0,-0.0,0.0,0.0
1785525011278335900,1,-0.0108,-0.0,-0.0,0.0,0.0
1785525011298028800,1,-0.0108,-0.0,-0.0,0.0,0.0
1785525011318119300,1,-0.0108,-0.0,-0.0,0.0,0.0
1785525011337723400,1,-0.0108,-0.0,-0.0,0.0,0.0
1785525011358451400,1,-0.0108,-0.0,-0.0,0.0,0.0
1785525011378161100,1,-0.0108,-0.0,-0.0,0.0,0.0
1785525011397873100,1,-0.0108,-0.0,-0.0,0.0,0.0
1785525011418010000,1,-0.0108,-0.0,-0.0,0.0,0.0
1785525011438512200,1,-0.0108,-0.0,-0.0,0.0,0.0
1785525011458304700,1,-0.0108,-0.0,-0.0,0.0,0.0
1785525011478489400,1,-0.0108,-0.0,-0.0,0.0,0.0
1785525011498461400,1,-0.0108,-0.0,-0.0,0.0,0.0
1785525011517807100,1,-0.0108,-0.0,-0.0,0.0,0.0
1785525011538318500,1,-0.0108,-0.0,-0.0,0.0,0.0
1785525011557838600,1,-0.0108,-0.0,-0.0,0.0,0.0
1785525011578732300,1,-0.0108,-0.0,-0.0,0.0,0.0
1785525011598551100,1,-0.0108,-0.0,-0.0,0.0,0.0
1785525011618496000,1,-0.0108,-0.0,-0.0,0.0,0.0
1785525011637769100,1,-0.0108,-0.0,-0.0,0.0,0.0
1785525011658606400,1,-0.0108,-0.0,-0.0,0.0,0.0
1785525011677800900,1,-0.0108,-0.0,-0.0,0.0,0.0
1785525011698506300,1,-0.0108,-0.0,-0.0,0.0,0.0
1785525011717952900,1,-0.0108,-0.0,-0.0,0.0,0.0
1785525011738676200,1,-0.0108,-0.0,-0.0,0.0,0.0
1785525011757763300,1,-0.0108,-0.0,-0.0,0.0,0.0
1785525011777688400,1,-0.0108,-0.0,-0.0,0.0,0.0
1785525011797788400,1,-0.0108,-0.0,-0.0,0.0,0.0
1785525011817983600,1,-0.0108,-0.0,-0.0,0.0,0.0
1785525011838455400,1,-0.0108,-0.0,-0.0,0.0,0.0
1785525011857967400,1,-0.0108,-0.0,-0.0,0.0,0.0
1785525011877706800,1,-0.0108,-0.0,-0.0,0.0,0.0
1785525011898545100,1,-0.0108,-0.0,-0.0,0.0,0.0
1785525011917836100,1,-0.0108,-0.0,-0.0,0.0,0.0
1785525011938085100,1,-0.0108,-0.0,-0.0,0.0,0.0
1785525011957792800,1,-0.0108,-0.0,-0.0,0.0,0.0
1785525011977904400,1,-0.0108,-0.0,-0.0,0.0,0.0
1785525011997624000,1,-0.0108,-0.0,-0.0,0.0,0.0
1785525012017708900,1,-0.0108,-0.0,-0.0,0.0,0.0
1785525012037793400,1,-0.0108,-0.0,-0.0,0.0,0.0
1785525012058459300,1,-0.0108,-0.0,-0.0,0.0,0.0
1785525012078219800,1,-0.0108,-0.0,-0.0,0.0,0.0
1785525012098452700,1,-0.0108,-0.0,-0.0,0.0,0.0
1785525012117903200,1,-0.0108,-0.0,-0.0,0.0,0.0
1785525012138405600,1,-0.0108,-0.0,-0.0,0.0,0.0
1785525012158529000,1,-0.0108,-0.0,-0.0,0.0,0.0
1785525012178508400,1,-0.0108,-0.0,-0.0,0.0,0.0
1785525012198398500,1,-0.0108,-0.0,-0.0,0.0,0.0
1785525012218194200,1,-0.0108,-0.0,-0.0,0.0,0.0
1785525012237791600,1,-0.0108,-0.0,-0.0,0.0,0.0
1785525012257667900,1,-0.0108,-0.0,-0.0,0.0,0.0
1785525012278549900,1,-0.0108,-0.0,-0.0,0.0,0.0
1785525012298246000,1,-0.0108,-0.0,-0.0,0.0,0.0
1785525012317893100,1,-0.0108,-0.0,-0.0,0.0,0.0
1785525012338735400,1,-0.0108,-0.0,-0.0,0.0,0.0
1785525012357843100,1,-0.0108,-0.0,-0.0,0.0,0.0
1785525012378789100,1,-0.0108,-0.0,-0.0,0.0,0.0
1785525012398039500,1,-0.0108,-0.0,-0.0,0.0,0.0
1785525012418533400,1,-0.0108,-0.0,-0.0,0.0,0.0
1785525012438043000,1,-0.0108,-0.0,-0.0,0.0,0.0
1785525012457655200,1,-0.0108,-0.0,-0.0,0.0,0.0
1785525012478129700,1,-0.0108,-0.0,-0.0,0.0,0.0
1785525012497745200,1,-0.0108,-0.0,-0.0,0.0,0.0
1785525012518488600,1,-0.0108,-0.0,-0.0,0.0,0.0
1785525012537987900,1,-0.0108,-0.0,-0.0,0.0,0.0
1785525012558607300,1,-0.0108,-0.0,-0.0,0.0,0.0
1785525012577831700,1,-0.0108,-0.0,-0.0,0.0,0.0
1785525012597694300,1,-0.0108,-0.0,-0.0,0.0,0.0
1785525012618181100,1,-0.0108,-0.0,-0.0,0.0,0.0
1785525012638584600,1,-0.0108,-0.0,-0.0,0.0,0.0
1785525012658030000,1,-0.0108,-0.0,-0.0,0.0,0.0
1785525012677805400,1,-0.0108,-0.0,-0.0,0.0,0.0
1785525012698469600,1,-0.0108,-0.0,-0.0,0.0,0.0
1785525012718017400,1,-0.0108,-0.0,-0.0,0.0,0.0
1785525012737881200,1,-0.0108,-0.0,-0.0,0.0,0.0
1785525012758615100,1,-0.0108,-0.0,-0.0,0.0,0.0
1785525012777833100,1,-0.0108,-0.0,-0.0,0.0,0.0
1785525012798084900,1,-0.0108,-0.0,-0.0,0.0,0.0
1785525012818527200,1,-0.0108,-0.0,-0.0,0.0,0.0
1785525012838016700,1,-0.0108,-0.0,-0.0,0.0,0.0
1785525012858001600,1,-0.0108,-0.0,-0.0,0.0,0.0
1785525012878252200,1,-0.0108,-0.0,-0.0,0.0,0.0
1785525012897696900,1,-0.0108,-0.0,-0.0,0.0,0.0
1785525012917867100,1,-0.0108,-0.0,-0.0,0.0,0.0
1785525012937676100,1,-0.0108,-0.0,-0.0,0.0,0.0
1785525012957611000,1,-0.0108,-0.0,-0.0,0.0,0.0
1785525012978064700,1,-0.0108,-0.0,-0.0,0.0,0.0
1785525012997908100,1,-0.0108,-0.0,-0.0,0.0,0.0
1785525013017716000,1,-0.0108,-0.0,-0.0,0.0,0.0
1785525013037661100,1,-0.0108,-0.0,-0.0,0.0,0.0
1785525013057557300,1,-0.0108,-0.0,-0.0,0.0,0.0
1785525013078116300,1,-0.0108,-0.0,-0.0,0.0,0.0
1785525013098316400,1,-0.0108,-0.0,-0.0,0.0,0.0
1785525013117887800,1,-0.0108,-0.0,-0.0,0.0,0.0
1785525013139309400,1,-0.0108,-0.0,-0.0,0.0,0.0
1785525013157792900,1,-0.0108,-0.0,-0.0,0.0,0.0
1785525013178200100,1,-0.0108,-0.0,-0.0,0.0,0.0
1785525013197826800,1,-0.0108,-0.0,-0.0,0.0,0.0
1785525013218629000,1,-0.0108,-0.0,-0.0,0.0,0.0
1785525013238548400,1,-0.0108,-0.0,-0.0,0.0,0.0
1785525013257606700,1,-0.0108,-0.0,-0.0,0.0,0.0
1785525013277919400,1,-0.0108,-0.0,-0.0,0.0,0.0
1785525013297973400,1,-0.0108,-0.0,-0.0,0.0,0.0
1785525013318539600,1,-0.0108,-0.0,-0.0,0.0,0.0
1785525013337666400,1,-0.0108,-0.0,-0.0,0.0,0.0
1785525013357663700,1,-0.0108,-0.0,-0.0,0.0,0.0
1785525013377938800,1,-0.0108,-0.0,-0.0,0.0,0.0
1785525013398518700,1,-0.0108,-0.0,-0.0,0.0,0.0
1785525013417860100,1,-0.0108,-0.0,-0.0,0.0,0.0
1785525013439020900,1,-0.0108,-0.0,-0.0,0.0,0.0
1785525013458780100,1,-0.0108,-0.0,-0.0,0.0,0.0
1785525013478226300,1,-0.0108,-0.0,-0.0,0.0,0.0
1785525013497794800,1,-0.0108,-0.0,-0.0,0.0,0.0
1785525013518393900,1,-0.0108,-0.0,-0.0,0.0,0.0
1785525013538551200,1,-0.0108,-0.0,-0.0,0.0,0.0
1785525013557904900,1,-0.0108,-0.0,-0.0,0.0,0.0
1785525013578142000,1,-0.0108,-0.0,-0.0,0.0,0.0
1785525013598466400,1,-0.0108,-0.0,-0.0,0.0,0.0
1785525013617907000,1,-0.0108,-0.0,-0.0,0.0,0.0
1785525013638076000,1,-0.0108,-0.0,-0.0,0.0,0.0
1785525013657704500,1,-0.0108,-0.0,-0.0,0.0,0.0
1785525013678597700,1,-0.0108,-0.0,-0.0,0.0,0.0
1785525013697766300,1,-0.0108,-0.0,-0.0,0.0,0.0
1785525013718578800,1,-0.0108,-0.0,-0.0,0.0,0.0
1785525013738054100,1,-0.0108,-0.0,-0.0,0.0,0.0
1785525013758225800,1,-0.0108,-0.0,-0.0,0.0,0.0
1785525013777949000,1,-0.0108,-0.0,-0.0,0.0,0.0
1785525013798411100,1,-0.0108,-0.0,-0.0,0.0,0.0
1785525013818286700,1,-0.0108,-0.0,-0.0,0.0,0.0
1785525013837762900,1,-0.0108,-0.0,-0.0,0.0,0.0
1785525013858395100,1,-0.0108,-0.0,-0.0,0.0,0.0
1785525013878346700,1,-0.0108,-0.0,-0.0,0.0,0.0
1785525013897843900,1,-0.0108,-0.0,-0.0,0.0,0.0
1785525013918044500,1,-0.0108,-0.0,-0.0,0.0,0.0
1785525013938265300,1,-0.0108,-0.0,-0.0,0.0,0.0
1785525013957813700,1,-0.0108,-0.0,-0.0,0.0,0.0
1785525013978551300,1,-0.0108,-0.0,-0.0,0.0,0.0
1785525013997775000,1,-0.0108,-0.0,-0.0,0.0,0.0
1785525014018330100,1,-0.0108,-0.0,-0.0,0.0,0.0
1785525014038554800,1,-0.0108,-0.0,-0.0,0.0,0.0
1785525014058248200,1,-0.0108,-0.0,-0.0,0.0,0.0
1785525014077880100,1,-0.0108,-0.0,-0.0,0.0,0.0
1785525014098564800,1,-0.0108,-0.0,-0.0,0.0,0.0
1785525014118518400,1,-0.0108,-0.0,-0.0,0.0,0.0
1785525014138371800,1,-0.0108,-0.0,-0.0,0.0,0.0
1785525014158009800,1,-0.0108,-0.0,-0.0,0.0,0.0
1785525014177917700,1,-0.0108,-0.0,-0.0,0.0,0.0
1785525014198583100,1,-0.0108,-0.0,-0.0,0.0,0.0
1785525014218438200,1,-0.0108,-0.0,-0.0,0.0,0.0
1785525014238265600,1,-0.0108,-0.0,-0.0,0.0,0.0
1785525014257972800,1,-0.0108,-0.0,-0.0,0.0,0.0
1785525014278598900,1,-0.0108,-0.0,-0.0,0.0,0.0
1785525014297962600,1,-0.0108,-0.0,-0.0,0.0,0.0
1785525014318186600,1,-0.0108,-0.0,-0.0,0.0,0.0
1785525014338746000,1,-0.0108,-0.0,-0.0,0.0,0.0
1785525014358394000,1,-0.0108,-0.0,-0.0,0.0,0.0
1785525014377698700,1,-0.0108,-0.0,-0.0,0.0,0.0
1785525014398259100,1,-0.0108,-0.0,-0.0,0.0,0.0
1785525014417708800,1,-0.0108,-0.0,-0.0,0.0,0.0
1785525014438466600,1,-0.0108,-0.0,-0.0,0.0,0.0
1785525014458534600,1,-0.0108,-0.0,-0.0,0.0,0.0
1785525014478456600,1,-0.0108,-0.0,-0.0,0.0,0.0
1785525014498477000,1,-0.0108,-0.0,-0.0,0.0,0.0
1785525014518162700,1,-0.0108,-0.0,-0.0,0.0,0.0
1785525014537734200,1,-0.0108,-0.0,-0.0,0.0,0.0
1785525014558590800,1,-0.0108,-0.0,-0.0,0.0,0.0
1785525014578392600,1,-0.0108,-0.0,-0.0,0.0,0.0
1785525014598172100,1,-0.0108,-0.0,-0.0,0.0,0.0
1785525014617705300,1,-0.0108,-0.0,-0.0,0.0,0.0
1785525014638474000,1,-0.0108,-0.0,-0.0,0.0,0.0
1785525014658559000,1,-0.0108,-0.0,-0.0,0.0,0.0
1785525014678096600,1,-0.0108,-0.0,-0.0,0.0,0.0
1785525014698028000,1,-0.0108,-0.0,-0.0,0.0,0.0
1785525014717984900,1,-0.0108,-0.0,-0.0,0.0,0.0
1785525014738071800,1,-0.0108,-0.0,-0.0,0.0,0.0
1785525014757823000,1,-0.0108,-0.0,-0.0,0.0,0.0
1785525014778163700,1,-0.0108,-0.0,-0.0,0.0,0.0
1785525014798038700,1,-0.0108,-0.0,-0.0,0.0,0.0
1785525014818719400,1,-0.0108,-0.0,-0.0,0.0,0.0
1785525014838196800,1,-0.0108,-0.0,-0.0,0.0,0.0
1785525014857845800,1,-0.0108,-0.0,-0.0,0.0,0.0
1785525014878106400,1,-0.0108,-0.0,-0.0,0.0,0.0
1785525014897940300,1,-0.0108,-0.0,-0.0,0.0,0.0
1785525014918089000,1,-0.0108,-0.0,-0.0,0.0,0.0
1785525014937879300,1,-0.0108,-0.0,-0.0,0.0,0.0
1785525014958089500,1,-0.0108,-0.0,-0.0,0.0,0.0
1785525014977762400,1,-0.0108,-0.0,-0.0,0.0,0.0
1785525014998634700,1,-0.0108,-0.0,-0.0,0.0,0.0
1785525015018462700,1,-0.0108,-0.0,-0.0,0.0,0.0
1785525015038261600,1,-0.0108,-0.0,-0.0,0.0,0.0
1785525015057929800,1,-0.0108,-0.0,-0.0,0.0,0.0
1785525015078013300,1,-0.0108,-0.0,-0.0,0.0,0.0
1785525015097930700,1,-0.0108,-0.0,-0.0,0.0,0.0
1785525015118363700,1,-0.0108,-0.0,-0.0,0.0,0.0
1785525015138366900,1,-0.0108,-0.0,-0.0,0.0,0.0
1785525015157864900,1,-0.0108,-0.0,-0.0,0.0,0.0
1785525015178258900,1,-0.0108,-0.0,-0.0,0.0,0.0
1785525015197953800,1,-0.0108,-0.0,-0.0,0.0,0.0
1785525015218682000,1,-0.0108,-0.0,-0.0,0.0,0.0
1785525015238241500,1,-0.0108,-0.0,-0.0,0.0,0.0
1785525015257988600,1,-0.0108,-0.0,-0.0,0.0,0.0
1785525015278117000,1,-0.0108,-0.0,-0.0,0.0,0.0
1785525015297950800,1,-0.0108,-0.0,-0.0,0.0,0.0
1785525015317795200,1,-0.0108,-0.0,-0.0,0.0,0.0
1785525015337806900,1,-0.0108,-0.0,-0.0,0.0,0.0
1785525015358559000,1,-0.0108,-0.0,-0.0,0.0,0.0
1785525015378111600,1,-0.0108,-0.0,-0.0,0.0,0.0
1785525015397894400,1,-0.0108,-0.0,-0.0,0.0,0.0
1785525015418065300,1,-0.0108,-0.0,-0.0,0.0,0.0
1785525015437646400,1,-0.0108,-0.0,-0.0,0.0,0.0
1785525015458125500,1,-0.0108,-0.0,-0.0,0.0,0.0
1785525015478063300,1,-0.0108,-0.0,-0.0,0.0,0.0
1785525015497820600,1,-0.0108,-0.0,-0.0,0.0,0.0
1785525015517799600,1,-0.0108,-0.0,-0.0,0.0,0.0
1785525015537641900,1,-0.0108,-0.0,-0.0,0.0,0.0
1785525015557654000,1,-0.0108,-0.0,-0.0,0.0,0.0
1785525015578299300,1,-0.0108,-0.0,-0.0,0.0,0.0
1785525015598390200,1,-0.0108,-0.0,-0.0,0.0,0.0
1785525015617731500,1,-0.0108,-0.0,-0.0,0.0,0.0
1785525015637969300,1,-0.0108,-0.0,-0.0,0.0,0.0
1785525015658290900,1,-0.0108,-0.0,-0.0,0.0,0.0
1785525015678551300,1,-0.0108,-0.0,-0.0,0.0,0.0
1785525015697800900,1,-0.0108,-0.0,-0.0,0.0,0.0
1785525015718515300,1,-0.0108,-0.0,-0.0,0.0,0.0
1785525015738367400,1,-0.0108,-0.0,-0.0,0.0,0.0
1785525015757959600,1,-0.0108,-0.0,-0.0,0.0,0.0
1785525015778374600,1,-0.0108,-0.0,-0.0,0.0,0.0
1785525015798032800,1,-0.0108,-0.0,-0.0,0.0,0.0
1785525015818568700,1,-0.0108,-0.0,-0.0,0.0,0.0
1785525015838486100,1,-0.0108,-0.0,-0.0,0.0,0.0
1785525015858317700,1,-0.0108,-0.0,-0.0,0.0,0.0
1785525015877648500,1,-0.0108,-0.0,-0.0,0.0,0.0
1785525015898508600,1,-0.0108,-0.0,-0.0,0.0,0.0
1785525015918326500,1,-0.0108,-0.0,-0.0,0.0,0.0
1785525015937600500,1,-0.0108,-0.0,-0.0,0.0,0.0
1785525015958360800,1,-0.0108,-0.0,-0.0,0.0,0.0
1785525015978595400,1,-0.0108,-0.0,-0.0,0.0,0.0
1785525015997735600,1,-0.0108,-0.0,-0.0,0.0,0.0
1785525016018020900,1,-0.0108,-0.0,-0.0,0.0,0.0
1785525016038130000,1,-0.0108,-0.0,-0.0,0.0,0.0
1785525016057999700,1,-0.0108,-0.0,-0.0,0.0,0.0
1785525016078142800,1,-0.0108,-0.0,-0.0,0.0,0.0
1785525016098643200,1,-0.0108,-0.0,-0.0,0.0,0.0
1785525016118493300,1,-0.0108,-0.0,-0.0,0.0,0.0
1785525016137850100,1,-0.0108,-0.0,-0.0,0.0,0.0
1785525016157861400,1,-0.0108,-0.0,-0.0,0.0,0.0
1785525016178238700,1,-0.0108,-0.0,-0.0,0.0,0.0
1785525016197786900,1,-0.0108,-0.0,-0.0,0.0,0.0
1785525016218681800,1,-0.0108,-0.0,-0.0,0.0,0.0
1785525016237997900,1,-0.0108,-0.0,-0.0,0.0,0.0
1785525016258400100,1,-0.0108,-0.0,-0.0,0.0,0.0
1785525016277757600,1,-0.0108,-0.0,-0.0,0.0,0.0
1785525016297819900,1,-0.0108,-0.0,-0.0,0.0,0.0
1785525016318423900,1,-0.0108,-0.0,-0.0,0.0,0.0
1785525016338390800,1,-0.0108,-0.0,-0.0,0.0,0.0
1785525016358346300,1,-0.0108,-0.0,-0.0,0.0,0.0
1785525016377687200,1,-0.0108,-0.0,-0.0,0.0,0.0
1785525016397864100,1,-0.0108,-0.0,-0.0,0.0,0.0
1785525016418223600,1,-0.0108,-0.0,-0.0,0.0,0.0
1785525016438153500,1,-0.0108,-0.0,-0.0,0.0,0.0
1785525016458436400,1,-0.0108,-0.0,-0.0,0.0,0.0
1785525016477701300,1,-0.0108,-0.0,-0.0,0.0,0.0
1785525016498608400,1,-0.0108,-0.0,-0.0,0.0,0.0
1785525016517597900,1,-0.0108,-0.0,-0.0,0.0,0.0
1785525016538425000,1,-0.0108,-0.0,-0.0,0.0,0.0
1785525016558567900,1,-0.0108,-0.0,-0.0,0.0,0.0
1785525016578201900,1,-0.0108,-0.0,-0.0,0.0,0.0
1785525016597597100,1,-0.0108,-0.0,-0.0,0.0,0.0
1785525016617968700,1,-0.0108,-0.0,-0.0,0.0,0.0
1785525016638019600,1,-0.0108,-0.0,-0.0,0.0,0.0
1785525016658554300,1,-0.0108,-0.0,-0.0,0.0,0.0
1785525016678461900,1,-0.0108,-0.0,-0.0,0.0,0.0
1785525016698367400,1,-0.0108,-0.0,-0.0,0.0,0.0
1785525016718155200,1,-0.0108,-0.0,-0.0,0.0,0.0
1785525016737974500,1,-0.0108,-0.0,-0.0,0.0,0.0
1785525016758629800,1,-0.0108,-0.0,-0.0,0.0,0.0
1785525016777845600,1,-0.0108,-0.0,-0.0,0.0,0.0
1785525016798338500,1,-0.0108,-0.0,-0.0,0.0,0.0
1785525016817601000,1,-0.0108,-0.0,-0.0,0.0,0.0
1785525016838361100,1,-0.0108,-0.0,-0.0,0.0,0.0
1785525016858021000,1,-0.0108,-0.0,-0.0,0.0,0.0
1785525016877852900,1,-0.0108,-0.0,-0.0,0.0,0.0
1785525016898026600,1,-0.0108,-0.0,-0.0,0.0,0.0
1785525016918408200,1,-0.0108,-0.0,-0.0,0.0,0.0
1785525016938073100,1,-0.0108,-0.0,-0.0,0.0,0.0
1785525016958492800,1,-0.0108,-0.0,-0.0,0.0,0.0
1785525016977940600,1,-0.0108,-0.0,-0.0,0.0,0.0
1785525016997888400,1,-0.0108,-0.0,-0.0,0.0,0.0
1785525017018338000,1,-0.0108,-0.0,-0.0,0.0,0.0
1785525017037776400,1,-0.0108,-0.0,-0.0,0.0,0.0
1785525017058669900,1,-0.0108,-0.0,-0.0,0.0,0.0
1785525017078433000,1,-0.0108,-0.0,-0.0,0.0,0.0
1785525017098760400,1,-0.0108,-0.0,-0.0,0.0,0.0
1785525017118066900,1,-0.0108,-0.0,-0.0,0.0,0.0
1785525017138690600,1,-0.0108,-0.0,-0.0,0.0,0.0
1785525017159040600,1,-0.0108,-0.0,-0.0,0.0,0.0
1785525017178634000,1,-0.0108,-0.0,-0.0,0.0,0.0
1785525017198066000,1,-0.0108,-0.0,-0.0,0.0,0.0
1785525017218566900,1,-0.0108,-0.0,-0.0,0.0,0.0
1785525017238009200,1,-0.0108,-0.0,-0.0,0.0,0.0
1785525017257838600,1,-0.0108,-0.0,-0.0,0.0,0.0
1785525017278533900,1,-0.0108,-0.0,-0.0,0.0,0.0
1785525017298303500,1,-0.0108,-0.0,-0.0,0.0,0.0
1785525017317717100,1,-0.0108,-0.0,-0.0,0.0,0.0
1785525017338455300,1,-0.0108,-0.0,-0.0,0.0,0.0
1785525017357945700,1,-0.0108,-0.0,-0.0,0.0,0.0
1785525017378540000,1,-0.0108,-0.0,-0.0,0.0,0.0
1785525017397617700,1,-0.0108,-0.0,-0.0,0.0,0.0
1785525017418385600,1,-0.0108,-0.0,-0.0,0.0,0.0
1785525017437987600,1,-0.0108,-0.0,-0.0,0.0,0.0
1785525017458182800,1,-0.0108,-0.0,-0.0,0.0,0.0
1785525017478387200,1,-0.0108,-0.0,-0.0,0.0,0.0
1785525017497886000,1,-0.0108,-0.0,-0.0,0.0,0.0
1785525017518217600,1,-0.0108,-0.0,-0.0,0.0,0.0
1785525017538469000,1,-0.0108,-0.0,-0.0,0.0,0.0
1785525017558235400,1,-0.0108,-0.0,-0.0,0.0,0.0
1785525017578345600,1,-0.0108,-0.0,-0.0,0.0,0.0
1785525017598326500,1,-0.0108,-0.0,-0.0,0.0,0.0
1785525017618333700,1,-0.0108,-0.0,-0.0,0.0,0.0
1785525017637959000,1,-0.0108,-0.0,-0.0,0.0,0.0
1785525017658359800,1,-0.0108,-0.0,-0.0,0.0,0.0
1785525017677875400,1,-0.0108,-0.0,-0.0,0.0,0.0
1785525017697905800,1,-0.0108,-0.0,-0.0,0.0,0.0
1785525017718502300,1,-0.0108,-0.0,-0.0,0.0,0.0
1785525017738055000,1,-0.0108,-0.0,-0.0,0.0,0.0
1785525017757801600,1,-0.0108,-0.0,-0.0,0.0,0.0
1785525017778264400,1,-0.0108,-0.0,-0.0,0.0,0.0
1785525017798302200,1,-0.0108,-0.0,-0.0,0.0,0.0
1785525017817698300,1,-0.0108,-0.0,-0.0,0.0,0.0
1785525017838689400,1,-0.0108,-0.0,-0.0,0.0,0.0
1785525017858024700,1,-0.0108,-0.0,-0.0,0.0,0.0
1785525017878535600,1,-0.0108,-0.0,-0.0,0.0,0.0
1785525017898745200,1,-0.0108,-0.0,-0.0,0.0,0.0
1785525017918232200,1,-0.0108,-0.0,-0.0,0.0,0.0
1785525017937966600,1,-0.0108,-0.0,-0.0,0.0,0.0
1785525017958152200,1,-0.0108,-0.0,-0.0,0.0,0.0
1785525017978804500,1,-0.0108,-0.0,-0.0,0.0,0.0
1785525017997904500,1,-0.0108,-0.0,-0.0,0.0,0.0
1785525018018302300,1,-0.0108,-0.0,-0.0,0.0,0.0
1785525018038467100,1,-0.0108,-0.0,-0.0,0.0,0.0
1785525018058190400,1,-0.0108,-0.0,-0.0,0.0,0.0
1785525018078403200,1,-0.0108,-0.0,-0.0,0.0,0.0
1785525018098369700,1,-0.0108,-0.0,-0.0,0.0,0.0
1785525018118069100,1,-0.0108,-0.0,-0.0,0.0,0.0
1785525018137543100,1,-0.0108,-0.0,-0.0,0.0,0.0
1785525018157972000,1,-0.0108,-0.0,-0.0,0.0,0.0
1785525018178516500,1,-0.0108,-0.0,-0.0,0.0,0.0
1785525018198339500,1,-0.0108,-0.0,-0.0,0.0,0.0
1785525018218383800,1,-0.0108,-0.0,-0.0,0.0,0.0
1785525018237592000,1,-0.0108,-0.0,-0.0,0.0,0.0
1785525018257918100,1,-0.0108,-0.0,-0.0,0.0,0.0
1785525018278596000,1,-0.0108,-0.0,-0.0,0.0,0.0
1785525018297918200,1,-0.0108,-0.0,-0.0,0.0,0.0
1785525018317580400,1,-0.0108,-0.0,-0.0,0.0,0.0
1785525018337644300,1,-0.0108,-0.0,-0.0,0.0,0.0
1785525018358060600,1,-0.0108,-0.0,-0.0,0.0,0.0
1785525018377972400,1,-0.0108,-0.0,-0.0,0.0,0.0
1785525018398106400,1,-0.0108,-0.0,-0.0,0.0,0.0
1785525018418494900,1,-0.0108,-0.0,-0.0,0.0,0.0
1785525018438838400,1,-0.0108,-0.0,-0.0,0.0,0.0
1785525018458332100,1,-0.0108,-0.0,-0.0,0.0,0.0
1785525018478476700,1,-0.0108,-0.0,-0.0,0.0,0.0
1785525018498500900,1,-0.0108,-0.0,-0.0,0.0,0.0
1785525018518196300,1,-0.0108,-0.0,-0.0,0.0,0.0
1785525018537576600,1,-0.0108,-0.0,-0.0,0.0,0.0
1785525018558162800,1,-0.0108,-0.0,-0.0,0.0,0.0
1785525018577639900,1,-0.0108,-0.0,-0.0,0.0,0.0
1785525018598028500,1,-0.0108,-0.0,-0.0,0.0,0.0
1785525018617733800,1,-0.0108,-0.0,-0.0,0.0,0.0
1785525018638287900,1,-0.0108,-0.0,-0.0,0.0,0.0
1785525018657701100,1,-0.0108,-0.0,-0.0,0.0,0.0
1785525018678104500,1,-0.0108,-0.0,-0.0,0.0,0.0
1785525018698126000,1,-0.0108,-0.0,-0.0,0.0,0.0
1785525018718163700,1,-0.0108,-0.0,-0.0,0.0,0.0
1785525018737931800,1,-0.0108,-0.0,-0.0,0.0,0.0
1785525018757897100,1,-0.0108,-0.0,-0.0,0.0,0.0
1785525018778889400,1,-0.0108,-0.0,-0.0,0.0,0.0
1785525018797793100,1,-0.0108,-0.0,-0.0,0.0,0.0
1785525018818056000,1,-0.0108,-0.0,-0.0,0.0,0.0
1785525018837958700,1,-0.0108,-0.0,-0.0,0.0,0.0
1785525018857989700,1,-0.0108,-0.0,-0.0,0.0,0.0
1785525018877728900,1,-0.0108,-0.0,-0.0,0.0,0.0
1785525018898368600,1,-0.0108,-0.0,-0.0,0.0,0.0
1785525018918526200,1,-0.0108,-0.0,-0.0,0.0,0.0
1785525018937878400,1,-0.0108,-0.0,-0.0,0.0,0.0
1785525018958248000,1,-0.0108,-0.0,-0.0,0.0,0.0
1785525018978966400,1,-0.0108,-0.0,-0.0,0.0,0.0
1785525018997888100,1,-0.0108,-0.0,-0.0,0.0,0.0
1785525019017583700,1,-0.0108,-0.0,-0.0,0.0,0.0
1785525019037986400,1,-0.0108,-0.0,-0.0,0.0,0.0
1785525019058434000,1,-0.0108,-0.0,-0.0,0.0,0.0
1785525019077896200,1,-0.0108,-0.0,-0.0,0.0,0.0
1785525019098028800,1,-0.0108,-0.0,-0.0,0.0,0.0
1785525019118656000,1,-0.0108,-0.0,-0.0,0.0,0.0
1785525019138014700,1,-0.0108,-0.0,-0.0,0.0,0.0
1785525019157975500,1,-0.0108,-0.0,-0.0,0.0,0.0
1785525019178684000,1,-0.0108,-0.0,-0.0,0.0,0.0
1785525019197858200,1,-0.0108,-0.0,-0.0,0.0,0.0
1785525019218542100,1,-0.0108,-0.0,-0.0,0.0,0.0
1785525019238030500,1,-0.0108,-0.0,-0.0,0.0,0.0
1785525019258671900,1,-0.0108,-0.0,-0.0,0.0,0.0
1785525019277734800,1,-0.0108,-0.0,-0.0,0.0,0.0
1785525019297870100,1,-0.0108,-0.0,-0.0,0.0,0.0
1785525019318007700,1,-0.0108,-0.0,-0.0,0.0,0.0
1785525019337862500,1,-0.0108,-0.0,-0.0,0.0,0.0
1785525019358599100,1,-0.0108,-0.0,-0.0,0.0,0.0
1785525019377946900,1,-0.0108,-0.0,-0.0,0.0,0.0
1785525019398228700,1,-0.0108,-0.0,-0.0,0.0,0.0
1785525019418448700,1,-0.0108,-0.0,-0.0,0.0,0.0
1785525019438349600,1,-0.0108,-0.0,-0.0,0.0,0.0
1785525019458417000,1,-0.0108,-0.0,-0.0,0.0,0.0
1785525019477601800,1,-0.0108,-0.0,-0.0,0.0,0.0
1785525019497862900,1,-0.0108,-0.0,-0.0,0.0,0.0
1785525019518170100,1,-0.0108,-0.0,-0.0,0.0,0.0
1785525019537637800,1,-0.0108,-0.0,-0.0,0.0,0.0
1785525019558231600,1,-0.0108,-0.0,-0.0,0.0,0.0
1785525019578411700,1,-0.0108,-0.0,-0.0,0.0,0.0
1785525019597692700,1,-0.0108,-0.0,-0.0,0.0,0.0
1785525019618764300,1,-0.0108,-0.0,-0.0,0.0,0.0
1785525019637988800,1,-0.0108,-0.0,-0.0,0.0,0.0
1785525019657869700,1,-0.0108,-0.0,-0.0,0.0,0.0
1785525019678082600,1,-0.0108,-0.0,-0.0,0.0,0.0
1785525019698006800,1,-0.0108,-0.0,-0.0,0.0,0.0
1785525019718405500,1,-0.0108,-0.0,-0.0,0.0,0.0
1785525019738415300,1,-0.0108,-0.0,-0.0,0.0,0.0
1785525019757730100,1,-0.0108,-0.0,-0.0,0.0,0.0
1785525019777904900,1,-0.0108,-0.0,-0.0,0.0,0.0
1785525019798059800,1,-0.0108,-0.0,-0.0,0.0,0.0
1785525019817854900,1,-0.0108,-0.0,-0.0,0.0,0.0
1785525019837577600,1,-0.0108,-0.0,-0.0,0.0,0.0
1785525019857889500,1,-0.0108,-0.0,-0.0,0.0,0.0
1785525019877837100,1,-0.0108,-0.0,-0.0,0.0,0.0
1785525019897980300,1,-0.0108,-0.0,-0.0,0.0,0.0
1785525019918454000,1,-0.0108,-0.0,-0.0,0.0,0.0
1785525019937712800,1,-0.0108,-0.0,-0.0,0.0,0.0
1785525019958007600,1,-0.0108,-0.0,-0.0,0.0,0.0
1785525019978590000,1,-0.0108,-0.0,-0.0,0.0,0.0
1785525019997944300,1,-0.0108,-0.0,-0.0,0.0,0.0
1785525020018703300,1,-0.0108,-0.0,-0.0,0.0,0.0
1785525020037894500,1,-0.0108,-0.0,-0.0,0.0,0.0
1785525020058032800,1,-0.0108,-0.0,-0.0,0.0,0.0
1785525020078207400,1,-0.0108,-0.0,-0.0,0.0,0.0
1785525020097622700,1,-0.0108,-0.0,-0.0,0.0,0.0
1785525020118499400,1,-0.0108,-0.0,-0.0,0.0,0.0
1785525020138310000,1,-0.0108,-0.0,-0.0,0.0,0.0
1785525020157749100,1,-0.0108,-0.0,-0.0,0.0,0.0
1785525020178063400,1,-0.0108,-0.0,-0.0,0.0,0.0
1785525020197982600,1,-0.0108,-0.0,-0.0,0.0,0.0
1785525020218384500,1,-0.0108,-0.0,-0.0,0.0,0.0
1785525020238827800,1,-0.0108,-0.0,-0.0,0.0,0.0
1785525020257950900,1,-0.0108,-0.0,-0.0,0.0,0.0
1785525020278246300,1,-0.0108,-0.0,-0.0,0.0,0.0
1785525020298469000,1,-0.0108,-0.0,-0.0,0.0,0.0
1785525020318233100,1,-0.0108,-0.0,-0.0,0.0,0.0
1785525020337937200,1,-0.0108,-0.0,-0.0,0.0,0.0
1785525020358215900,1,-0.0108,-0.0,-0.0,0.0,0.0
1785525020378433300,1,-0.0108,-0.0,-0.0,0.0,0.0
1785525020398006200,1,-0.0108,-0.0,-0.0,0.0,0.0
1785525020417847700,1,-0.0108,-0.0,-0.0,0.0,0.0
1785525020437990000,1,-0.0108,-0.0,-0.0,0.0,0.0
1785525020458100700,1,-0.0108,-0.0,-0.0,0.0,0.0
1785525020477705200,1,-0.0108,-0.0,-0.0,0.0,0.0
1785525020497944900,1,-0.0108,-0.0,-0.0,0.0,0.0
1785525020517842800,1,-0.0108,-0.0,-0.0,0.0,0.0
1785525020538282300,1,-0.0108,-0.0,-0.0,0.0,0.0
1785525020557987400,1,-0.0108,-0.0,-0.0,0.0,0.0
1785525020578354000,1,-0.0108,-0.0,-0.0,0.0,0.0
1785525020597723400,1,-0.0108,-0.0,-0.0,0.0,0.0
1785525020617709200,1,-0.0108,-0.0,-0.0,0.0,0.0
1785525020638335700,1,-0.0108,-0.0,-0.0,0.0,0.0
1785525020658390200,1,-0.0108,-0.0,-0.0,0.0,0.0
1785525020677776100,1,-0.0108,-0.0,-0.0,0.0,0.0
1785525020698352000,1,-0.0108,-0.0,-0.0,0.0,0.0
1785525020718047000,1,-0.0108,-0.0,-0.0,0.0,0.0
1785525020738122200,1,-0.0108,-0.0,-0.0,0.0,0.0
1785525020757716500,1,-0.0108,-0.0,-0.0,0.0,0.0
1785525020778052600,1,-0.0108,-0.0,-0.0,0.0,0.0
1785525020798413100,1,-0.0108,-0.0,-0.0,0.0,0.0
1785525020818028200,1,-0.0108,-0.0,-0.0,0.0,0.0
1785525020838829800,1,-0.0108,-0.0,-0.0,0.0,0.0
1785525020858276900,1,-0.0108,-0.0,-0.0,0.0,0.0
1785525020878241100,1,-0.0108,-0.0,-0.0,0.0,0.0
1785525020897805500,1,-0.0108,-0.0,-0.0,0.0,0.0
1785525020917926100,1,-0.0108,-0.0,-0.0,0.0,0.0
1785525020938109200,1,-0.0108,-0.0,-0.0,0.0,0.0
1785525020957935800,1,-0.0108,-0.0,-0.0,0.0,0.0
1785525020978427700,1,-0.0108,-0.0,-0.0,0.0,0.0
1785525020998247500,1,-0.0108,-0.0,-0.0,0.0,0.0
1785525021017749700,1,-0.0108,-0.0,-0.0,0.0,0.0
1785525021038467900,1,-0.0108,-0.0,-0.0,0.0,0.0
1785525021057940700,1,-0.0108,-0.0,-0.0,0.0,0.0
1785525021078079000,1,-0.0108,-0.0,-0.0,0.0,0.0
1785525021097813300,1,-0.0108,-0.0,-0.0,0.0,0.0
1785525021118317200,1,-0.0108,-0.0,-0.0,0.0,0.0
1785525021137684000,1,-0.0108,-0.0,-0.0,0.0,0.0
1785525021158117000,1,-0.0108,-0.0,-0.0,0.0,0.0
1785525021177838000,1,-0.0108,-0.0,-0.0,0.0,0.0
1785525021197747500,1,-0.0108,-0.0,-0.0,0.0,0.0
1785525021217673700,1,-0.0108,-0.0,-0.0,0.0,0.0
1785525021238524900,1,-0.0108,-0.0,-0.0,0.0,0.0
1785525021257830300,1,-0.0108,-0.0,-0.0,0.0,0.0
1785525021278374200,1,-0.0108,-0.0,-0.0,0.0,0.0
1785525021298504000,1,-0.0108,-0.0,-0.0,0.0,0.0
1785525021318469500,1,-0.0108,-0.0,-0.0,0.0,0.0
1785525021338572300,1,-0.0108,-0.0,-0.0,0.0,0.0
1785525021358292400,1,-0.0108,-0.0,-0.0,0.0,0.0
1785525021377835400,1,-0.0108,-0.0,-0.0,0.0,0.0
1785525021398434400,1,-0.0108,-0.0,-0.0,0.0,0.0
1785525021417590800,1,-0.0108,-0.0,-0.0,0.0,0.0
1785525021438560600,1,-0.0108,-0.0,-0.0,0.0,0.0
1785525021457572800,1,-0.0108,-0.0,-0.0,0.0,0.0
1785525021478490200,1,-0.0108,-0.0,-0.0,0.0,0.0
1785525021498480600,1,-0.0108,-0.0,-0.0,0.0,0.0
1785525021518197700,1,-0.0108,-0.0,-0.0,0.0,0.0
1785525021538548100,1,-0.0108,-0.0,-0.0,0.0,0.0
1785525021558520500,1,-0.0108,-0.0,-0.0,0.0,0.0
1785525021578018100,1,-0.0108,-0.0,-0.0,0.0,0.0
1785525021598553300,1,-0.0108,-0.0,-0.0,0.0,0.0
1785525021618457000,1,-0.0108,-0.0,-0.0,0.0,0.0
1785525021638176300,1,-0.0108,-0.0,-0.0,0.0,0.0
1785525021657792800,1,-0.0108,-0.0,-0.0,0.0,0.0
1785525021678652500,1,-0.0108,-0.0,-0.0,0.0,0.0
1785525021698223500,1,-0.0108,-0.0,-0.0,0.0,0.0
1785525021717577600,1,-0.0108,-0.0,-0.0,0.0,0.0
1785525021738579300,1,-0.0108,-0.0,-0.0,0.0,0.0
1785525021757594200,1,-0.0108,-0.0,-0.0,0.0,0.0
1785525021777898000,1,-0.0108,-0.0,-0.0,0.0,0.0
1785525021798385200,1,-0.0108,-0.0,-0.0,0.0,0.0
1785525021818601200,1,-0.0108,-0.0,-0.0,0.0,0.0
1785525021837977400,1,-0.0108,-0.0,-0.0,0.0,0.0
1785525021857862100,1,-0.0108,-0.0,-0.0,0.0,0.0
1785525021877604800,1,-0.0108,-0.0,-0.0,0.0,0.0
1785525021898414700,1,-0.0108,-0.0,-0.0,0.0,0.0
1785525021917786300,1,-0.0108,-0.0,-0.0,0.0,0.0
1785525021937777700,1,-0.0108,-0.0,-0.0,0.0,0.0
1785525021957877200,1,-0.0108,-0.0,-0.0,0.0,0.0
1785525021977803400,1,-0.0108,-0.0,-0.0,0.0,0.0
1785525021998165000,1,-0.0108,-0.0,-0.0,0.0,0.0
1785525022018037200,1,-0.0108,-0.0,-0.0,0.0,0.0
1785525022038136400,1,-0.0108,-0.0,-0.0,0.0,0.0
1785525022058577100,1,-0.0108,-0.0,-0.0,0.0,0.0
1785525022078370400,1,-0.0108,-0.0,-0.0,0.0,0.0
1785525022097881900,1,-0.0108,-0.0,-0.0,0.0,0.0
1785525022118448300,1,-0.0108,-0.0,-0.0,0.0,0.0
1785525022138636300,1,-0.0108,-0.0,-0.0,0.0,0.0
1785525022158345800,1,-0.0108,-0.0,-0.0,0.0,0.0
1785525022178612500,1,-0.0108,-0.0,-0.0,0.0,0.0
1785525022198280000,1,-0.0108,-0.0,-0.0,0.0,0.0
1785525022217673300,1,-0.0108,-0.0,-0.0,0.0,0.0
1785525022238506800,1,-0.0108,-0.0,-0.0,0.0,0.0
1785525022257965600,1,-0.0108,-0.0,-0.0,0.0,0.0
1785525022278453900,1,-0.0108,-0.0,-0.0,0.0,0.0
1785525022297899800,1,-0.0108,-0.0,-0.0,0.0,0.0
1785525022317976100,1,-0.0108,-0.0,-0.0,0.0,0.0
1785525022338079100,1,-0.0108,-0.0,-0.0,0.0,0.0
1785525022357613200,1,-0.0108,-0.0,-0.0,0.0,0.0
1785525022378820800,1,-0.0108,-0.0,-0.0,0.0,0.0
1785525022397831100,1,-0.0108,-0.0,-0.0,0.0,0.0
1785525022418484300,1,-0.0108,-0.0,-0.0,0.0,0.0
1785525022437618400,1,-0.0108,-0.0,-0.0,0.0,0.0
1785525022458397900,1,-0.0108,-0.0,-0.0,0.0,0.0
1785525022478207500,1,-0.0108,-0.0,-0.0,0.0,0.0
1785525022497632800,1,-0.0108,-0.0,-0.0,0.0,0.0
1785525022518511300,1,-0.0108,-0.0,-0.0,0.0,0.0
1785525022537940700,1,-0.0108,-0.0,-0.0,0.0,0.0
1785525022558395400,1,-0.0108,-0.0,-0.0,0.0,0.0
1785525022577851600,1,-0.0108,-0.0,-0.0,0.0,0.0
1785525022598510800,1,-0.0108,-0.0,-0.0,0.0,0.0
1785525022618040700,1,-0.0108,-0.0,-0.0,0.0,0.0
1785525022638466000,1,-0.0108,-0.0,-0.0,0.0,0.0
1785525022657759300,1,-0.0108,-0.0,-0.0,0.0,0.0
1785525022677743700,1,-0.0108,-0.0,-0.0,0.0,0.0
1785525022697658100,1,-0.0108,-0.0,-0.0,0.0,0.0
1785525022718830000,1,-0.0108,-0.0,-0.0,0.0,0.0
1785525022737991500,1,-0.0108,-0.0,-0.0,0.0,0.0
1785525022758047600,1,-0.0108,-0.0,-0.0,0.0,0.0
1785525022778624700,1,-0.0108,-0.0,-0.0,0.0,0.0
1785525022797652000,1,-0.0108,-0.0,-0.0,0.0,0.0
1785525022818023800,1,-0.0108,-0.0,-0.0,0.0,0.0
1785525022838116100,1,-0.0108,-0.0,-0.0,0.0,0.0
1785525022857702700,1,-0.0108,-0.0,-0.0,0.0,0.0
1785525022877615400,1,-0.0108,-0.0,-0.0,0.0,0.0
1785525022897772100,1,-0.0108,-0.0,-0.0,0.0,0.0
1785525022917593700,1,-0.0108,-0.0,-0.0,0.0,0.0
1785525022938259800,1,-0.0108,-0.0,-0.0,0.0,0.0
1785525022957941400,1,-0.0108,-0.0,-0.0,0.0,0.0
1785525022978360700,1,-0.0108,-0.0,-0.0,0.0,0.0
1785525022998074500,1,-0.0108,-0.0,-0.0,0.0,0.0
1785525023017929600,1,-0.0108,-0.0,-0.0,0.0,0.0
1785525023038419300,1,-0.0108,-0.0,-0.0,0.0,0.0
1785525023057993000,1,-0.0108,-0.0,-0.0,0.0,0.0
1785525023078413500,1,-0.0108,-0.0,-0.0,0.0,0.0
1785525023098399900,1,-0.0108,-0.0,-0.0,0.0,0.0
1785525023117988800,1,-0.0108,-0.0,-0.0,0.0,0.0
1785525023138636600,1,-0.0108,-0.0,-0.0,0.0,0.0
1785525023158592000,1,-0.0108,-0.0,-0.0,0.0,0.0
1785525023177840900,1,-0.0108,-0.0,-0.0,0.0,0.0
1785525023197695500,1,-0.0108,-0.0,-0.0,0.0,0.0
1785525023218355900,1,-0.0108,-0.0,-0.0,0.0,0.0
1785525023238521500,1,-0.0108,-0.0,-0.0,0.0,0.0
1785525023258038100,1,-0.0108,-0.0,-0.0,0.0,0.0
1785525023278356800,1,-0.0108,-0.0,-0.0,0.0,0.0
1785525023297997600,1,-0.0108,-0.0,-0.0,0.0,0.0
1785525023318212500,1,-0.0108,-0.0,-0.0,0.0,0.0
1785525023338175100,1,-0.0108,-0.0,-0.0,0.0,0.0
1785525023357745900,1,-0.0108,-0.0,-0.0,0.0,0.0
1785525023377929500,1,-0.0108,-0.0,-0.0,0.0,0.0
1785525023398636600,1,-0.0108,-0.0,-0.0,0.0,0.0
1785525023417871900,1,-0.0108,-0.0,-0.0,0.0,0.0
1785525023437809500,1,-0.0108,-0.0,-0.0,0.0,0.0
1785525023457830800,1,-0.0108,-0.0,-0.0,0.0,0.0
1785525023478511100,1,-0.0108,-0.0,-0.0,0.0,0.0
1785525023497742400,1,-0.0108,-0.0,-0.0,0.0,0.0
1785525023517928200,1,-0.0108,-0.0,-0.0,0.0,0.0
1785525023537822100,1,-0.0108,-0.0,-0.0,0.0,0.0
1785525023558243700,1,-0.0108,-0.0,-0.0,0.0,0.0
1785525023578146100,1,-0.0108,-0.0,-0.0,0.0,0.0
1785525023598254900,1,-0.0108,-0.0,-0.0,0.0,0.0
1785525023617931600,1,-0.0108,-0.0,-0.0,0.0,0.0
1785525023638766700,1,-0.0108,-0.0,-0.0,0.0,0.0
1785525023658057900,1,-0.0108,-0.0,-0.0,0.0,0.0
1785525023679001700,1,-0.0108,-0.0,-0.0,0.0,0.0
1785525023698254300,1,-0.0108,-0.0,-0.0,0.0,0.0
1785525023718015000,1,-0.0108,-0.0,-0.0,0.0,0.0
1785525023738591000,1,-0.0108,-0.0,-0.0,0.0,0.0
1785525023758176600,1,-0.0108,-0.0,-0.0,0.0,0.0
1785525023778041100,1,-0.0108,-0.0,-0.0,0.0,0.0
1785525023798322100,1,-0.0108,-0.0,-0.0,0.0,0.0
1785525023817640300,1,-0.0108,-0.0,-0.0,0.0,0.0
1785525023838462900,1,-0.0108,-0.0,-0.0,0.0,0.0
1785525023857816600,1,-0.0108,-0.0,-0.0,0.0,0.0
1785525023878199000,1,-0.0108,-0.0,-0.0,0.0,0.0
1785525023897585100,1,-0.0108,-0.0,-0.0,0.0,0.0
1785525023918369000,1,-0.0108,-0.0,-0.0,0.0,0.0
1785525023937559500,1,-0.0108,-0.0,-0.0,0.0,0.0
1785525023957714000,1,-0.0108,-0.0,-0.0,0.0,0.0
1785525023977597300,1,-0.0108,-0.0,-0.0,0.0,0.0
1785525023997675400,1,-0.0108,-0.0,-0.0,0.0,0.0
1785525024018512700,1,-0.0108,-0.0,-0.0,0.0,0.0
1785525024037937800,1,-0.0108,-0.0,-0.0,0.0,0.0
1785525024058280300,1,-0.0108,-0.0,-0.0,0.0,0.0
1785525024077616700,1,-0.0108,-0.0,-0.0,0.0,0.0
1785525024097872800,1,-0.0108,-0.0,-0.0,0.0,0.0
1785525024117879100,1,-0.0108,-0.0,-0.0,0.0,0.0
1785525024137845400,1,-0.0108,-0.0,-0.0,0.0,0.0
1785525024157957900,1,-0.0108,-0.0,-0.0,0.0,0.0
1785525024178196400,1,-0.0108,-0.0,-0.0,0.0,0.0
1785525024198278500,1,-0.0108,-0.0,-0.0,0.0,0.0
1785525024217923000,1,-0.0108,-0.0,-0.0,0.0,0.0
1785525024237779900,1,-0.0108,-0.0,-0.0,0.0,0.0
1785525024258545400,1,-0.0108,-0.0,-0.0,0.0,0.0
1785525024278754200,1,-0.0108,-0.0,-0.0,0.0,0.0
1785525024297732400,1,-0.0108,-0.0,-0.0,0.0,0.0
1785525024318385400,1,-0.0108,-0.0,-0.0,0.0,0.0
1785525024337778100,1,-0.0108,-0.0,-0.0,0.0,0.0
1785525024358312900,1,-0.0108,-0.0,-0.0,0.0,0.0
1785525024378372600,1,-0.0108,-0.0,-0.0,0.0,0.0
1785525024397932400,1,-0.0108,-0.0,-0.0,0.0,0.0
1785525024418041100,1,-0.0108,-0.0,-0.0,0.0,0.0
1785525024437991800,1,-0.0108,-0.0,-0.0,0.0,0.0
1785525024457614200,1,-0.0108,-0.0,-0.0,0.0,0.0
1785525024478568900,1,-0.0108,-0.0,-0.0,0.0,0.0
1785525024498506200,1,-0.0108,-0.0,-0.0,0.0,0.0
1785525024518286900,1,-0.0108,-0.0,-0.0,0.0,0.0
1785525024537885800,1,-0.0108,-0.0,-0.0,0.0,0.0
1785525024558371700,1,-0.0108,-0.0,-0.0,0.0,0.0
1785525024577663800,1,-0.0108,-0.0,-0.0,0.0,0.0
1785525024597586400,1,-0.0108,-0.0,-0.0,0.0,0.0
1785525024618665500,1,-0.0108,-0.0,-0.0,0.0,0.0
1785525024637900200,1,-0.0108,-0.0,-0.0,0.0,0.0
1785525024658318600,1,-0.0108,-0.0,-0.0,0.0,0.0
1785525024678274900,1,-0.0108,-0.0,-0.0,0.0,0.0
1785525024697813500,1,-0.0108,-0.0,-0.0,0.0,0.0
1785525024718119500,1,-0.0108,-0.0,-0.0,0.0,0.0
1785525024738049700,1,-0.0108,-0.0,-0.0,0.0,0.0
1785525024758045200,1,-0.0108,-0.0,-0.0,0.0,0.0
1785525024778087300,1,-0.0108,-0.0,-0.0,0.0,0.0
1785525024797880300,1,-0.0108,-0.0,-0.0,0.0,0.0
1785525024818353700,1,-0.0108,-0.0,-0.0,0.0,0.0
1785525024837729400,1,-0.0108,-0.0,-0.0,0.0,0.0
1785525024857581400,1,-0.0108,-0.0,-0.0,0.0,0.0
1785525024877748200,1,-0.0108,-0.0,-0.0,0.0,0.0
1785525024898724500,1,-0.0108,-0.0,-0.0,0.0,0.0
1785525024918423100,1,-0.0108,-0.0,-0.0,0.0,0.0
1785525024937650900,1,-0.0108,-0.0,-0.0,0.0,0.0
1785525024957855900,1,-0.0108,-0.0,-0.0,0.0,0.0
1785525024978282900,1,-0.0108,-0.0,-0.0,0.0,0.0
1785525024997941200,1,-0.0108,-0.0,-0.0,0.0,0.0
1785525025017666100,1,-0.0108,-0.0,-0.0,0.0,0.0
1785525025038914400,1,-0.0108,-0.0,-0.0,0.0,0.0
1785525025058890000,1,-0.0108,-0.0,-0.0,0.0,0.0
1785525025078819400,1,-0.0108,-0.0,-0.0,0.0,0.0
1785525025097887600,1,-0.0108,-0.0,-0.0,0.0,0.0
1785525025117770700,1,-0.0108,-0.0,-0.0,0.0,0.0
1785525025138453500,1,-0.0108,-0.0,-0.0,0.0,0.0
1785525025157882600,1,-0.0108,-0.0,-0.0,0.0,0.0
1785525025178833600,1,-0.0108,-0.0,-0.0,0.0,0.0
1785525025198042700,1,-0.0108,-0.0,-0.0,0.0,0.0
1785525025217941300,1,-0.0108,-0.0,-0.0,0.0,0.0
1785525025237653500,1,-0.0108,-0.0,-0.0,0.0,0.0
1785525025258337900,1,-0.0108,-0.0,-0.0,0.0,0.0
1785525025278016000,1,-0.0108,-0.0,-0.0,0.0,0.0
1785525025298364600,1,-0.0108,-0.0,-0.0,0.0,0.0
1785525025317547400,1,-0.0108,-0.0,-0.0,0.0,0.0
1785525025338054800,1,-0.0108,-0.0,-0.0,0.0,0.0
1785525025357650700,1,-0.0108,-0.0,-0.0,0.0,0.0
1785525025377583900,1,-0.0108,-0.0,-0.0,0.0,0.0
1785525025398453200,1,-0.0108,-0.0,-0.0,0.0,0.0
1785525025417819300,1,-0.0108,-0.0,-0.0,0.0,0.0
1785525025438105500,1,-0.0108,-0.0,-0.0,0.0,0.0
1785525025457739900,1,-0.0108,-0.0,-0.0,0.0,0.0
1785525025478393300,1,-0.0108,-0.0,-0.0,0.0,0.0
1785525025498274500,1,-0.0108,-0.0,-0.0,0.0,0.0
1785525025517783600,1,-0.0108,-0.0,-0.0,0.0,0.0
1785525025538695000,1,-0.0108,-0.0,-0.0,0.0,0.0
1785525025557954800,1,-0.0108,-0.0,-0.0,0.0,0.0
1785525025578057400,1,-0.0108,-0.0,-0.0,0.0,0.0
1785525025598120700,1,-0.0108,-0.0,-0.0,0.0,0.0
1785525025617648000,1,-0.0108,-0.0,-0.0,0.0,0.0
1785525025638713500,1,-0.0108,-0.0,-0.0,0.0,0.0
1785525025657784000,1,-0.0108,-0.0,-0.0,0.0,0.0
1785525025677604600,1,-0.0108,-0.0,-0.0,0.0,0.0
1785525025697859900,1,-0.0108,-0.0,-0.0,0.0,0.0
1785525025717950800,1,-0.0108,-0.0,-0.0,0.0,0.0
1785525025737745500,1,-0.0108,-0.0,-0.0,0.0,0.0
1785525025758006400,1,-0.0108,-0.0,-0.0,0.0,0.0
1785525025778523400,1,-0.0108,-0.0,-0.0,0.0,0.0
1785525025797980600,1,-0.0108,-0.0,-0.0,0.0,0.0
1785525025818140100,1,-0.0108,-0.0,-0.0,0.0,0.0
1785525025838859100,1,-0.0108,-0.0,-0.0,0.0,0.0
1785525025857840400,1,-0.0108,-0.0,-0.0,0.0,0.0
1785525025878490300,1,-0.0108,-0.0,-0.0,0.0,0.0
1785525025898531200,1,-0.0108,-0.0,-0.0,0.0,0.0
1785525025918073000,1,-0.0108,-0.0,-0.0,0.0,0.0
1785525025937757100,1,-0.0108,-0.0,-0.0,0.0,0.0
1785525025958378900,1,-0.0108,-0.0,-0.0,0.0,0.0
1785525025978397500,1,-0.0108,-0.0,-0.0,0.0,0.0
1785525025998478900,1,-0.0108,-0.0,-0.0,0.0,0.0
1785525026017924900,1,-0.0108,-0.0,-0.0,0.0,0.0
1785525026038068900,1,-0.0108,-0.0,-0.0,0.0,0.0
1785525026058462800,1,-0.0108,-0.0,-0.0,0.0,0.0
1785525026077853000,1,-0.0108,-0.0,-0.0,0.0,0.0
1785525026098060100,1,-0.0108,-0.0,-0.0,0.0,0.0
1785525026118017800,1,-0.0108,-0.0,-0.0,0.0,0.0
1785525026138187800,1,-0.0108,-0.0,-0.0,0.0,0.0
1785525026157669400,1,-0.0108,-0.0,-0.0,0.0,0.0
1785525026178622900,1,-0.0108,-0.0,-0.0,0.0,0.0
1785525026198442600,1,-0.0108,-0.0,-0.0,0.0,0.0
1785525026217880500,1,-0.0108,-0.0,-0.0,0.0,0.0
1785525026237948200,1,-0.0108,-0.0,-0.0,0.0,0.0
1785525026257959600,1,-0.0108,-0.0,-0.0,0.0,0.0
1785525026278143900,1,-0.0108,-0.0,-0.0,0.0,0.0
1785525026297829600,1,-0.0108,-0.0,-0.0,0.0,0.0
1785525026317727500,1,-0.0108,-0.0,-0.0,0.0,0.0
1785525026337692500,1,-0.0108,-0.0,-0.0,0.0,0.0
1785525026357669300,1,-0.0108,-0.0,-0.0,0.0,0.0
1785525026378468300,1,-0.0108,-0.0,-0.0,0.0,0.0
1785525026398010800,1,-0.0108,-0.0,-0.0,0.0,0.0
1785525026417550300,1,-0.0108,-0.0,-0.0,0.0,0.0
1785525026438836400,1,-0.0108,-0.0,-0.0,0.0,0.0
1785525026457688900,1,-0.0108,-0.0,-0.0,0.0,0.0
1785525026478445400,1,-0.0108,-0.0,-0.0,0.0,0.0
1785525026498285800,1,-0.0108,-0.0,-0.0,0.0,0.0
1785525026518518400,1,-0.0108,-0.0,-0.0,0.0,0.0
1785525026537780700,1,-0.0108,-0.0,-0.0,0.0,0.0
1785525026557634800,1,-0.0108,-0.0,-0.0,0.0,0.0
1785525026577670500,1,-0.0108,-0.0,-0.0,0.0,0.0
1785525026598490700,1,-0.0108,-0.0,-0.0,0.0,0.0
1785525026618049700,1,-0.0108,-0.0,-0.0,0.0,0.0
1785525026638483100,1,-0.0108,-0.0,-0.0,0.0,0.0
1785525026658025100,1,-0.0108,-0.0,-0.0,0.0,0.0
1785525026677827300,1,-0.0108,-0.0,-0.0,0.0,0.0
1785525026697834800,1,-0.0108,-0.0,-0.0,0.0,0.0
1785525026717588900,1,-0.0108,-0.0,-0.0,0.0,0.0
1785525026737634700,1,-0.0108,-0.0,-0.0,0.0,0.0
1785525026758533300,1,-0.0108,-0.0,-0.0,0.0,0.0
1785525026778574400,1,-0.0108,-0.0,-0.0,0.0,0.0
1785525026797719800,1,-0.0108,-0.0,-0.0,0.0,0.0
1785525026817746800,1,-0.0108,-0.0,-0.0,0.0,0.0
1785525026837957300,1,-0.0108,-0.0,-0.0,0.0,0.0
1785525026857899100,1,-0.0108,-0.0,-0.0,0.0,0.0
1785525026877679700,1,-0.0108,-0.0,-0.0,0.0,0.0
1785525026898434900,1,-0.0108,-0.0,-0.0,0.0,0.0
1785525026917792000,1,-0.0108,-0.0,-0.0,0.0,0.0
1785525026938865400,1,-0.0108,-0.0,-0.0,0.0,0.0
1785525026958458600,1,-0.0108,-0.0,-0.0,0.0,0.0
1785525026978405100,1,-0.0108,-0.0,-0.0,0.0,0.0
1785525026997627400,1,-0.0108,-0.0,-0.0,0.0,0.0
1785525027017721800,1,-0.0108,-0.0,-0.0,0.0,0.0
1785525027037959400,1,-0.0108,-0.0,-0.0,0.0,0.0
1785525027058463700,1,-0.0108,-0.0,-0.0,0.0,0.0
1785525027078208500,1,-0.0108,-0.0,-0.0,0.0,0.0
1785525027097867200,1,-0.0108,-0.0,-0.0,0.0,0.0
1785525027117719600,1,-0.0108,-0.0,-0.0,0.0,0.0
1785525027137920200,1,-0.0108,-0.0,-0.0,0.0,0.0
1785525027158456600,1,-0.0108,-0.0,-0.0,0.0,0.0
1785525027178104700,1,-0.0108,-0.0,-0.0,0.0,0.0
1785525027197665600,1,-0.0108,-0.0,-0.0,0.0,0.0
1785525027217756700,1,-0.0108,-0.0,-0.0,0.0,0.0
1785525027237801600,1,-0.0108,-0.0,-0.0,0.0,0.0
1785525027258280300,1,-0.0108,-0.0,-0.0,0.0,0.0
1785525027277951500,1,-0.0108,-0.0,-0.0,0.0,0.0
1785525027298228000,1,-0.0108,-0.0,-0.0,0.0,0.0
1785525027317543800,1,-0.0108,-0.0,-0.0,0.0,0.0
1785525027337658400,1,-0.0108,-0.0,-0.0,0.0,0.0
1785525027357730700,1,-0.0108,-0.0,-0.0,0.0,0.0
1785525027378063800,1,-0.0108,-0.0,-0.0,0.0,0.0
1785525027398625000,1,-0.0108,-0.0,-0.0,0.0,0.0
1785525027417681000,1,-0.0108,-0.0,-0.0,0.0,0.0
1785525027437733300,1,-0.0108,-0.0,-0.0,0.0,0.0
1785525027457953700,1,-0.0108,-0.0,-0.0,0.0,0.0
1785525027477666200,1,-0.0108,-0.0,-0.0,0.0,0.0
1785525027498485300,1,-0.0108,-0.0,-0.0,0.0,0.0
1785525027517777400,1,-0.0108,-0.0,-0.0,0.0,0.0
1785525027537951500,1,-0.0108,-0.0,-0.0,0.0,0.0
1785525027558401100,1,-0.0108,-0.0,-0.0,0.0,0.0
1785525027577663300,1,-0.0108,-0.0,-0.0,0.0,0.0
1785525027598200400,1,-0.0108,-0.0,-0.0,0.0,0.0
1785525027617858000,1,-0.0108,-0.0,-0.0,0.0,0.0
1785525027638035800,1,-0.0108,-0.0,-0.0,0.0,0.0
1785525027658468900,1,-0.0108,-0.0,-0.0,0.0,0.0
1785525027678045800,1,-0.0108,-0.0,-0.0,0.0,0.0
1785525027698423900,1,-0.0108,-0.0,-0.0,0.0,0.0
1785525027718583400,1,-0.0108,-0.0,-0.0,0.0,0.0
1785525027738035100,1,-0.0108,-0.0,-0.0,0.0,0.0
1785525027758130200,1,-0.0108,-0.0,-0.0,0.0,0.0
1785525027778293100,1,-0.0108,-0.0,-0.0,0.0,0.0
1785525027798303200,1,-0.0108,-0.0,-0.0,0.0,0.0
1785525027817548100,1,-0.0108,-0.0,-0.0,0.0,0.0
1785525027838256600,1,-0.0108,-0.0,-0.0,0.0,0.0
1785525027857596400,1,-0.0108,-0.0,-0.0,0.0,0.0
1785525027878216100,1,-0.0108,-0.0,-0.0,0.0,0.0
1785525027897959300,1,-0.0108,-0.0,-0.0,0.0,0.0
1785525027918134000,1,-0.0108,-0.0,-0.0,0.0,0.0
1785525027938006300,1,-0.0108,-0.0,-0.0,0.0,0.0
1785525027958405700,1,-0.0108,-0.0,-0.0,0.0,0.0
1785525027978328500,1,-0.0108,-0.0,-0.0,0.0,0.0
1785525027998514000,1,-0.0108,-0.0,-0.0,0.0,0.0
1785525028018336600,1,-0.0108,-0.0,-0.0,0.0,0.0
1785525028037942400,1,-0.0108,-0.0,-0.0,0.0,0.0
1785525028058553000,1,-0.0108,-0.0,-0.0,0.0,0.0
1785525028078402300,1,-0.0108,-0.0,-0.0,0.0,0.0
1785525028098449600,1,-0.0108,-0.0,-0.0,0.0,0.0
1785525028117880000,1,-0.0108,-0.0,-0.0,0.0,0.0
1785525028138773300,1,-0.0108,-0.0,-0.0,0.0,0.0
1785525028158354500,1,-0.0108,-0.0,-0.0,0.0,0.0
1785525028177919500,1,-0.0108,-0.0,-0.0,0.0,0.0
1785525028198479700,1,-0.0108,-0.0,-0.0,0.0,0.0
1785525028218521700,1,-0.0108,-0.0,-0.0,0.0,0.0
1785525028238057200,1,-0.0108,-0.0,-0.0,0.0,0.0
1785525028257853000,1,-0.0108,-0.0,-0.0,0.0,0.0
1785525028277863300,1,-0.0108,-0.0,-0.0,0.0,0.0
1785525028297722900,1,-0.0108,-0.0,-0.0,0.0,0.0
1785525028317842400,1,-0.0108,-0.0,-0.0,0.0,0.0
1785525028337653800,1,-0.0108,-0.0,-0.0,0.0,0.0
1785525028357704200,1,-0.0108,-0.0,-0.0,0.0,0.0
1785525028377580100,1,-0.0108,-0.0,-0.0,0.0,0.0
1785525028398589900,1,-0.0108,-0.0,-0.0,0.0,0.0
1785525028418354300,1,-0.0108,-0.0,-0.0,0.0,0.0
1785525028438533100,1,-0.0108,-0.0,-0.0,0.0,0.0
1785525028457871900,1,-0.0108,-0.0,-0.0,0.0,0.0
1785525028478008500,1,-0.0108,-0.0,-0.0,0.0,0.0
1785525028498507200,1,-0.0108,-0.0,-0.0,0.0,0.0
1785525028518708700,1,-0.0108,-0.0,-0.0,0.0,0.0
1785525028537904500,1,-0.0108,-0.0,-0.0,0.0,0.0
1785525028558456900,1,-0.0108,-0.0,-0.0,0.0,0.0
1785525028577972400,1,-0.0108,-0.0,-0.0,0.0,0.0
1785525028598043400,1,-0.0108,-0.0,-0.0,0.0,0.0
1785525028618135700,1,-0.0108,-0.0,-0.0,0.0,0.0
1785525028637964600,1,-0.0108,-0.0,-0.0,0.0,0.0
1785525028658273100,1,-0.0108,-0.0,-0.0,0.0,0.0
1785525028678081500,1,-0.0108,-0.0,-0.0,0.0,0.0
1785525028697566000,1,-0.0108,-0.0,-0.0,0.0,0.0
1785525028717924000,1,-0.0108,-0.0,-0.0,0.0,0.0
1785525028738062400,1,-0.0108,-0.0,-0.0,0.0,0.0
1785525028757884300,1,-0.0108,-0.0,-0.0,0.0,0.0
1785525028778455900,1,-0.0108,-0.0,-0.0,0.0,0.0
1785525028798177600,1,-0.0108,-0.0,-0.0,0.0,0.0
1785525028817742400,1,-0.0108,-0.0,-0.0,0.0,0.0
1785525028837891000,1,-0.0108,-0.0,-0.0,0.0,0.0
1785525028857843900,1,-0.0108,-0.0,-0.0,0.0,0.0
1785525028878362200,1,-0.0108,-0.0,-0.0,0.0,0.0
1785525028898710200,1,-0.0108,-0.0,-0.0,0.0,0.0
1785525028917909800,1,-0.0108,-0.0,-0.0,0.0,0.0
1785525028938570900,1,-0.0108,-0.0,-0.0,0.0,0.0
1785525028958052000,1,-0.0108,-0.0,-0.0,0.0,0.0
1785525028977836500,1,-0.0108,-0.0,-0.0,0.0,0.0
1785525028998121700,1,-0.0108,-0.0,-0.0,0.0,0.0
1785525029018361600,1,-0.0108,-0.0,-0.0,0.0,0.0
1785525029037690100,1,-0.0108,-0.0,-0.0,0.0,0.0
1785525029057955200,1,-0.0108,-0.0,-0.0,0.0,0.0
1785525029078641800,1,-0.0108,-0.0,-0.0,0.0,0.0
1785525029097966500,1,-0.0108,-0.0,-0.0,0.0,0.0
1785525029118275300,1,-0.0108,-0.0,-0.0,0.0,0.0
1785525029137850900,1,-0.0108,-0.0,-0.0,0.0,0.0
1785525029157816800,1,-0.0108,-0.0,-0.0,0.0,0.0
1785525029177837100,1,-0.0108,-0.0,-0.0,0.0,0.0
1785525029198380300,1,-0.0108,-0.0,-0.0,0.0,0.0
1785525029217618600,1,-0.0108,-0.0,-0.0,0.0,0.0
1785525029238130200,1,-0.0108,-0.0,-0.0,0.0,0.0
1785525029258288900,1,-0.0108,-0.0,-0.0,0.0,0.0
1785525029277849300,1,-0.0108,-0.0,-0.0,0.0,0.0
1785525029298144800,1,-0.0108,-0.0,-0.0,0.0,0.0
1785525029318419500,1,-0.0108,-0.0,-0.0,0.0,0.0
1785525029338444900,1,-0.0108,-0.0,-0.0,0.0,0.0
1785525029357591900,1,-0.0108,-0.0,-0.0,0.0,0.0
1785525029377767200,1,-0.0108,-0.0,-0.0,0.0,0.0
1785525029398288100,1,-0.0108,-0.0,-0.0,0.0,0.0
1785525029417930200,1,-0.0108,-0.0,-0.0,0.0,0.0
1785525029437682300,1,-0.0108,-0.0,-0.0,0.0,0.0
1785525029457866600,1,-0.0108,-0.0,-0.0,0.0,0.0
1785525029478398000,1,-0.0108,-0.0,-0.0,0.0,0.0
1785525029498334700,1,-0.0108,-0.0,-0.0,0.0,0.0
1785525029517621800,1,-0.0108,-0.0,-0.0,0.0,0.0
1785525029538075600,1,-0.0108,-0.0,-0.0,0.0,0.0
1785525029558440400,1,-0.0108,-0.0,-0.0,0.0,0.0
1785525029578467700,1,-0.0108,-0.0,-0.0,0.0,0.0
1785525029598405200,1,-0.0108,-0.0,-0.0,0.0,0.0
1785525029617929900,1,-0.0108,-0.0,-0.0,0.0,0.0
1785525029637836000,1,-0.0108,-0.0,-0.0,0.0,0.0
1785525029658146000,1,-0.0108,-0.0,-0.0,0.0,0.0
1785525029678522000,1,-0.0108,-0.0,-0.0,0.0,0.0
1785525029697673400,1,-0.0108,-0.0,-0.0,0.0,0.0
1785525029717935900,1,-0.0108,-0.0,-0.0,0.0,0.0
1785525029738577900,1,-0.0108,-0.0,-0.0,0.0,0.0
1785525029757551700,1,-0.0108,-0.0,-0.0,0.0,0.0
1785525029778081200,1,-0.0108,-0.0,-0.0,0.0,0.0
1785525029797999200,1,-0.0108,-0.0,-0.0,0.0,0.0
1785525029818408700,1,-0.0108,-0.0,-0.0,0.0,0.0
1785525029838009900,1,-0.0108,-0.0,-0.0,0.0,0.0
1785525029858346500,1,-0.0108,-0.0,-0.0,0.0,0.0
1785525029877978800,1,-0.0108,-0.0,-0.0,0.0,0.0
1785525029897541700,1,-0.0108,-0.0,-0.0,0.0,0.0
1785525029917653000,1,-0.0108,-0.0,-0.0,0.0,0.0
1785525029937825800,1,-0.0108,-0.0,-0.0,0.0,0.0
1785525029957634600,1,-0.0108,-0.0,-0.0,0.0,0.0
1785525029977580100,1,-0.0108,-0.0,-0.0,0.0,0.0
1785525029997727100,1,-0.0108,-0.0,-0.0,0.0,0.0
1785525030018481700,1,-0.0108,-0.0,-0.0,0.0,0.0
1785525030038356100,1,-0.0108,-0.0,-0.0,0.0,0.0
1785525030057882900,1,-0.0108,-0.0,-0.0,0.0,0.0
1785525030078279500,1,-0.0108,-0.0,-0.0,0.0,0.0
1785525030097660000,1,-0.0108,-0.0,-0.0,0.0,0.0
1785525030117834600,1,-0.0108,-0.0,-0.0,0.0,0.0
1785525030137865000,1,-0.0108,-0.0,-0.0,0.0,0.0
1785525030157681900,1,-0.0108,-0.0,-0.0,0.0,0.0
1785525030178092700,1,-0.0108,-0.0,-0.0,0.0,0.0
1785525030198330700,1,-0.0108,-0.0,-0.0,0.0,0.0
1785525030217739000,1,-0.0108,-0.0,-0.0,0.0,0.0
1785525030237737000,1,-0.0108,-0.0,-0.0,0.0,0.0
1785525030257954600,1,-0.0108,-0.0,-0.0,0.0,0.0
1785525030278231500,1,-0.0108,-0.0,-0.0,0.0,0.0
1785525030298340200,1,-0.0108,-0.0,-0.0,0.0,0.0
1785525030317642500,1,-0.0108,-0.0,-0.0,0.0,0.0
1785525030338034200,1,-0.0108,-0.0,-0.0,0.0,0.0
1785525030358030700,1,-0.0108,-0.0,-0.0,0.0,0.0
1785525030378198600,1,-0.0108,-0.0,-0.0,0.0,0.0
1785525030398286300,1,-0.0108,-0.0,-0.0,0.0,0.0
1785525030418166400,1,-0.0108,-0.0,-0.0,0.0,0.0
1785525030438681300,1,-0.0108,-0.0,-0.0,0.0,0.0
1785525030457901500,1,-0.0108,-0.0,-0.0,0.0,0.0
1785525030478388200,1,-0.0108,-0.0,-0.0,0.0,0.0
1785525030497700800,1,-0.0108,-0.0,-0.0,0.0,0.0
1785525030518508800,1,-0.0108,-0.0,-0.0,0.0,0.0
1785525030538512300,1,-0.0108,-0.0,-0.0,0.0,0.0
1785525030557554000,1,-0.0108,-0.0,-0.0,0.0,0.0
1785525030578234700,1,-0.0108,-0.0,-0.0,0.0,0.0
1785525030598186600,1,-0.0108,-0.0,-0.0,0.0,0.0
1785525030617839200,1,-0.0108,-0.0,-0.0,0.0,0.0
1785525030638358300,1,-0.0108,-0.0,-0.0,0.0,0.0
1785525030657867100,1,-0.0108,-0.0,-0.0,0.0,0.0
1785525030678203500,1,-0.0108,-0.0,-0.0,0.0,0.0
1785525030697596400,1,-0.0108,-0.0,-0.0,0.0,0.0
1785525030718112300,1,-0.0108,-0.0,-0.0,0.0,0.0
1785525030738385700,1,-0.0108,-0.0,-0.0,0.0,0.0
1785525030758222200,1,-0.0108,-0.0,-0.0,0.0,0.0
1785525030778381300,1,-0.0108,-0.0,-0.0,0.0,0.0
1785525030798331400,1,-0.0108,-0.0,-0.0,0.0,0.0
1785525030818382500,1,-0.0108,-0.0,-0.0,0.0,0.0
1785525030838399500,1,-0.0108,-0.0,-0.0,0.0,0.0
1785525030858829300,1,-0.0108,-0.0,-0.0,0.0,0.0
1785525030878640400,1,-0.0108,-0.0,-0.0,0.0,0.0
1785525030898399300,1,-0.0108,-0.0,-0.0,0.0,0.0
1785525030917884900,1,-0.0108,-0.0,-0.0,0.0,0.0
1785525030938607500,1,-0.0108,-0.0,-0.0,0.0,0.0
1785525030957988900,1,-0.0108,-0.0,-0.0,0.0,0.0
1785525030978640500,1,-0.0108,-0.0,-0.0,0.0,0.0
1785525030998333900,1,-0.0108,-0.0,-0.0,0.0,0.0
1785525031017893100,1,-0.0108,-0.0,-0.0,0.0,0.0
1785525031038837600,1,-0.0108,-0.0,-0.0,0.0,0.0
1785525031058369000,1,-0.0108,-0.0,-0.0,0.0,0.0
1785525031077904800,1,-0.0108,-0.0,-0.0,0.0,0.0
1785525031097602700,1,-0.0108,-0.0,-0.0,0.0,0.0
1785525031118224500,1,-0.0108,-0.0,-0.0,0.0,0.0
1785525031137669000,1,-0.0108,-0.0,-0.0,0.0,0.0
1785525031157994200,1,-0.0108,-0.0,-0.0,0.0,0.0
1785525031178596700,1,-0.0108,-0.0,-0.0,0.0,0.0
1785525031197921000,1,-0.0108,-0.0,-0.0,0.0,0.0
1785525031217863300,1,-0.0108,-0.0,-0.0,0.0,0.0
1785525031237979300,1,-0.0108,-0.0,-0.0,0.0,0.0
1785525031258480300,1,-0.0108,-0.0,-0.0,0.0,0.0
1785525031278649600,1,-0.0108,-0.0,-0.0,0.0,0.0
1785525031298467200,1,-0.0108,-0.0,-0.0,0.0,0.0
1785525031317802000,1,-0.0108,-0.0,-0.0,0.0,0.0
1785525031338301200,1,-0.0108,-0.0,-0.0,0.0,0.0
1785525031357675300,1,-0.0108,-0.0,-0.0,0.0,0.0
1785525031377849800,1,-0.0108,-0.0,-0.0,0.0,0.0
1785525031398221100,1,-0.0108,-0.0,-0.0,0.0,0.0
1785525031417783100,1,-0.0108,-0.0,-0.0,0.0,0.0
1785525031438410400,1,-0.0108,-0.0,-0.0,0.0,0.0
1785525031458362700,1,-0.0108,-0.0,-0.0,0.0,0.0
1785525031478321500,1,-0.0108,-0.0,-0.0,0.0,0.0
1785525031497776200,1,-0.0108,-0.0,-0.0,0.0,0.0
1785525031517911100,1,-0.0108,-0.0,-0.0,0.0,0.0
1785525031537796200,1,-0.0108,-0.0,-0.0,0.0,0.0
1785525031558435500,1,-0.0108,-0.0,-0.0,0.0,0.0
1785525031577906200,1,-0.0108,-0.0,-0.0,0.0,0.0
1785525031598197100,1,-0.0108,-0.0,-0.0,0.0,0.0
1785525031618262300,1,-0.0108,-0.0,-0.0,0.0,0.0
1785525031637556100,1,-0.0108,-0.0,-0.0,0.0,0.0
1785525031657812000,1,-0.0108,-0.0,-0.0,0.0,0.0
1785525031677727000,1,-0.0108,-0.0,-0.0,0.0,0.0
1785525031698180200,1,-0.0108,-0.0,-0.0,0.0,0.0
1785525031717995800,1,-0.0108,-0.0,-0.0,0.0,0.0
1785525031738403300,1,-0.0108,-0.0,-0.0,0.0,0.0
1785525031757820200,1,-0.0108,-0.0,-0.0,0.0,0.0
1785525031778444300,1,-0.0108,-0.0,-0.0,0.0,0.0
1785525031797828700,1,-0.0108,-0.0,-0.0,0.0,0.0
1785525031817543800,1,-0.0108,-0.0,-0.0,0.0,0.0
1785525031838287600,1,-0.0108,-0.0,-0.0,0.0,0.0
1785525031857690900,1,-0.0108,-0.0,-0.0,0.0,0.0
1785525031878040400,1,-0.0108,-0.0,-0.0,0.0,0.0
1785525031897623100,1,-0.0108,-0.0,-0.0,0.0,0.0
1785525031918482900,1,-0.0108,-0.0,-0.0,0.0,0.0
1785525031938179200,1,-0.0108,-0.0,-0.0,0.0,0.0
1785525031957848300,1,-0.0108,-0.0,-0.0,0.0,0.0
1785525031977920000,1,-0.0108,-0.0,-0.0,0.0,0.0
1785525031997782200,1,-0.0108,-0.0,-0.0,0.0,0.0
1785525032017780300,1,-0.0108,-0.0,-0.0,0.0,0.0
1785525032038476700,1,-0.0108,-0.0,-0.0,0.0,0.0
1785525032058500800,1,-0.0108,-0.0,-0.0,0.0,0.0
1785525032078349700,1,-0.0108,-0.0,-0.0,0.0,0.0
1785525032097571200,1,-0.0108,-0.0,-0.0,0.0,0.0
1785525032118214700,1,-0.0108,-0.0,-0.0,0.0,0.0
1785525032137784200,1,-0.0108,-0.0,-0.0,0.0,0.0
1785525032157556800,1,-0.0108,-0.0,-0.0,0.0,0.0
1785525032177737700,1,-0.0108,-0.0,-0.0,0.0,0.0
1785525032198439000,1,-0.0108,-0.0,-0.0,0.0,0.0
1785525032218174200,1,-0.0108,-0.0,-0.0,0.0,0.0
1785525032237633700,1,-0.0108,-0.0,-0.0,0.0,0.0
1785525032258189500,1,-0.0108,-0.0,-0.0,0.0,0.0
1785525032278550400,1,-0.0108,-0.0,-0.0,0.0,0.0
1785525032297898900,1,-0.0108,-0.0,-0.0,0.0,0.0
1785525032318600500,1,-0.0108,-0.0,-0.0,0.0,0.0
1785525032337660700,1,-0.0108,-0.0,-0.0,0.0,0.0
1785525032357602700,1,-0.0108,-0.0,-0.0,0.0,0.0
1785525032378093600,1,-0.0108,-0.0,-0.0,0.0,0.0
1785525032397511800,1,-0.0108,-0.0,-0.0,0.0,0.0
1785525032417861400,1,-0.0108,-0.0,-0.0,0.0,0.0
1785525032438388200,1,-0.0108,-0.0,-0.0,0.0,0.0
1785525032457868800,1,-0.0108,-0.0,-0.0,0.0,0.0
1785525032478101400,1,-0.0108,-0.0,-0.0,0.0,0.0
1785525032498469500,1,-0.0108,-0.0,-0.0,0.0,0.0
1785525032517941400,1,-0.0108,-0.0,-0.0,0.0,0.0
1785525032538627800,1,-0.0108,-0.0,-0.0,0.0,0.0
1785525032558575700,1,-0.0108,-0.0,-0.0,0.0,0.0
1785525032578296700,1,-0.0108,-0.0,-0.0,0.0,0.0
1785525032597637400,1,-0.0108,-0.0,-0.0,0.0,0.0
1785525032618223700,1,-0.0108,-0.0,-0.0,0.0,0.0
1785525032637673400,1,-0.0108,-0.0,-0.0,0.0,0.0
1785525032657661400,1,-0.0108,-0.0,-0.0,0.0,0.0
1785525032677653100,1,-0.0108,-0.0,-0.0,0.0,0.0
1785525032698575300,1,-0.0108,-0.0,-0.0,0.0,0.0
1785525032717622300,1,-0.0108,-0.0,-0.0,0.0,0.0
1785525032737997800,1,-0.0108,-0.0,-0.0,0.0,0.0
1785525032758370100,1,-0.0108,-0.0,-0.0,0.0,0.0
1785525032777991000,1,-0.0108,-0.0,-0.0,0.0,0.0
1785525032798789000,1,-0.0108,-0.0,-0.0,0.0,0.0
1785525032818804200,1,-0.0108,-0.0,-0.0,0.0,0.0
1785525032838506100,1,-0.0108,-0.0,-0.0,0.0,0.0
1785525032858014600,1,-0.0108,-0.0,-0.0,0.0,0.0
1785525032878227700,1,-0.0108,-0.0,-0.0,0.0,0.0
1785525032897856900,1,-0.0108,-0.0,-0.0,0.0,0.0
1785525032918237400,1,-0.0108,-0.0,-0.0,0.0,0.0
1785525032937587600,1,-0.0108,-0.0,-0.0,0.0,0.0
1785525032957957200,1,-0.0108,-0.0,-0.0,0.0,0.0
1785525032977870300,1,-0.0108,-0.0,-0.0,0.0,0.0
1785525032998514200,1,-0.0108,-0.0,-0.0,0.0,0.0
1785525033018334800,1,-0.0108,-0.0,-0.0,0.0,0.0
1785525033037587900,1,-0.0108,-0.0,-0.0,0.0,0.0
1785525033058171800,1,-0.0108,-0.0,-0.0,0.0,0.0
1785525033078089900,1,-0.0108,-0.0,-0.0,0.0,0.0
1785525033098153200,1,-0.0108,-0.0,-0.0,0.0,0.0
1785525033118497300,1,-0.0108,-0.0,-0.0,0.0,0.0
1785525033138425500,1,-0.0108,-0.0,-0.0,0.0,0.0
1785525033157965300,1,-0.0108,-0.0,-0.0,0.0,0.0
1785525033177693700,1,-0.0108,-0.0,-0.0,0.0,0.0
1785525033198330100,1,-0.0108,-0.0,-0.0,0.0,0.0
1785525033217770700,1,-0.0108,-0.0,-0.0,0.0,0.0
1785525033238527400,1,-0.0108,-0.0,-0.0,0.0,0.0
1785525033258527100,1,-0.0108,-0.0,-0.0,0.0,0.0
1785525033277802600,1,-0.0108,-0.0,-0.0,0.0,0.0
1785525033298177300,1,-0.0108,-0.0,-0.0,0.0,0.0
1785525033317617300,1,-0.0108,-0.0,-0.0,0.0,0.0
1785525033338254100,1,-0.0108,-0.0,-0.0,0.0,0.0
1785525033357753600,1,-0.0108,-0.0,-0.0,0.0,0.0
1785525033378064400,1,-0.0108,-0.0,-0.0,0.0,0.0
1785525033397859000,1,-0.0108,-0.0,-0.0,0.0,0.0
1785525033418342600,1,-0.0108,-0.0,-0.0,0.0,0.0
1785525033437967900,1,-0.0108,-0.0,-0.0,0.0,0.0
1785525033457913200,1,-0.0108,-0.0,-0.0,0.0,0.0
1785525033478071100,1,-0.0108,-0.0,-0.0,0.0,0.0
1785525033498494500,1,-0.0108,-0.0,-0.0,0.0,0.0
1785525033518197800,1,-0.0108,-0.0,-0.0,0.0,0.0
1785525033538291300,1,-0.0108,-0.0,-0.0,0.0,0.0
1785525033557930100,1,-0.0108,-0.0,-0.0,0.0,0.0
1785525033578460700,1,-0.0108,-0.0,-0.0,0.0,0.0
1785525033598029700,1,-0.0108,-0.0,-0.0,0.0,0.0
1785525033618767100,1,-0.0108,-0.0,-0.0,0.0,0.0
1785525033637935000,1,-0.0108,-0.0,-0.0,0.0,0.0
1785525033658214900,1,-0.0108,-0.0,-0.0,0.0,0.0
1785525033677943800,1,-0.0108,-0.0,-0.0,0.0,0.0
1785525033698705300,1,-0.0108,-0.0,-0.0,0.0,0.0
1785525033717977900,1,-0.0108,-0.0,-0.0,0.0,0.0
1785525033738389500,1,-0.0108,-0.0,-0.0,0.0,0.0
1785525033757721800,1,-0.0108,-0.0,-0.0,0.0,0.0
1785525033778391000,1,-0.0108,-0.0,-0.0,0.0,0.0
1785525033797866400,1,-0.0108,-0.0,-0.0,0.0,0.0
1785525033817587500,1,-0.0108,-0.0,-0.0,0.0,0.0
1785525033838029100,1,-0.0108,-0.0,-0.0,0.0,0.0
1785525033858688200,1,-0.0108,-0.0,-0.0,0.0,0.0
1785525033878343600,1,-0.0108,-0.0,-0.0,0.0,0.0
1785525033897872400,1,-0.0108,-0.0,-0.0,0.0,0.0
1785525033918224200,1,-0.0108,-0.0,-0.0,0.0,0.0
1785525033937809800,1,-0.0108,-0.0,-0.0,0.0,0.0
1785525033958696500,1,-0.0108,-0.0,-0.0,0.0,0.0
1785525033978293300,1,-0.0108,-0.0,-0.0,0.0,0.0
1785525033998484300,1,-0.0108,-0.0,-0.0,0.0,0.0
1785525034017983000,1,-0.0108,-0.0,-0.0,0.0,0.0
1785525034038237000,1,-0.0108,-0.0,-0.0,0.0,0.0
1785525034057890400,1,-0.0108,-0.0,-0.0,0.0,0.0
1785525034078189300,1,-0.0108,-0.0,-0.0,0.0,0.0
1785525034098577500,1,-0.0108,-0.0,-0.0,0.0,0.0
1785525034118471200,1,-0.0108,-0.0,-0.0,0.0,0.0
1785525034137717300,1,-0.0108,-0.0,-0.0,0.0,0.0
1785525034158240300,1,-0.0108,-0.0,-0.0,0.0,0.0
1785525034177719900,1,-0.0108,-0.0,-0.0,0.0,0.0
1785525034197872600,1,-0.0108,-0.0,-0.0,0.0,0.0
1785525034218491700,1,-0.0108,-0.0,-0.0,0.0,0.0
1785525034238404400,1,-0.0108,-0.0,-0.0,0.0,0.0024296107736186392
1785525034257688800,1,-0.0108,-0.0,-0.0,0.0,0.007170277534553714
1785525034278603600,1,-0.0108,-0.0,-0.0,0.0,0.01450904435438347
1785525034298675900,1,-0.0108,-0.0,-0.0,0.0,0.024023129873976565
1785525034318131600,1,-0.0108,-0.0,-0.0,0.0,0.03388677987278263
1785525034338414100,1,-0.0108,-0.0,-0.0,0.0,0.04407232987251539
1785525034357902500,1,-0.0108,-0.0,-0.0,0.0,0.054066579872606074
1785525034378477700,1,-0.0108,-0.0,-0.0,0.0,0.06393632987238582
1785525034397878400,1,-0.0108,-0.0,-0.0,0.0,0.07405757987363379
1785525034418445600,1,-0.0108,-0.0,-0.0,0.0,0.08393592987341456
1785525034438615000,1,-0.0108,-0.0,-0.0,0.0,0.09155601792897004
1785525034458388100,1,-0.0108,-0.0,-0.0,0.0,0.09677003006948216
1785525034478659600,1,-0.0108,-0.0,-0.0,0.0,0.09954202285233406
1785525034498215100,1,-0.0108,-0.0,-0.0,0.0,0.09993680928800036
1785525034517881500,1,-0.0108,-0.0,-0.0,0.0,0.09993680928800036
1785525034538260600,1,-0.0108,-0.0,-0.0,0.0,0.09993680928800036
1785525034558497700,1,-0.0108,-0.0,-0.0,0.0,0.09993680928800036
1785525034577913300,1,-0.0108,-0.0,-0.0,0.0,0.09993680928800036
1785525034598096100,1,-0.0108,-0.0,-0.0,0.0,0.09993680928800036
1785525034617882500,1,-0.0108,-0.0,-0.0,0.0,0.09993680928800036
1785525034638262500,1,-0.0108,-0.0,-0.0,0.0,0.09993680928800036
1785525034657990200,1,-0.0108,-0.0,-0.0,0.0,0.09993680928800036
1785525034678781900,1,-0.0108,-0.0,-0.0,0.0,0.09993680928800036
1785525034697987100,1,-0.0108,-0.0,-0.0,0.0,0.09993680928800036
1785525034718411100,1,-0.0108,-0.0,-0.0,0.0,0.09993680928800036
1785525034737759900,1,-0.0108,-0.0,-0.0,0.0,0.09993680928800036
1785525034757974800,1,-0.0108,-0.0,-0.0,0.0,0.1023895842660268
1785525034778402300,1,-0.0108,-0.0,-0.0,0.0,0.10718750223283947
1785525034797958600,1,-0.0108,-0.0,-0.0,0.0,0.11443945961458793
1785525034817668500,1,-0.0108,-0.0,-0.0,0.0,0.123888009079714
1785525034837690500,1,-0.0107,-0.0,-0.0,0.0,0.13389275907972134
1785525034858368000,1,-0.0108,-0.0,-0.0,0.0,0.1439823590782582
1785525034877618500,1,-0.0108,-0.0,-0.0,0.0,0.1515267331202838
1785525034897967200,1,-0.0108,-0.0,-0.0,0.0,0.15679584437015848
1785525034918240900,1,-0.0108,-0.0,-0.0,0.0,0.15957945888855882
1785525034937704300,1,-0.0108,-0.0,-0.0,0.0,0.1599979661572434
1785525034957745900,1,-0.0109,-0.0,-0.0,0.0,0.1599979661572434
1785525034978512800,1,-0.0110,-0.0,-0.0,0.0,0.1599979661572434
1785525034998202700,1,-0.0111,-0.0,-0.0,0.0,0.1599979661572434
1785525035018451500,1,-0.0112,-0.0,-0.0,0.0,0.1599979661572434
1785525035038401000,1,-0.0114,-0.0,-0.0,0.0,0.1599979661572434
1785525035058253100,1,-0.0114,-0.0,-0.0,0.0,0.1599979661572434
1785525035078435800,1,-0.0116,-0.0,-0.0,0.0,0.1599979661572434
1785525035098368200,1,-0.0117,-0.0,-0.0,0.0,0.16234683344689976
1785525035117995500,1,-0.0118,-0.0,-0.0,0.0,0.1672209176161737
1785525035137799900,1,-0.0119,-0.0,-0.0,0.0,0.17433442277295072
1785525035158032400,1,-0.0120,-0.0,-0.0,0.0,0.18406376031413335
1785525035178366200,1,-0.0122,-0.0,-0.0,0.0,0.19397751031425675
1785525035197992600,1,-0.0122,-0.0,-0.0,0.0,0.20404036031465173
1785525035217742300,1,-0.0122,-0.0,-0.0,0.0,0.21157332817619565
1785525035238243800,1,-0.0122,-0.0,-0.0,0.0,0.2167885424160404
1785525035257929900,1,-0.0122,-0.0,-0.0,0.0,0.2196386141917287
1785525035277979600,1,-0.0122,-0.0,-0.0,0.0,0.22004130227389798
1785525035298242800,1,-0.0122,-0.0,-0.0,0.0,0.22004130227389798
1785525035317579800,1,-0.0122,-0.0,-0.0,0.0,0.22004130227389798
1785525035337880200,1,-0.0122,-0.0,-0.0,0.0,0.22004130227389798
1785525035358043100,1,-0.0122,-0.0,-0.0,0.0,0.22004130227389798
1785525035378443600,1,-0.0122,-0.0,-0.0,0.0,0.22004130227389798
1785525035398667400,1,-0.0122,-0.0,-0.0,0.0,0.22004130227389798
1785525035417744600,1,-0.0122,-0.0,-0.0,0.0,0.22004130227389798
1785525035438366200,1,-0.0122,-0.0,-0.0,0.0,0.22004130227389798
1785525035458201600,1,-0.0122,-0.0,-0.0,0.0,0.22004130227389798
1785525035478255200,1,-0.0122,-0.0,-0.0,0.0,0.22004130227389798
1785525035497804700,1,-0.0121,-0.0,-0.0,0.0,0.22004130227389798
1785525035518427100,1,-0.0121,-0.0,-0.0,0.0,0.22004130227389798
1785525035537576500,1,-0.0120,-0.0,-0.0,0.0,0.22004130227389798
1785525035557847800,1,-0.0120,-0.0,-0.0,0.0,0.22004130227389798
1785525035578286500,1,-0.0119,-0.0,-0.0,0.0,0.22004130227389798
1785525035598567700,1,-0.0118,-0.0,-0.0,0.0,0.22004130227389798
1785525035617663300,1,-0.0117,-0.0,-0.0,0.0,0.22004130227389798
1785525035638081900,1,-0.0116,-0.0,-0.0,0.0,0.22004130227389798
1785525035657504800,1,-0.0116,-0.0,-0.0,0.0,0.22004130227389798
1785525035677912400,1,-0.0115,-0.0,-0.0,0.0,0.22004130227389798
1785525035698621500,1,-0.0115,-0.0,-0.0,0.0,0.22004130227389798
1785525035718333500,1,-0.0114,-0.0,-0.0,0.0,0.22004130227389798
1785525035737659000,1,-0.0114,-0.0,-0.0,0.0,0.22004130227389798
1785525035757553300,1,-0.0115,-0.0,-0.0,0.0,0.22004130227389798
1785525035778321700,1,-0.0115,-0.0,-0.0,0.0,0.22004130227389798
1785525035797676900,1,-0.0115,-0.0,-0.0,0.0,0.22004130227389798
1785525035818476700,1,-0.0115,-0.0,-0.0,0.0,0.22004130227389798
1785525035838493700,1,-0.0115,-0.0,-0.0,0.0,0.22004130227389798
1785525035857926500,1,-0.0115,-0.0,-0.0,0.0,0.22004130227389798
1785525035878434800,1,-0.0115,-0.0,-0.0,0.0,0.22004130227389798
1785525035897706700,1,-0.0115,-0.0,-0.0,0.0,0.22004130227389798
1785525035917853700,1,-0.0115,-0.0,-0.0,0.0,0.22004130227389798
1785525035937711500,1,-0.0115,-0.0,-0.0,0.0,0.22004130227389798
1785525035958456100,1,-0.0115,-0.0,-0.0,0.0,0.22004130227389798
1785525035978004400,1,-0.0115,-0.0,-0.0,0.0,0.22004130227389798
1785525035997994300,1,-0.0115,-0.0,-0.0,0.0,0.22004130227389798
1785525036017810900,1,-0.0115,-0.0,-0.0,0.0,0.22004130227389798
1785525036037689300,1,-0.0115,-0.0,-0.0,0.0,0.22004130227389798
1785525036057637900,1,-0.0115,-0.0,-0.0,0.0,0.22004130227389798
1785525036077593200,1,-0.0115,-0.0,-0.0,0.0,0.22004130227389798
1785525036098038400,1,-0.0115,-0.0,-0.0,0.0,0.22004130227389798
1785525036117545100,1,-0.0115,-0.0,-0.0,0.0,0.22004130227389798
1785525036138318700,1,-0.0115,-0.0,-0.0,0.0,0.22004130227389798
1785525036157682400,1,-0.0115,-0.0,-0.0,0.0,0.22004130227389798
1785525036178276200,1,-0.0115,-0.0,-0.0,0.0,0.22004130227389798
1785525036198309200,1,-0.0115,-0.0,-0.0,0.0,0.22004130227389798
1785525036217762600,1,-0.0115,-0.0,-0.0,0.0,0.22004130227389798
1785525036237744300,1,-0.0115,-0.0,-0.0,0.0,0.22004130227389798
1785525036258484400,1,-0.0115,-0.0,-0.0,0.0,0.22004130227389798
1785525036278042000,1,-0.0115,-0.0,-0.0,0.0,0.22004130227389798
1785525036298050500,1,-0.0115,-0.0,-0.0,0.0,0.22004130227389798
1785525036318046200,1,-0.0115,-0.0,-0.0,0.0,0.22004130227389798
1785525036337565900,1,-0.0115,-0.0,-0.0,0.0,0.22004130227389798
1785525036358021000,1,-0.0115,-0.0,-0.0,0.0,0.22004130227389798
1785525036378483800,1,-0.0115,-0.0,-0.0,0.0,0.22241977476591823
1785525036397980000,1,-0.0115,-0.0,-0.0,0.0,0.22722575066007794
1785525036418039100,1,-0.0115,-0.0,-0.0,0.0,0.23421034589823977
1785525036437961000,1,-0.0115,-0.0,-0.0,0.0,0.23900229211318383
1785525036457808100,1,-0.0115,-0.0,-0.0,0.0,0.24129247596969855
1785525036478213000,1,-0.0115,-0.0,-0.0,0.0,0.24129247596969855
1785525036498727200,1,-0.0115,-0.0,-0.0,0.0,0.24129247596969855
1785525036518323800,1,-0.0115,-0.0,-0.0,0.0,0.24129247596969855
1785525036537755700,1,-0.0115,-0.0,-0.0,0.0,0.24129247596969855
1785525036558593100,1,-0.0115,-0.0,-0.0,0.0,0.24129247596969855
1785525036578649200,1,-0.0115,-0.0,-0.0,0.0,0.24129247596969855
1785525036598478500,1,-0.0115,-0.0,-0.0,0.0,0.24129247596969855
1785525036618121700,1,-0.0115,-0.0,-0.0,0.0,0.24129247596969855
1785525036637550600,1,-0.0115,-0.0,-0.0,0.0,0.24129247596969855
1785525036658273200,1,-0.0115,-0.0,-0.0,0.0,0.24129247596969855
1785525036677594000,1,-0.0115,-0.0,-0.0,0.0,0.24129247596969855
1785525036698385900,1,-0.0115,-0.0,-0.0,0.0,0.24129247596969855
1785525036717764800,1,-0.0115,-0.0,-0.0,0.0,0.24129247596969855
1785525036738692800,1,-0.0115,-0.0,-0.0,0.0,0.24129247596969855
1785525036757722100,1,-0.0115,-0.0,-0.0,0.0,0.24129247596969855
1785525036778280100,1,-0.0115,-0.0,-0.0,0.0,0.24129247596969855
1785525036798595900,1,-0.0115,-0.0,-0.0,0.0,0.24129247596969855
1785525036818302700,1,-0.0115,-0.0,-0.0,0.0,0.24129247596969855
1785525036838843900,1,-0.0115,-0.0,-0.0,0.0,0.24129247596969855
1785525036857911100,1,-0.0115,-0.0,-0.0,0.0,0.24129247596969855
1785525036877931300,1,-0.0115,-0.0,-0.0,0.0,0.24129247596969855
1785525036898237800,1,-0.0115,-0.0,-0.0,0.0,0.24129247596969855
1785525036917905800,1,-0.0115,-0.0,-0.0,0.0,0.24129247596969855
1785525036937622300,1,-0.0115,-0.0,-0.0,0.0,0.24129247596969855
1785525036958221000,1,-0.0115,-0.0,-0.0,0.0,0.24129247596969855
1785525036977725500,1,-0.0115,-0.0,-0.0,0.0,0.24129247596969855
1785525036998665200,1,-0.0115,-0.0,-0.0,0.0,0.24129247596969855
1785525037017834600,1,-0.0115,-0.0,-0.0,0.0,0.24129247596969855
1785525037038582000,1,-0.0115,-0.0,-0.0,0.0,0.24129247596969855
1785525037057901300,1,-0.0115,-0.0,-0.0,0.0,0.24129247596969855
1785525037078598800,1,-0.0115,-0.0,-0.0,0.0,0.24129247596969855
1785525037098014300,1,-0.0115,-0.0,-0.0,0.0,0.24129247596969855
1785525037118259300,1,-0.0115,-0.0,-0.0,0.0,0.24129247596969855
1785525037138414700,1,-0.0115,-0.0,-0.0,0.0,0.24129247596969855
1785525037157534000,1,-0.0115,-0.0,-0.0,0.0,0.24129247596969855
1785525037178161500,1,-0.0115,-0.0,-0.0,0.0,0.24129247596969855
1785525037198388900,1,-0.0115,-0.0,-0.0,0.0,0.24370807724259888
1785525037218406700,1,-0.0115,-0.0,-0.0,0.0,0.2485853537299571
1785525037237964000,1,-0.0115,-0.0,-0.0,0.0,0.25584352848451936
1785525037257964500,1,-0.0115,-0.0,-0.0,0.0,0.26547883723283566
1785525037278035200,1,-0.0115,-0.0,-0.0,0.0,0.2726090385970647
1785525037297617800,1,-0.0115,-0.0,-0.0,0.0,0.2775109914763246
1785525037317554100,1,-0.0115,-0.0,-0.0,0.0,0.2799885437702234
1785525037337970400,1,-0.0115,-0.0,-0.0,0.0,0.2800252284469622
1785525037357863500,1,-0.0115,-0.0,-0.0,0.0,0.2800252284469622
1785525037378375400,1,-0.0115,-0.0,-0.0,0.0,0.2800252284469622
1785525037398239200,1,-0.0115,-0.0,-0.0,0.0,0.2800252284469622
1785525037418185300,1,-0.0115,-0.0,-0.0,0.0,0.2800252284469622
1785525037437811100,1,-0.0115,-0.0,-0.0,0.0,0.2800252284469622
1785525037458362200,1,-0.0115,-0.0,-0.0,0.0,0.2800252284469622
1785525037477566900,1,-0.0115,-0.0,-0.0,0.0,0.2800252284469622
1785525037497511600,1,-0.0115,-0.0,-0.0,0.0,0.2800252284469622
1785525037518193900,1,-0.0115,-0.0,-0.0,0.0,0.2800252284469622
1785525037538820900,1,-0.0115,-0.0,-0.0,0.0,0.2800252284469622
1785525037558494700,1,-0.0115,-0.0,-0.0,0.0,0.2800252284469622
1785525037577742400,1,-0.0115,-0.0,-0.0,0.0,0.2800252284469622
1785525037598405500,1,-0.0115,-0.0,-0.0,0.0,0.2800252284469622
1785525037617679800,1,-0.0115,-0.0,-0.0,0.0,0.2800252284469622
1785525037638445600,1,-0.0115,-0.0,-0.0,0.0,0.2800252284469622
1785525037657888600,1,-0.0115,-0.0,-0.0,0.0,0.2800252284469622
1785525037678022200,1,-0.0115,-0.0,-0.0,0.0,0.2800252284469622
1785525037697921900,1,-0.0115,-0.0,-0.0,0.0,0.2800252284469622
1785525037718682400,1,-0.0115,-0.0,-0.0,0.0,0.2800252284469622
1785525037738353000,1,-0.0115,-0.0,-0.0,0.0,0.2800252284469622
1785525037757696400,1,-0.0115,-0.0,-0.0,0.0,0.2800252284469622
1785525037778069500,1,-0.0115,-0.0,-0.0,0.0,0.2800252284469622
1785525037797855900,1,-0.0115,-0.0,-0.0,0.0,0.2800252284469622
1785525037818086100,1,-0.0115,-0.0,-0.0,0.0,0.2800252284469622
1785525037838331100,1,-0.0115,-0.0,-0.0,0.0,0.2800252284469622
1785525037858214900,1,-0.0115,-0.0,-0.0,0.0,0.2800252284469622
1785525037877888600,1,-0.0115,-0.0,-0.0,0.0,0.2800252284469622
1785525037898198200,1,-0.0115,-0.0,-0.0,0.0,0.2800252284469622
1785525037917883300,1,-0.0115,-0.0,-0.0,0.0,0.2800252284469622
1785525037938221800,1,-0.0115,-0.0,-0.0,0.0,0.2800252284469622
1785525037958814600,1,-0.0115,-0.0,-0.0,0.0,0.2800252284469622
1785525037977889600,1,-0.0115,-0.0,-0.0,0.0,0.2800252284469622
1785525037998431200,1,-0.0115,-0.0,-0.0,0.0,0.2800252284469622
1785525038018024100,1,-0.0115,-0.0,-0.0,0.0,0.2800252284469622
1785525038038390700,1,-0.0115,-0.0,-0.0,0.0,0.2800252284469622
1785525038058941800,1,-0.0115,-0.0,-0.0,0.0,0.2800252284469622
1785525038078073100,1,-0.0115,-0.0,-0.0,0.0,0.2800252284469622
1785525038097707600,1,-0.0115,-0.0,-0.0,0.0,0.2800252284469622
1785525038118035300,1,-0.0115,-0.0,-0.0,0.0,0.2800252284469622
1785525038137635200,1,-0.0115,-0.0,-0.0,0.0,0.2800252284469622
1785525038157896400,1,-0.0115,-0.0,-0.0,0.0,0.2800252284469622
1785525038178043500,1,-0.0115,-0.0,-0.0,0.0,0.2800252284469622
1785525038198235200,1,-0.0115,-0.0,-0.0,0.0,0.2800252284469622
1785525038217601500,1,-0.0115,-0.0,-0.0,0.0,0.2800252284469622
1785525038238041400,1,-0.0115,-0.0,-0.0,0.0,0.2800252284469622
1785525038258288400,1,-0.0115,-0.0,-0.0,0.0,0.2800252284469622
1785525038277561900,1,-0.0115,-0.0,-0.0,0.0,0.2800252284469622
1785525038298369800,1,-0.0115,-0.0,-0.0,0.0,0.2800252284469622
1785525038318141700,1,-0.0115,-0.0,-0.0,0.0,0.2800252284469622
1785525038338452200,1,-0.0115,-0.0,-0.0,0.0,0.2800252284469622
1785525038357903200,1,-0.0115,-0.0,-0.0,0.0,0.2800252284469622
1785525038378505100,1,-0.0115,-0.0,-0.0,0.0,0.2800252284469622
1785525038398128900,1,-0.0115,-0.0,-0.0,0.0,0.2800252284469622
1785525038418254100,1,-0.0115,-0.0,-0.0,0.0,0.2800252284469622
1785525038438302100,1,-0.0115,-0.0,-0.0,0.0,0.2800252284469622
1785525038458289900,1,-0.0115,-0.0,-0.0,0.0,0.2800252284469622
1785525038478688800,1,-0.0115,-0.0,-0.0,0.0,0.2800252284469622
1785525038497775700,1,-0.0115,-0.0,-0.0,0.0,0.2800252284469622
1785525038518244300,1,-0.0115,-0.0,-0.0,0.0,0.2800252284469622
1785525038537577800,1,-0.0115,-0.0,-0.0,0.0,0.2800252284469622
1785525038557910400,1,-0.0115,-0.0,-0.0,0.0,0.2800252284469622
1785525038578391100,1,-0.0115,-0.0,-0.0,0.0,0.2800252284469622
1785525038598004500,1,-0.0115,-0.0,-0.0,0.0,0.2800252284469622
1785525038618695100,1,-0.0115,-0.0,-0.0,0.0,0.2800252284469622
1785525038637917700,1,-0.0115,-0.0,-0.0,0.0,0.2800252284469622
1785525038658503300,1,-0.0115,-0.0,-0.0,0.0,0.2800252284469622
1785525038678026300,1,-0.0115,-0.0,-0.0,0.0,0.2800252284469622
1785525038697825900,1,-0.0115,-0.0,-0.0,0.0,0.2800252284469622
1785525038718574700,1,-0.0115,-0.0,-0.0,0.0,0.2800252284469622
1785525038738753600,1,-0.0115,-0.0,-0.0,0.0,0.2800252284469622
1785525038757749600,1,-0.0115,-0.0,-0.0,0.0,0.2800252284469622
1785525038778243100,1,-0.0115,-0.0,-0.0,0.0,0.2800252284469622
1785525038797993700,1,-0.0115,-0.0,-0.0,0.0,0.2800252284469622
1785525038818024000,1,-0.0115,-0.0,-0.0,0.0,0.2800252284469622
1785525038838524000,1,-0.0115,-0.0,-0.0,0.0,0.2800252284469622
1785525038857931200,1,-0.0115,-0.0,-0.0,0.0,0.2800252284469622
1785525038878335200,1,-0.0115,-0.0,-0.0,0.0,0.2800252284469622
1785525038897792400,1,-0.0115,-0.0,-0.0,0.0,0.2800252284469622
1785525038918353500,1,-0.0115,-0.0,-0.0,0.0,0.2800252284469622
1785525038937979200,1,-0.0115,-0.0,-0.0,0.0,0.2800252284469622
1785525038958601400,1,-0.0115,-0.0,-0.0,0.0,0.2800252284469622
1785525038978632800,1,-0.0115,-0.0,-0.0,0.0,0.2800252284469622
1785525038997866900,1,-0.0115,-0.0,-0.0,0.0,0.2800252284469622
1785525039018464500,1,-0.0115,-0.0,-0.0,0.0,0.2800252284469622
1785525039038491300,1,-0.0115,-0.0,-0.0,0.0,0.2800252284469622
1785525039057601700,1,-0.0115,-0.0,-0.0,0.0,0.2800252284469622
1785525039078333700,1,-0.0115,-0.0,-0.0,0.0,0.2800252284469622
1785525039097981100,1,-0.0115,-0.0,-0.0,0.0,0.2800252284469622
1785525039118115200,1,-0.0115,-0.0,-0.0,0.0,0.2800252284469622
1785525039137881300,1,-0.0115,-0.0,-0.0,0.0,0.2800252284469622
1785525039158493200,1,-0.0115,-0.0,-0.0,0.0,0.2800252284469622
1785525039178233900,1,-0.0115,-0.0,-0.0,0.0,0.2800252284469622
1785525039197903300,1,-0.0115,-0.0,-0.0,0.0,0.2800252284469622
1785525039217538200,1,-0.0115,-0.0,-0.0,0.0,0.2800252284469622
1785525039238298700,1,-0.0115,-0.0,-0.0,0.0,0.2800252284469622
1785525039257639500,1,-0.0115,-0.0,-0.0,0.0,0.2800252284469622
1785525039277878500,1,-0.0115,-0.0,-0.0,0.0,0.2800252284469622
1785525039298602600,1,-0.0115,-0.0,-0.0,0.0,0.2800252284469622
1785525039317958000,1,-0.0115,-0.0,-0.0,0.0,0.2800252284469622
1785525039338395800,1,-0.0115,-0.0,-0.0,0.0,0.2800252284469622
1785525039358571100,1,-0.0115,-0.0,-0.0,0.0,0.2800252284469622
1785525039378301600,1,-0.0115,-0.0,-0.0,0.0,0.2800252284469622
1785525039397722400,1,-0.0115,-0.0,-0.0,0.0,0.2800252284469622
1785525039418483500,1,-0.0115,-0.0,-0.0,0.0,0.2800252284469622
1785525039437933000,1,-0.0115,-0.0,-0.0,0.0,0.2800252284469622
1785525039458374600,1,-0.0115,-0.0,-0.0,0.0,0.2800252284469622
1785525039478018200,1,-0.0115,-0.0,-0.0,0.0,0.2800252284469622
1785525039498194600,1,-0.0115,-0.0,-0.0,0.0,0.2800252284469622
1785525039517603900,1,-0.0115,-0.0,-0.0,0.0,0.2800252284469622
1785525039538356200,1,-0.0115,-0.0,-0.0,0.0,0.2800252284469622
1785525039558242000,1,-0.0115,-0.0,-0.0,0.0,0.2800252284469622
1785525039577997600,1,-0.0115,-0.0,-0.0,0.0,0.2800252284469622
1785525039598436800,1,-0.0115,-0.0,-0.0,0.0,0.2800252284469622
1785525039617752700,1,-0.0115,-0.0,-0.0,0.0,0.2800252284469622
1785525039638327000,1,-0.0115,-0.0,-0.0,0.0,0.2800252284469622
1785525039658139400,1,-0.0115,-0.0,-0.0,0.0,0.2800252284469622
1785525039677786400,1,-0.0115,-0.0,-0.0,0.0,0.2800252284469622
1785525039698493700,1,-0.0115,-0.0,-0.0,0.0,0.2800252284469622
1785525039717588500,1,-0.0115,-0.0,-0.0,0.0,0.2800252284469622
1785525039737873500,1,-0.0115,-0.0,-0.0,0.0,0.2800252284469622
1785525039757614800,1,-0.0115,-0.0,-0.0,0.0,0.2800252284469622
1785525039778388000,1,-0.0115,-0.0,-0.0,0.0,0.2800252284469622
1785525039798319300,1,-0.0115,-0.0,-0.0,0.0,0.2800252284469622
1785525039817979600,1,-0.0115,-0.0,-0.0,0.0,0.2800252284469622
1785525039838007800,1,-0.0115,-0.0,-0.0,0.0,0.2800252284469622
1785525039857644800,1,-0.0115,-0.0,-0.0,0.0,0.2800252284469622
1785525039878571900,1,-0.0115,-0.0,-0.0,0.0,0.2800252284469622
1785525039897817100,1,-0.0115,-0.0,-0.0,0.0,0.2800252284469622
1785525039918092700,1,-0.0115,-0.0,-0.0,0.0,0.2800252284469622
1785525039938021200,1,-0.0115,-0.0,-0.0,0.0,0.2800252284469622
1785525039958132800,1,-0.0115,-0.0,-0.0,0.0,0.2800252284469622
1785525039978211600,1,-0.0115,-0.0,-0.0,0.0,0.2800252284469622
1785525039998244600,1,-0.0115,-0.0,-0.0,0.0,0.2800252284469622
1785525040018230800,1,-0.0115,-0.0,-0.0,0.0,0.2800252284469622
1785525040037960900,1,-0.0115,-0.0,-0.0,0.0,0.2800252284469622
1785525040058126600,1,-0.0115,-0.0,-0.0,0.0,0.2800252284469622
1785525040077819800,1,-0.0115,-0.0,-0.0,0.0,0.2800252284469622
1785525040097537400,1,-0.0115,-0.0,-0.0,0.0,0.2800252284469622
1785525040118484200,1,-0.0115,-0.0,-0.0,0.0,0.2800252284469622
1785525040138137700,1,-0.0115,-0.0,-0.0,0.0,0.2800252284469622
1785525040157869000,1,-0.0115,-0.0,-0.0,0.0,0.2800252284469622
1785525040178596800,1,-0.0115,-0.0,-0.0,0.0,0.2800252284469622
1785525040197852800,1,-0.0115,-0.0,-0.0,0.0,0.2800252284469622
1785525040217800100,1,-0.0115,-0.0,-0.0,0.0,0.2800252284469622
1785525040238011600,1,-0.0115,-0.0,-0.0,0.0,0.2800252284469622
1785525040257987300,1,-0.0115,-0.0,-0.0,0.0,0.2800252284469622
1785525040277875800,1,-0.0115,-0.0,-0.0,0.0,0.2800252284469622
1785525040298010000,1,-0.0115,-0.0,-0.0,0.0,0.2800252284469622
1785525040318225100,1,-0.0115,-0.0,-0.0,0.0,0.2800252284469622
1785525040337780500,1,-0.0115,-0.0,-0.0,0.0,0.2800252284469622
1785525040358479900,1,-0.0115,-0.0,-0.0,0.0,0.2800252284469622
1785525040377843600,1,-0.0115,-0.0,-0.0,0.0,0.2800252284469622
1785525040398618700,1,-0.0115,-0.0,-0.0,0.0,0.2800252284469622
1785525040418274100,1,-0.0115,-0.0,-0.0,0.0,0.2800252284469622
1785525040437882100,1,-0.0115,-0.0,-0.0,0.0,0.2800252284469622
1785525040457791100,1,-0.0115,-0.0,-0.0,0.0,0.2800252284469622
1785525040478725200,1,-0.0115,-0.0,-0.0,0.0,0.2800252284469622
1785525040497525400,1,-0.0115,-0.0,-0.0,0.0,0.2800252284469622
1785525040518397500,1,-0.0115,-0.0,-0.0,0.0,0.2800252284469622
1785525040537739900,1,-0.0115,-0.0,-0.0,0.0,0.2800252284469622
1785525040558499900,1,-0.0115,-0.0,-0.0,0.0,0.2800252284469622
1785525040578564300,1,-0.0115,-0.0,-0.0,0.0,0.2800252284469622
1785525040597648900,1,-0.0115,-0.0,-0.0,0.0,0.2800252284469622
1785525040617683000,1,-0.0115,-0.0,-0.0,0.0,0.2800252284469622
1785525040638598900,1,-0.0115,-0.0,-0.0,0.0,0.2800252284469622
1785525040657629000,1,-0.0115,-0.0,-0.0,0.0,0.2800252284469622
1785525040677566600,1,-0.0115,-0.0,-0.0,0.0,0.2800252284469622
1785525040698462600,1,-0.0115,-0.0,-0.0,0.0,0.2800252284469622
1785525040717784100,1,-0.0115,-0.0,-0.0,0.0,0.2800252284469622
1785525040738466700,1,-0.0115,-0.0,-0.0,0.0,0.2800252284469622
1785525040757889800,1,-0.0115,-0.0,-0.0,0.0,0.2800252284469622
1785525040778149500,1,-0.0115,-0.0,-0.0,0.0,0.2800252284469622
1785525040797698400,1,-0.0115,-0.0,-0.0,0.0,0.2800252284469622
1785525040818182200,1,-0.0115,-0.0,-0.0,0.0,0.2800252284469622
1785525040838245300,1,-0.0115,-0.0,-0.0,0.0,0.2800252284469622
1785525040857944700,1,-0.0115,-0.0,-0.0,0.0,0.2800252284469622
1785525040877583500,1,-0.0115,-0.0,-0.0,0.0,0.2800252284469622
1785525040898096100,1,-0.0115,-0.0,-0.0,0.0,0.2800252284469622
1785525040918238000,1,-0.0115,-0.0,-0.0,0.0,0.2800252284469622
1785525040937542800,1,-0.0115,-0.0,-0.0,0.0,0.2800252284469622
1785525040958472100,1,-0.0115,-0.0,-0.0,0.0,0.2800252284469622
1785525040977736100,1,-0.0115,-0.0,-0.0,0.0,0.2800252284469622
1785525040998252900,1,-0.0115,-0.0,-0.0,0.0,0.2800252284469622
1785525041018205300,1,-0.0115,-0.0,-0.0,0.0,0.2800252284469622
1785525041037689900,1,-0.0115,-0.0,-0.0,0.0,0.2800252284469622
1785525041057630200,1,-0.0115,-0.0,-0.0,0.0,0.2800252284469622
1785525041077643100,1,-0.0115,-0.0,-0.0,0.0,0.2800252284469622
1785525041098387200,1,-0.0115,-0.0,-0.0,0.0,0.2800252284469622
1785525041118822100,1,-0.0115,-0.0,-0.0,0.0,0.2800252284469622
1785525041137899800,1,-0.0115,-0.0,-0.0,0.0,0.2800252284469622
1785525041157746700,1,-0.0115,-0.0,-0.0,0.0,0.2800252284469622
1785525041177960100,1,-0.0115,-0.0,-0.0,0.0,0.2800252284469622
1785525041197958400,1,-0.0115,-0.0,-0.0,0.0,0.2800252284469622
1785525041218419000,1,-0.0115,-0.0,-0.0,0.0,0.2800252284469622
1785525041237602100,1,-0.0115,-0.0,-0.0,0.0,0.2800252284469622
1785525041258424700,1,-0.0115,-0.0,-0.0,0.0,0.2800252284469622
1785525041277852400,1,-0.0115,-0.0,-0.0,0.0,0.2800252284469622
1785525041298159200,1,-0.0115,-0.0,-0.0,0.0,0.2800252284469622
1785525041317872100,1,-0.0115,-0.0,-0.0,0.0,0.2800252284469622
1785525041338397300,1,-0.0115,-0.0,-0.0,0.0,0.2800252284469622
1785525041358837700,1,-0.0115,-0.0,-0.0,0.0,0.2800252284469622
1785525041378053600,1,-0.0115,-0.0,-0.0,0.0,0.2800252284469622
1785525041398203600,1,-0.0115,-0.0,-0.0,0.0,0.2800252284469622
1785525041418304500,1,-0.0115,-0.0,-0.0,0.0,0.2800252284469622
1785525041437987000,1,-0.0115,-0.0,-0.0,0.0,0.2800252284469622
1785525041457614800,1,-0.0115,-0.0,-0.0,0.0,0.2800252284469622
1785525041478529700,1,-0.0115,-0.0,-0.0,0.0,0.2800252284469622
1785525041497915500,1,-0.0115,-0.0,-0.0,0.0,0.2800252284469622
1785525041518012600,1,-0.0115,-0.0,-0.0,0.0,0.2800252284469622
1785525041537685300,1,-0.0115,-0.0,-0.0,0.0,0.2800252284469622
1785525041558532100,1,-0.0115,-0.0,-0.0,0.0,0.2800252284469622
1785525041577926000,1,-0.0115,-0.0,-0.0,0.0,0.2800252284469622
1785525041598702500,1,-0.0115,-0.0,-0.0,0.0,0.2800252284469622
1785525041618336500,1,-0.0115,-0.0,-0.0,0.0,0.2800252284469622
1785525041637699400,1,-0.0115,-0.0,-0.0,0.0,0.2800252284469622
1785525041658508000,1,-0.0115,-0.0,-0.0,0.0,0.2800252284469622
1785525041678426400,1,-0.0115,-0.0,-0.0,0.0,0.2800252284469622
1785525041697658900,1,-0.0115,-0.0,-0.0,0.0,0.2800252284469622
1785525041718325500,1,-0.0115,-0.0,-0.0,0.0,0.2800252284469622
1785525041737781800,1,-0.0115,-0.0,-0.0,0.0,0.2800252284469622
1785525041757533600,1,-0.0115,-0.0,-0.0,0.0,0.2800252284469622
1785525041777778700,1,-0.0115,-0.0,-0.0,0.0,0.2800252284469622
1785525041797744800,1,-0.0115,-0.0,-0.0,0.0,0.2800252284469622
1785525041817521500,1,-0.0115,-0.0,-0.0,0.0,0.2800252284469622
1785525041838025200,1,-0.0115,-0.0,-0.0,0.0,0.2800252284469622
1785525041858172500,1,-0.0115,-0.0,-0.0,0.0,0.2800252284469622
1785525041878090400,1,-0.0115,-0.0,-0.0,0.0,0.2800252284469622
1785525041897735500,1,-0.0115,-0.0,-0.0,0.0,0.2800252284469622
1785525041918514100,1,-0.0115,-0.0,-0.0,0.0,0.2800252284469622
1785525041937498700,1,-0.0115,-0.0,-0.0,0.0,0.2800252284469622
1785525041957730800,1,-0.0115,-0.0,-0.0,0.0,0.2800252284469622
1785525041978334400,1,-0.0115,-0.0,-0.0,0.0,0.2800252284469622
1785525041998098300,1,-0.0115,-0.0,-0.0,0.0,0.2800252284469622
1785525042018231800,1,-0.0115,-0.0,-0.0,0.0,0.2800252284469622
1785525042038213400,1,-0.0115,-0.0,-0.0,0.0,0.2800252284469622
1785525042057921900,1,-0.0115,-0.0,-0.0,0.0,0.2800252284469622
1785525042077972300,1,-0.0115,-0.0,-0.0,0.0,0.2800252284469622
1785525042098497700,1,-0.0115,-0.0,-0.0,0.0,0.2800252284469622
1785525042117933300,1,-0.0115,-0.0,-0.0,0.0,0.2800252284469622
1785525042137714000,1,-0.0115,-0.0,-0.0,0.0,0.2800252284469622
1785525042157572900,1,-0.0115,-0.0,-0.0,0.0,0.2800252284469622
1785525042178053200,1,-0.0115,-0.0,-0.0,0.0,0.2800252284469622
1785525042197882300,1,-0.0115,-0.0,-0.0,0.0,0.2800252284469622
1785525042217784000,1,-0.0115,-0.0,-0.0,0.0,0.2800252284469622
1785525042238332900,1,-0.0115,-0.0,-0.0,0.0,0.2800252284469622
1785525042258022600,1,-0.0115,-0.0,-0.0,0.0,0.2800252284469622
1785525042277869300,1,-0.0115,-0.0,-0.0,0.0,0.2800252284469622
1785525042298036000,1,-0.0115,-0.0,-0.0,0.0,0.2800252284469622
1785525042318767900,1,-0.0115,-0.0,-0.0,0.0,0.2800252284469622
1785525042337859000,1,-0.0115,-0.0,-0.0,0.0,0.2800252284469622
1785525042358648500,1,-0.0115,-0.0,-0.0,0.0,0.2800252284469622
1785525042377896500,1,-0.0115,-0.0,-0.0,0.0,0.2800252284469622
1785525042398308400,1,-0.0115,-0.0,-0.0,0.0,0.2800252284469622
1785525042417913900,1,-0.0115,-0.0,-0.0,0.0,0.2800252284469622
1785525042438439500,1,-0.0115,-0.0,-0.0,0.0,0.2800252284469622
1785525042457995000,1,-0.0115,-0.0,-0.0,0.0,0.2800252284469622
1785525042477932300,1,-0.0115,-0.0,-0.0,0.0,0.2800252284469622
1785525042498101800,1,-0.0115,-0.0,-0.0,0.0,0.2800252284469622
1785525042517913900,1,-0.0115,-0.0,-0.0,0.0,0.2800252284469622
1785525042537945100,1,-0.0115,-0.0,-0.0,0.0,0.2800252284469622
1785525042557974200,1,-0.0115,-0.0,-0.0,0.0,0.2800252284469622
1785525042578316100,1,-0.0115,-0.0,-0.0,0.0,0.2800252284469622
1785525042598386400,1,-0.0115,-0.0,-0.0,0.0,0.2800252284469622
1785525042617773600,1,-0.0115,-0.0,-0.0,0.0,0.2800252284469622
1785525042638600400,1,-0.0115,-0.0,-0.0,0.0,0.2800252284469622
1785525042657567000,1,-0.0115,-0.0,-0.0,0.0,0.2800252284469622
1785525042678496700,1,-0.0115,-0.0,-0.0,0.0,0.2800252284469622
1785525042697594100,1,-0.0115,-0.0,-0.0,0.0,0.2800252284469622
1785525042717592300,1,-0.0115,-0.0,-0.0,0.0,0.2800252284469622
1785525042738451700,1,-0.0115,-0.0,-0.0,0.0,0.2800252284469622
1785525042758433400,1,-0.0115,-0.0,-0.0,0.0,0.2800252284469622
1785525042777847500,1,-0.0115,-0.0,-0.0,0.0,0.2800252284469622
1785525042797983200,1,-0.0115,-0.0,-0.0,0.0,0.2800252284469622
1785525042818053300,1,-0.0115,-0.0,-0.0,0.0,0.2800252284469622
1785525042837916900,1,-0.0115,-0.0,-0.0,0.0,0.2800252284469622
1785525042858435100,1,-0.0115,-0.0,-0.0,0.0,0.2800252284469622
1785525042878793500,1,-0.0115,-0.0,-0.0,0.0,0.2800252284469622
1785525042898151200,1,-0.0115,-0.0,-0.0,0.0,0.2800252284469622
1785525042917932600,1,-0.0115,-0.0,-0.0,0.0,0.2800252284469622
1785525042938168100,1,-0.0115,-0.0,-0.0,0.0,0.2800252284469622
1785525042957827200,1,-0.0115,-0.0,-0.0,0.0,0.2800252284469622
1785525042978813600,1,-0.0115,-0.0,-0.0,0.0,0.2800252284469622
1785525042998359300,1,-0.0115,-0.0,-0.0,0.0,0.2800252284469622
1785525043017841900,1,-0.0115,-0.0,-0.0,0.0,0.2800252284469622
1785525043038249200,1,-0.0115,-0.0,-0.0,0.0,0.2800252284469622
1785525043057579500,1,-0.0115,-0.0,-0.0,0.0,0.2800252284469622
1785525043078273700,1,-0.0115,-0.0,-0.0,0.0,0.2800252284469622
1785525043097924400,1,-0.0115,-0.0,-0.0,0.0,0.2800252284469622
1785525043118458700,1,-0.0115,-0.0,-0.0,0.0,0.2800252284469622
1785525043138079800,1,-0.0115,-0.0,-0.0,0.0,0.2800252284469622
1785525043158150700,1,-0.0115,-0.0,-0.0,0.0,0.2800252284469622
1785525043178038800,1,-0.0115,-0.0,-0.0,0.0,0.2800252284469622
1785525043198470600,1,-0.0115,-0.0,-0.0,0.0,0.2800252284469622
1785525043218580900,1,-0.0115,-0.0,-0.0,0.0,0.2800252284469622
1785525043237708200,1,-0.0115,-0.0,-0.0,0.0,0.2800252284469622
1785525043257898000,1,-0.0115,-0.0,-0.0,0.0,0.2800252284469622
1785525043278374300,1,-0.0115,-0.0,-0.0,0.0,0.2800252284469622
1785525043298509100,1,-0.0115,-0.0,-0.0,0.0,0.2800252284469622
1785525043317520500,1,-0.0115,-0.0,-0.0,0.0,0.2800252284469622
1785525043338219400,1,-0.0115,-0.0,-0.0,0.0,0.2800252284469622
1785525043357978300,1,-0.0115,-0.0,-0.0,0.0,0.2800252284469622
1785525043377679900,1,-0.0115,-0.0,-0.0,0.0,0.2800252284469622
1785525043397694900,1,-0.0115,-0.0,-0.0,0.0,0.2800252284469622
1785525043417987200,1,-0.0115,-0.0,-0.0,0.0,0.2800252284469622
1785525043438468600,1,-0.0115,-0.0,-0.0,0.0,0.2800252284469622
1785525043457796100,1,-0.0115,-0.0,-0.0,0.0,0.2800252284469622
1785525043477989900,1,-0.0115,-0.0,-0.0,0.0,0.2800252284469622
1785525043498263600,1,-0.0115,-0.0,-0.0,0.0,0.2800252284469622
1785525043518384500,1,-0.0115,-0.0,-0.0,0.0,0.2800252284469622
1785525043537627700,1,-0.0115,-0.0,-0.0,0.0,0.2800252284469622
1785525043557959600,1,-0.0115,-0.0,-0.0,0.0,0.2800252284469622
1785525043577764500,1,-0.0115,-0.0,-0.0,0.0,0.2800252284469622
1785525043597694600,1,-0.0115,-0.0,-0.0,0.0,0.2800252284469622
1785525043617894400,1,-0.0115,-0.0,-0.0,0.0,0.2800252284469622
1785525043637870300,1,-0.0115,-0.0,-0.0,0.0,0.2800252284469622
1785525043657632100,1,-0.0115,-0.0,-0.0,0.0,0.2800252284469622
1785525043678042200,1,-0.0115,-0.0,-0.0,0.0,0.2800252284469622
1785525043698562300,1,-0.0115,-0.0,-0.0,0.0,0.2800252284469622
1785525043718111600,1,-0.0115,-0.0,-0.0,0.0,0.2800252284469622
1785525043738364500,1,-0.0115,-0.0,0.6069810000190046,0.0,0.2800252284469622
1785525043757755800,1,-0.0115,-0.0,1.2041730000419193,0.0,0.2800252284469622
1785525043778470400,1,-0.0115,-0.0,1.8075420000604936,0.0,0.2800252284469622
1785525043797608800,1,-0.0115,-0.0,2.400462000077823,0.0,0.2800252284469622
1785525043817547200,1,-0.0115,-0.0,2.5,0.0,0.2800252284469622
1785525043838246700,1,-0.0115,-0.0,2.5,0.0,0.2800252284469622
1785525043858234300,1,-0.0115,-0.0,2.5,0.0,0.2800252284469622
1785525043877912200,1,-0.0115,-0.0,2.5,0.0,0.2800252284469622
1785525043898248500,1,-0.0115,-0.0,2.5,0.0,0.2800252284469622
1785525043917535700,1,-0.0115,-0.0,1.8997690000833245,0.0,0.2800252284469622
1785525043937811100,1,-0.0115,-0.0,1.2915430000794004,0.0,0.2800252284469622
1785525043958190500,1,-0.0115,-0.0,0.6991630000266014,0.0,0.2800252284469622
1785525043977812400,1,-0.0115,-0.0,0.09124000003794208,0.0,0.2800252284469622
1785525043998118500,1,-0.0115,-0.0,-0.0,0.0,0.2800252284469622
1785525044018065800,1,-0.0115,-0.0,-0.0,0.0,0.2800252284469622
1785525044038676000,1,-0.0115,-0.0,-0.0,0.0,0.2800252284469622
1785525044057977400,1,-0.0115,-0.0,-0.0,0.0,0.2800252284469622
1785525044078567300,1,-0.0115,-0.0,-0.0,0.0,0.2800252284469622
1785525044097680300,1,-0.0115,-0.0,-0.0,0.0,0.2800252284469622
1785525044118040500,1,-0.0115,-0.0,-0.0,0.0,0.2800252284469622
1785525044137852800,1,-0.0115,-0.0,-0.0,0.0,0.2800252284469622
1785525044158018900,1,-0.0115,-0.0,-0.0,0.0,0.2800252284469622
1785525044178589500,1,-0.0115,-0.0,-0.0,0.0,0.2800252284469622
1785525044197859400,1,-0.0115,-0.0,-0.0,0.0,0.2800252284469622
1785525044218332500,1,-0.0115,-0.0,-0.0,0.0,0.2800252284469622
1785525044238022900,1,-0.0115,-0.0,-0.0,0.0,0.2800252284469622
1785525044257633100,1,-0.0115,-0.0,-0.0,0.0,0.2800252284469622
1785525044278573300,1,-0.0115,-0.0,-0.0,0.0,0.2800252284469622
1785525044298313900,1,-0.0115,-0.0,-0.0,0.0,0.2800252284469622
1785525044317808900,1,-0.0115,-0.0,-0.0,0.0,0.2800252284469622
1785525044338286000,1,-0.0115,-0.0,-0.0,0.0,0.2800252284469622
1785525044357970800,1,-0.0115,-0.0,-0.0,0.0,0.2800252284469622
1785525044378397900,1,-0.0115,-0.0,-0.0,0.0,0.2800252284469622
1785525044398005500,1,-0.0115,-0.0,-0.0,0.0,0.2800252284469622
1785525044418575100,1,-0.0115,-0.0,-0.0,0.0,0.2800252284469622
1785525044437561500,1,-0.0115,-0.0,-0.0,0.0,0.2800252284469622
1785525044457693800,1,-0.0115,-0.0,-0.0,0.0,0.2800252284469622
1785525044478425200,1,-0.0115,-0.0,-0.0,0.0,0.2800252284469622
1785525044498126500,1,-0.0115,-0.0,-0.0,0.0,0.2800252284469622
1785525044517573300,1,-0.0115,-0.0,-0.0,0.0,0.2800252284469622
1785525044537771800,1,-0.0115,-0.0,-0.0,0.0,0.2800252284469622
1785525044557735200,1,-0.0115,-0.0,-0.0,0.0,0.2800252284469622
1785525044578255900,1,-0.0115,-0.0,-0.0,0.0,0.2800252284469622
1785525044597813000,1,-0.0115,-0.0,-0.0,0.0,0.2800252284469622
1785525044618428800,1,-0.0115,-0.0,-0.0,0.0,0.2800252284469622
1785525044638633200,1,-0.0115,-0.0,-0.0,0.0,0.2800252284469622
1785525044657967900,1,-0.0115,-0.0,-0.0,0.0,0.2800252284469622
1785525044678583300,1,-0.0115,-0.0,-0.0,0.0,0.2800252284469622
1785525044697805000,1,-0.0115,-0.0,-0.0,0.0,0.2800252284469622
1785525044718435700,1,-0.0115,-0.0,-0.0,0.0,0.2800252284469622
1785525044737884000,1,-0.0115,-0.0,-0.0,0.0,0.2800252284469622
1785525044758689000,1,-0.0115,-0.0,-0.0,0.0,0.2800252284469622
1785525044777930100,1,-0.0115,-0.0,-0.0,0.0,0.2800252284469622
1785525044798148600,1,-0.0115,-0.0,-0.0,0.0,0.2800252284469622
1785525044818335500,1,-0.0115,-0.0,-0.0,0.0,0.2800252284469622
1785525044837995700,1,-0.0115,-0.0,-0.0,0.0,0.2800252284469622
1785525044857737700,1,-0.0115,-0.0,-0.0,0.0,0.2800252284469622
1785525044877724300,1,-0.0115,-0.0,-0.0,0.0,0.2800252284469622
1785525044898412200,1,-0.0115,-0.0,-0.0,0.0,0.2800252284469622
1785525044918275400,1,-0.0115,-0.0,-0.0,0.0,0.2800252284469622
1785525044938263300,1,-0.0115,-0.0,-0.0,0.0,0.2800252284469622
1785525044957485100,1,-0.0115,-0.0,-0.0,0.0,0.2800252284469622
1785525044978168900,1,-0.0115,-0.0,-0.0,0.0,0.2800252284469622
1785525044998360600,1,-0.0115,-0.0,-0.0,0.0,0.2800252284469622
1785525045017777600,1,-0.0115,-0.0,-0.0,0.0,0.2800252284469622
1785525045037848700,1,-0.0115,-0.0,-0.0,0.0,0.2800252284469622
1785525045057893000,1,-0.0115,-0.0,-0.0,0.0,0.2800252284469622
1785525045078282600,1,-0.0115,-0.0,-0.0,0.0,0.2800252284469622
1785525045098255700,1,-0.0115,-0.0,-0.0,0.0,0.2800252284469622
1785525045117764000,1,-0.0115,-0.0,-0.0,0.0,0.2800252284469622
1785525045138086100,1,-0.0115,-0.0,-0.0,0.0,0.2800252284469622
1785525045158435700,1,-0.0115,-0.0,-0.0,0.0,0.2800252284469622
1785525045178070600,1,-0.0115,-0.0,-0.0,0.0,0.2800252284469622
1785525045197860500,1,-0.0115,-0.0,-0.0,0.0,0.2800252284469622
1785525045218064800,1,-0.0115,-0.0,-0.0,0.0,0.2800252284469622
1785525045237848300,1,-0.0115,-0.0,-0.0,0.0,0.2800252284469622
1785525045258472700,1,-0.0115,-0.0,-0.0,0.0,0.2800252284469622
1785525045278022700,1,-0.0115,-0.0,-0.0,0.0,0.2800252284469622
1785525045297953100,1,-0.0115,-0.0,-0.0,0.0,0.2800252284469622
1785525045318243100,1,-0.0115,-0.0,-0.0,0.0,0.2800252284469622
1785525045338435400,1,-0.0115,-0.0,-0.0,0.0,0.2800252284469622
1785525045357534100,1,-0.0115,-0.0,-0.0,0.0,0.2800252284469622
1785525045377742500,1,-0.0115,-0.0,-0.0,0.0,0.2800252284469622
1785525045398388100,1,-0.0115,-0.0,-0.0,0.0,0.2800252284469622
1785525045417676100,1,-0.0115,-0.0,-0.0,0.0,0.2800252284469622
1785525045437595700,1,-0.0115,-0.0,-0.0,0.0,0.2800252284469622
1785525045458141900,1,-0.0115,-0.0,-0.0,0.0,0.2800252284469622
1785525045478382000,1,-0.0115,-0.0,-0.0,0.0,0.2800252284469622
1785525045497755400,1,-0.0115,-0.0,-0.0,0.0,0.2800252284469622
1785525045518456500,1,-0.0115,-0.0,-0.0,0.0,0.2800252284469622
1785525045538195000,1,-0.0115,-0.0,-0.0,0.0,0.2800252284469622
1785525045558240300,1,-0.0115,-0.0,-0.0,0.0,0.2800252284469622
1785525045578489700,1,-0.0115,-0.0,-0.0,0.0,0.2800252284469622
1785525045598322600,1,-0.0115,-0.0,-0.0,0.0,0.2800252284469622
1785525045618479300,1,-0.0115,-0.0,0.6064980000519427,0.0,0.2800252284469622
1785525045637830200,1,-0.0115,-0.0,1.2022650000290014,0.0,0.2800252284469622
1785525045658265200,1,-0.0115,-0.0,1.7997720000494155,0.0,0.2800252284469622
1785525045678351300,1,-0.0115,-0.0,2.39710500005458,0.0,0.2800252284469622
1785525045697783700,1,-0.0115,-0.0,1.7932800000562565,0.0,0.2800252284469622
1785525045718355800,1,-0.0115,-0.0,1.1908260000200244,0.0,0.2800252284469622
1785525045738373900,1,-0.0115,-0.0,0.5930580000858754,0.0,0.2800252284469622
1785525045758386200,1,-0.0115,-0.0,-0.0,0.0,0.2800252284469622
1785525045778340400,1,-0.0115,-0.0,-0.0,0.0,0.2800252284469622
1785525045797503000,1,-0.0115,-0.0,-0.0,0.0,0.2800252284469622
1785525045817561000,1,-0.0115,-0.0,-0.0,0.0,0.2800252284469622
1785525045838943200,1,-0.0115,-0.0,-0.0,0.0,0.2800252284469622
1785525045857787100,1,-0.0115,-0.0,-0.0,0.0,0.2800252284469622
1785525045878041500,1,-0.0115,-0.0,-0.0,0.0,0.2800252284469622
1785525045897620300,1,-0.0115,-0.6026670000210288,-0.0,0.0,0.2800252284469622
1785525045918494600,1,-0.0115,-1.2110310000934987,-0.0,0.0,0.2800252284469622
1785525045937976200,1,-0.0115,-1.8129210000915918,-0.0,0.0,0.2800252284469622
1785525045958486500,1,-0.0115,-2.409627000015462,-0.0,0.0,0.2800252284469622
1785525045977925600,1,-0.0115,-2.5,-0.0,0.0,0.2800252284469622
1785525045998408600,1,-0.0115,-2.5,-0.0,0.0,0.2800252284469622
1785525046018160200,1,-0.0115,-1.9102810000185855,-0.0,0.0,0.2800252284469622
1785525046037700200,1,-0.0115,-1.306272999936482,-0.0,0.0,0.2800252284469622
1785525046058299400,1,-0.0115,-0.7080579999819747,-0.0,0.0,0.2800252284469622
1785525046077951100,1,-0.0115,-0.09865899999567773,-0.0,0.0,0.2800252284469622
1785525046098154500,1,-0.0115,-0.0,-0.0,0.0,0.2800252284469622
1785525046117816000,1,-0.0115,-0.0,-0.0,0.0,0.2800252284469622
1785525046138443400,1,-0.0115,-0.0,-0.0,0.0,0.2800252284469622
1785525046157719200,1,-0.0115,-0.0,-0.0,0.0,0.2800252284469622
1785525046178332700,1,-0.0115,-0.0,-0.0,0.0,0.2800252284469622
1785525046197792800,1,-0.0115,-0.0,-0.0,0.0,0.2800252284469622
1785525046218404800,1,-0.0115,-0.0,-0.0,0.0,0.2800252284469622
1785525046238825100,1,-0.0115,-0.0,-0.0,0.0,0.2800252284469622
1785525046257812000,1,-0.0115,-0.0,-0.0,0.0,0.2800252284469622
1785525046277967800,1,-0.0115,-0.0,-0.0,0.0,0.2800252284469622
1785525046298289900,1,-0.0115,-0.0,-0.0,0.0,0.2800252284469622
1785525046317981300,1,-0.0115,-0.6056429999807733,-0.0,0.0,0.2800252284469622
1785525046338101600,1,-0.0115,-1.1946810000154073,-0.0,0.0,0.2800252284469622
1785525046357519000,1,-0.0115,-1.7923890000383835,-0.0,0.0,0.2800252284469622
1785525046378089200,1,-0.0115,-2.393331000021135,-0.0,0.0,0.2800252284469622
1785525046398387200,1,-0.0115,-2.5,-0.0,0.0,0.2800252284469622
1785525046418186300,1,-0.0115,-2.5,-0.0,0.0,0.2800252284469622
1785525046437684300,1,-0.0115,-1.8973779999942053,-0.0,0.0,0.2800252284469622
1785525046458159900,1,-0.0115,-1.2978369999837014,-0.0,0.0,0.2800252284469622
1785525046478455200,1,-0.0115,-0.6895150000127614,-0.0,0.0,0.2800252284469622
1785525046498273000,1,-0.0115,-0.09809200004383456,-0.0,0.0,0.2800252284469622
1785525046517896500,1,-0.0115,-0.0,-0.0,0.0,0.2800252284469622
1785525046537982300,1,-0.0115,-0.0,-0.0,0.0,0.2800252284469622
1785525046558263900,1,-0.0115,-0.0,-0.0,0.0,0.2800252284469622
1785525046578359600,1,-0.0115,-0.0,-0.0,0.0,0.2800252284469622
1785525046597820900,1,-0.0115,-0.0,-0.0,0.0,0.2800252284469622
1785525046618010700,1,-0.0115,-0.0,-0.0,0.0,0.2800252284469622
1785525046638125900,1,-0.0115,-0.0,-0.0,0.0,0.2800252284469622
1785525046658479600,1,-0.0115,-0.0,-0.0,0.0,0.2800252284469622
1785525046677940500,1,-0.0115,-0.0,-0.0,0.0,0.2800252284469622
1785525046698319700,1,-0.0115,-0.5960610000329325,-0.0,0.0,0.2800252284469622
1785525046717973500,1,-0.0115,-1.2008280000009108,-0.0,0.0,0.2800252284469622
1785525046738345800,1,-0.0115,-1.79063399998995,-0.0,0.0,0.2800252284469622
1785525046757717400,1,-0.0115,-2.393085000003339,-0.0,0.0,0.2800252284469622
1785525046777953100,1,-0.0115,-2.5,-0.0,0.0,0.2800252284469622
1785525046798257700,1,-0.0115,-1.9063090000054217,-0.0,0.0,0.2800252284469622
1785525046818357700,1,-0.0115,-1.3125819999550004,-0.0,0.0,0.2800252284469622
1785525046837667200,1,-0.0115,-0.7085169999845675,-0.0,0.0,0.2800252284469622
1785525046857705900,1,-0.0115,-0.10725399995862972,-0.0,0.0,0.2800252284469622
1785525046877649200,1,-0.0115,-0.0,-0.0,0.0,0.2800252284469622
1785525046897587200,1,-0.0115,-0.0,-0.0,0.0,0.2800252284469622
1785525046918344500,1,-0.0115,-0.0,-0.0,0.0,0.2800252284469622
1785525046937660500,1,-0.0115,-0.0,-0.0,0.0,0.2800252284469622
1785525046957679100,1,-0.0115,-0.0,-0.0,0.0,0.2800252284469622
1785525046977959700,1,-0.0115,-0.0,-0.0,0.0,0.2800252284469622
1785525046998294100,1,-0.0115,-0.0,-0.0,0.0,0.2800252284469622
1785525047018135600,1,-0.0115,-0.0,-0.0,0.0,0.2800252284469622
1785525047037795900,1,-0.0115,-0.0,-0.0,0.0,0.2800252284469622
1785525047057955900,1,-0.0115,-0.0,-0.0,0.0,0.2800252284469622
1785525047078181000,1,-0.0115,-0.0,-0.0,0.0,0.2800252284469622
1785525047097621300,1,-0.0115,-0.0,-0.0,0.0,0.2800252284469622
1785525047117900400,1,-0.0115,-0.0,-0.0,0.0,0.2800252284469622
1785525047138534100,1,-0.0115,-0.0,-0.0,0.0,0.2800252284469622
1785525047157893900,1,-0.0115,-0.0,-0.0,0.0,0.2800252284469622
1785525047178606900,1,-0.0115,0.5973149999772431,-0.0,0.0,0.2800252284469622
1785525047197984200,1,-0.0115,1.2038789999860455,-0.0,0.0,0.2800252284469622
1785525047218158600,1,-0.0115,1.7919870000332594,-0.0,0.0,0.2800252284469622
1785525047237915300,1,-0.0115,2.401086000027135,-0.0,0.0,0.2800252284469622
1785525047257812800,1,-0.0115,2.5,-0.0,0.0,0.2800252284469622
1785525047278032400,1,-0.0115,2.5,-0.0,0.0,0.2800252284469622
1785525047298279900,1,-0.0115,2.5,-0.0,0.0,0.2800252284469622
1785525047317528500,1,-0.0115,2.5,-0.0,0.0,0.2800252284469622
1785525047337621400,1,-0.0115,2.5,-0.0,0.0,0.2800252284469622
1785525047358003200,1,-0.0115,2.5,-0.0,0.0,0.2800252284469622
1785525047378461600,1,-0.0115,2.5,-0.0,0.0,0.2800252284469622
1785525047398132300,1,-0.0115,2.5,-0.0,0.0,0.2800252284469622
1785525047418419300,1,-0.0115,2.5,-0.0,0.0,0.2800252284469622
1785525047438933900,1,-0.0115,2.5,-0.0,0.0,0.2800252284469622
1785525047457976800,1,-0.0115,2.5,-0.0,0.0,0.2800252284469622
1785525047478073700,1,-0.0115,2.5,-0.0,0.0,0.2800252284469622
1785525047498264600,1,-0.0115,2.5,-0.0,0.0,0.2800252284469622
1785525047517678200,1,-0.0115,2.5,-0.0,0.0,0.2800252284469622
1785525047537647600,1,-0.0115,2.5,-0.0,0.0,0.2800252284469622
1785525047557804900,1,-0.0115,2.5,-0.0,0.0,0.2800252284469622
1785525047578027100,1,-0.0115,2.5,-0.0,0.0,0.2800252284469622
1785525047598252800,1,-0.0115,2.5,-0.0,0.0,0.2800252284469622
1785525047617657700,1,-0.0115,2.5,-0.0,0.0,0.2800252284469622
1785525047638198300,1,-0.0115,2.5,-0.0,0.0,0.2800252284469622
1785525047658459200,1,-0.0115,2.5,-0.0,0.0,0.2800252284469622
1785525047678405000,1,-0.0115,2.5,-0.0,0.0,0.2800252284469622
1785525047698279900,1,-0.0115,2.5,-0.0,0.0,0.2800252284469622
1785525047717887500,1,-0.0115,2.5,-0.0,0.0,0.2800252284469622
1785525047737771600,1,-0.0115,2.5,-0.0,0.0,0.2800252284469622
1785525047757622000,1,-0.0115,2.5,-0.0,0.0,0.2800252284469622
1785525047778157700,1,-0.0115,2.5,-0.0,0.0,0.2800252284469622
1785525047797720900,1,-0.0115,2.5,-0.0,0.0,0.2800252284469622
1785525047818560200,1,-0.0115,2.5,-0.0,0.0,0.2800252284469622
1785525047837903100,1,-0.0115,2.5,-0.0,0.0,0.2800252284469622
1785525047857741100,1,-0.0115,2.5,-0.0,0.0,0.2800252284469622
1785525047877886300,1,-0.0115,2.5,-0.0,0.0,0.2800252284469622
1785525047898215300,1,-0.0115,2.5,-0.0,0.0,0.2800252284469622
1785525047917819500,1,-0.0115,2.5,-0.0,0.0,0.2800252284469622
1785525047938666500,1,-0.0115,1.8996400000833091,-0.0,0.0,0.2800252284469622
1785525047957782300,1,-0.0115,1.3010140000551473,-0.0,0.0,0.2800252284469622
1785525047978045000,1,-0.0115,0.7087690000480507,-0.0,0.0,0.2800252284469622
1785525047998271600,1,-0.0115,0.10264900003676303,-0.0,0.0,0.2800252284469622
1785525048017692900,1,-0.0115,-0.0,-0.0,0.0,0.2800252284469622
1785525048038186300,1,-0.0115,-0.0,-0.0,0.0,0.2800252284469622
1785525048057986800,1,-0.0115,-0.0,-0.0,0.0,0.2800252284469622
1785525048078166500,1,-0.0115,-0.0,-0.0,0.0,0.2800252284469622
1785525048097806300,1,-0.0115,-0.0,-0.0,0.0,0.2800252284469622
1785525048118253600,1,-0.0115,-0.0,-0.0,0.0,0.2800252284469622
1785525048137770900,1,-0.0115,-0.0,-0.0,0.0,0.2800252284469622
1785525048157707900,1,-0.0115,-0.0,-0.0,0.0,0.2800252284469622
1785525048178014900,1,-0.0115,-0.0,-0.0,0.0,0.2800252284469622
1785525048198313000,1,-0.0115,-0.0,-0.0,0.0,0.2800252284469622
1785525048217890900,1,-0.0115,-0.0,-0.0,0.0,0.2800252284469622
1785525048238068500,1,-0.0115,-0.0,-0.0,0.0,0.2800252284469622
1785525048258753400,1,-0.0115,-0.0,-0.0,0.0,0.2800252284469622
1785525048277543300,1,-0.0115,-0.0,-0.0,0.0,0.2800252284469622
1785525048298197200,1,-0.0115,-0.0,-0.0,0.0,0.2800252284469622
1785525048317636800,1,-0.0115,-0.0,-0.0,0.0,0.2800252284469622
1785525048338033400,1,-0.0115,-0.0,-0.0,0.0,0.2800252284469622
1785525048358090200,1,-0.0115,-0.0,-0.0,0.0,0.2800252284469622
1785525048377779000,1,-0.0115,-0.0,-0.0,0.0,0.2800252284469622
1785525048397763200,1,-0.0115,-0.0,-0.0,0.0,0.2800252284469622
1785525048418083800,1,-0.0115,-0.0,-0.0,0.0,0.2800252284469622
1785525048437989900,1,-0.0115,-0.0,-0.0,0.0,0.2800252284469622
1785525048458363800,1,-0.0115,-0.0,-0.0,0.0,0.2800252284469622
1785525048478469900,1,-0.0115,-0.0,-0.0,0.0,0.2800252284469622
1785525048497851500,1,-0.0115,-0.0,-0.0,0.0,0.2800252284469622
1785525048518258300,1,-0.0115,-0.0,-0.0,0.0,0.2800252284469622
1785525048537673100,1,-0.0115,-0.0,-0.0,0.0,0.2800252284469622
1785525048557642300,1,-0.0115,-0.0,-0.0,0.0,0.2800252284469622
1785525048577956700,1,-0.0115,-0.0,-0.0,0.0,0.2800252284469622
1785525048597801700,1,-0.0115,-0.0,-0.0,0.0,0.2800252284469622
1785525048618294600,1,-0.0115,-0.0,-0.0,0.0,0.2800252284469622
1785525048637802400,1,-0.0115,-0.0,-0.0,0.0,0.2800252284469622
1785525048657894500,1,-0.0115,-0.0,-0.0,0.0,0.2800252284469622
1785525048677993900,1,-0.0115,-0.0,-0.0,0.0,0.2800252284469622
1785525048697869900,1,-0.0115,-0.0,-0.0,0.0,0.2800252284469622
1785525048717989700,1,-0.0115,-0.0,-0.0,0.0,0.2800252284469622
1785525048737779700,1,-0.0115,-0.0,-0.0,0.0,0.2800252284469622
1785525048757768600,1,-0.0115,-0.0,-0.0,0.0,0.2800252284469622
1785525048778229600,1,-0.0115,-0.0,-0.0,0.0,0.2800252284469622
1785525048797646900,1,-0.0115,-0.0,-0.0,0.0,0.2800252284469622
1785525048817961500,1,-0.0115,-0.0,-0.0,0.0,0.2800252284469622
1785525048838449900,1,-0.0115,-0.0,-0.0,0.0,0.2800252284469622
1785525048857969000,1,-0.0115,-0.0,-0.0,0.0,0.2800252284469622
1785525048878358900,1,-0.0115,-0.0,-0.0,0.0,0.2800252284469622
1785525048897841600,1,-0.0115,-0.0,-0.0,0.0,0.2800252284469622
1785525048917935400,1,-0.0115,-0.0,-0.0,0.0,0.2800252284469622
1785525048937926000,1,-0.0115,-0.0,-0.0,0.0,0.2800252284469622
1785525048957924900,1,-0.0115,-0.0,-0.0,0.0,0.2800252284469622
1785525048978030700,1,-0.0115,-0.588473999996495,-0.0,0.0,0.2800252284469622
1785525048998172500,1,-0.0115,-1.1881559999892488,-0.0,0.0,0.2800252284469622
1785525049017582300,1,-0.0115,-1.7901660000279662,-0.0,0.0,0.2800252284469622
1785525049037726900,1,-0.0115,-2.3943900000085705,-0.0,0.0,0.2800252284469622
1785525049058004100,1,-0.0115,-2.5,-0.0,0.0,0.2800252284469622
1785525049078043600,1,-0.0115,-2.5,-0.0,0.0,0.2800252284469622
1785525049098465900,1,-0.0115,-2.5,-0.0,0.0,0.2800252284469622
1785525049117761800,1,-0.0115,-2.5,-0.0,0.0,0.2800252284469622
1785525049138337700,1,-0.0115,-2.5,-0.0,0.0,0.2800252284469622
1785525049157989800,1,-0.0115,-2.5,-0.0,0.0,0.2800252284469622
1785525049178274300,1,-0.0115,-2.5,-0.0,0.0,0.2800252284469622
1785525049197883200,1,-0.0115,-2.5,-0.0,0.0,0.2800252284469622
1785525049218291900,1,-0.0115,-2.5,-0.0,0.0,0.2800252284469622
1785525049237685500,1,-0.0115,-2.5,-0.0,0.0,0.2800252284469622
1785525049257966400,1,-0.0115,-2.5,-0.0,0.0,0.2800252284469622
1785525049278359100,1,-0.0115,-2.5,-0.0,0.0,0.2800252284469622
1785525049297833000,1,-0.0115,-2.5,-0.0,0.0,0.2800252284469622
1785525049317991100,1,-0.0115,-2.5,-0.0,0.0,0.2800252284469622
1785525049337844000,1,-0.0115,-2.5,-0.0,0.0,0.2800252284469622
1785525049358268100,1,-0.0115,-2.5,-0.0,0.0,0.2800252284469622
1785525049377543600,1,-0.0115,-2.5,-0.0,0.0,0.2800252284469622
1785525049397882900,1,-0.0115,-2.5,-0.0,0.0,0.2800252284469622
1785525049418689000,1,-0.0115,-2.5,-0.0,0.0,0.2800252284469622
1785525049437821600,1,-0.0115,-2.5,-0.0,0.0,0.2800252284469622
1785525049458487900,1,-0.0115,-2.5,-0.0,0.0,0.2800252284469622
1785525049478597500,1,-0.0115,-2.5,-0.0,0.0,0.2800252284469622
1785525049497911000,1,-0.0115,-2.5,-0.0,0.0,0.2800252284469622
1785525049517805000,1,-0.0115,-2.5,-0.0,0.0,0.2800252284469622
1785525049537501300,1,-0.0115,-2.5,-0.0,0.0,0.2800252284469622
1785525049557967700,1,-0.0115,-2.5,-0.0,0.0,0.2800252284469622
1785525049578208300,1,-0.0115,-2.5,-0.0,0.0,0.2800252284469622
1785525049598122900,1,-0.0115,-2.5,-0.0,0.0,0.2800252284469622
1785525049617982100,1,-0.0115,-2.5,-0.0,0.0,0.2800252284469622
1785525049638029400,1,-0.0115,-2.5,-0.0,0.0,0.2800252284469622
1785525049657840400,1,-0.0115,-2.5,-0.0,0.0,0.2800252284469622
1785525049678784600,1,-0.0115,-2.5,-0.0,0.0,0.2800252284469622
1785525049698313500,1,-0.0115,-2.5,-0.0,0.0,0.2800252284469622
1785525049717674900,1,-0.0115,-2.5,-0.0,0.0,0.2800252284469622
1785525049738271100,1,-0.0115,-2.5,-0.0,0.0,0.2800252284469622
1785525049757531400,1,-0.0115,-2.5,-0.0,0.0,0.2800252284469622
1785525049778434800,1,-0.0115,-2.5,-0.0,0.0,0.2800252284469622
1785525049798231100,1,-0.0115,-2.5,-0.0,0.0,0.2800252284469622
1785525049817973300,1,-0.0115,-2.5,-0.0,0.0,0.2800252284469622
1785525049837989200,1,-0.0115,-2.5,-0.0,0.0,0.2800252284469622
1785525049857670100,1,-0.0115,-2.5,-0.0,0.0,0.2800252284469622
1785525049878489400,1,-0.0115,-2.5,-0.0,0.0,0.2800252284469622
1785525049898411200,1,-0.0115,-2.5,-0.0,0.0,0.2800252284469622
1785525049918147300,1,-0.0115,-2.5,-0.0,0.0,0.2800252284469622
1785525049937820200,1,-0.0115,-2.5,-0.0,0.0,0.2800252284469622
1785525049958275900,1,-0.0115,-2.5,-0.0,0.0,0.2800252284469622
1785525049977888000,1,-0.0115,-2.5,-0.0,0.0,0.2800252284469622
1785525049998331600,1,-0.0115,-2.5,-0.0,0.0,0.2800252284469622
1785525050017895700,1,-0.0115,-2.5,-0.0,0.0,0.2800252284469622
1785525050037944900,1,-0.0115,-2.5,-0.0,0.0,0.2800252284469622
1785525050057680800,1,-0.0115,-1.9079799999599345,-0.0,0.0,0.2800252284469622
1785525050077936500,1,-0.0115,-1.3005369999154937,-0.0,0.0,0.2800252284469622
1785525050097992600,1,-0.0115,-0.6983409999884316,-0.0,0.0,0.2800252284469622
1785525050118532300,1,-0.0115,-0.10552600000664825,-0.0,0.0,0.2800252284469622
1785525050138433900,1,-0.0115,-0.0,-0.0,0.0,0.2800252284469622
1785525050157745000,1,-0.0115,-0.0,-0.0,0.0,0.2800252284469622
1785525050178320200,1,-0.0115,-0.0,-0.0,0.0,0.2800252284469622
1785525050198396900,1,-0.0115,-0.0,-0.0,0.0,0.2800252284469622
1785525050217810000,1,-0.0115,-0.0,-0.0,0.0,0.2800252284469622
1785525050238240500,1,-0.0115,-0.0,-0.0,0.0,0.2800252284469622
1785525050258405700,1,-0.0115,-0.0,-0.0,0.0,0.2800252284469622
1785525050277633300,1,-0.0115,-0.0,-0.0,0.0,0.2800252284469622
1785525050297778700,1,-0.0115,-0.0,-0.0,0.0,0.2800252284469622
1785525050318026000,1,-0.0115,-0.0,-0.0,0.0,0.2800252284469622
1785525050337830400,1,-0.0115,-0.0,-0.0,0.0,0.2800252284469622
1785525050357982400,1,-0.0115,-0.0,-0.0,0.0,0.2800252284469622
1785525050377954200,1,-0.0115,-0.0,-0.0,0.0,0.2800252284469622
1785525050398656900,1,-0.0115,-0.0,-0.0,0.0,0.2800252284469622
1785525050417996900,1,-0.0115,-0.0,-0.0,0.0,0.2800252284469622
1785525050438365900,1,-0.0115,-0.0,-0.0,0.0,0.2800252284469622
1785525050457762400,1,-0.0115,-0.0,-0.0,0.0,0.2800252284469622
1785525050478330000,1,-0.0115,-0.0,-0.0,0.0,0.2800252284469622
1785525050497959400,1,-0.0115,-0.0,-0.0,0.0,0.2800252284469622
1785525050518046800,1,-0.0115,-0.0,-0.0,0.0,0.2800252284469622
1785525050537713900,1,-1.2157,-0.0,-0.0,0.0,0.2800252284469622
1785525050557700100,1,-1.3613,-0.0,-0.0,0.0,0.2800252284469622
1785525050577764700,1,-1.5982,-0.0,-0.0,0.0,0.2800252284469622
1785525050597989100,1,-1.6665,-0.0,-0.0,0.0,0.2800252284469622
1785525050618408200,1,-1.6887,-0.0,-0.0,0.0,0.2800252284469622
1785525050638335400,1,-1.6786,-0.0,-0.0,0.0,0.2800252284469622
1785525050657551700,1,-1.6402,-0.0,-0.0,0.0,0.2800252284469622
1785525050678046800,1,-1.6306,-0.0,-0.0,0.0,0.2800252284469622
1785525050698335100,1,-1.6298,-0.0,-0.0,0.0,0.2800252284469622
1785525050718315600,1,-1.6330,-0.0,-0.0,0.0,0.2800252284469622
1785525050738186800,1,-1.8787,-0.0,-0.0,0.0,0.2800252284469622
1785525050758425900,1,-2.3150,-0.0,-0.0,0.0,0.2800252284469622
1785525050778266700,1,-2.3850,-0.0,-0.0,0.0,0.2800252284469622
1785525050798624600,1,-2.4188,-0.0,-0.0,0.0,0.2800252284469622
1785525050818352400,1,-2.4183,-0.0,-0.0,0.0,0.2800252284469622
1785525050838212500,1,-2.4177,-0.0,-0.0,0.0,0.2800252284469622
1785525050857477200,1,-2.4173,-0.0,-0.0,0.0,0.2800252284469622
1785525050877900400,1,-2.4153,-0.0,-0.0,0.0,0.2800252284469622
1785525050898300300,1,-2.4137,-0.0,-0.0,0.0,0.2800252284469622
1785525050917728900,1,-2.4127,-0.0,-0.0,0.0,0.2800252284469622
1785525050938549800,1,-2.4119,-0.0,-0.0,0.0,0.2800252284469622
1785525050957666400,1,-2.4109,-0.0,-0.0,0.0,0.2800252284469622
1785525050978421300,1,-2.4109,-0.0,-0.0,0.0,0.2800252284469622
1785525050997532400,1,-2.4105,-0.0,-0.0,0.0,0.2800252284469622
1785525051017519300,1,-2.4104,-0.0,-0.0,0.0,0.2800252284469622
1785525051038160000,1,-2.4104,-0.0,-0.0,0.0,0.2800252284469622
1785525051058404600,1,-2.4104,-0.0,-0.0,0.0,0.2800252284469622
1785525051078045400,1,-2.4104,-0.0,-0.0,0.0,0.2800252284469622
1785525051097965500,1,-2.4104,-0.0,-0.0,0.0,0.2800252284469622
1785525051118392700,1,-2.4104,-0.0,-0.0,0.0,0.2800252284469622
1785525051138434000,1,-2.4103,-0.0,-0.0,0.0,0.2800252284469622
1785525051159014800,1,-2.4103,-0.0,-0.0,0.0,0.2800252284469622
1785525051178130100,1,-2.4102,-0.0,-0.0,0.0,0.2800252284469622
1785525051198432900,1,-2.4102,-0.0,-0.0,0.0,0.2800252284469622
1785525051217755400,1,-2.4101,-0.0,-0.0,0.0,0.2800252284469622
1785525051237843900,1,-2.4101,-0.0,-0.0,0.0,0.2800252284469622
1785525051257996700,1,-2.4101,-0.0,-0.0,0.0,0.2800252284469622
1785525051278163200,1,-2.4100,-0.0,-0.0,0.0,0.2800252284469622
1785525051298287900,1,-2.4100,-0.0,-0.0,0.0,0.2800252284469622
1785525051318369900,1,-2.4100,-0.0,-0.0,0.0,0.2800252284469622
1785525051338885800,1,-2.4099,-0.0,-0.0,0.0,0.2800252284469622
1785525051358394700,1,-2.4099,-0.0,-0.0,0.0,0.2800252284469622
1785525051378448000,1,-2.4098,-0.0,-0.0,0.0,0.2800252284469622
1785525051397978900,1,-2.4097,-0.0,-0.0,0.0,0.2800252284469622
1785525051417802300,1,-2.4097,-0.0,-0.0,0.0,0.2800252284469622
1785525051438227400,1,-2.4097,-0.0,-0.0,0.0,0.2800252284469622
1785525051457726000,1,-2.4096,-0.0,-0.0,0.0,0.2800252284469622
1785525051478516500,1,-2.4095,-0.0,-0.0,0.0,0.2800252284469622
1785525051498358900,1,-2.4095,-0.0,-0.0,0.0,0.2800252284469622
1785525051517595400,1,-2.4095,-0.0,-0.0,0.0,0.2800252284469622
1785525051538355700,1,-2.4094,-0.0,-0.0,0.0,0.2800252284469622
1785525051557786900,1,0.0000,-0.0,-0.0,0.0,0.0
1785525051577752200,1,0.0000,-0.0,-0.0,0.0,0.0
1785525051598755900,1,0.0000,-0.0,-0.0,0.0,0.0
1785525051617809200,1,0.0000,-0.0,-0.0,0.0,0.0
1785525051638499100,1,-0.0000,-0.0,-0.0,0.0,0.0
1785525051657955100,1,-0.0000,-0.0,-0.0,0.0,0.0
1785525051677716200,1,-0.0000,-0.0,-0.0,0.0,0.0
1785525051697617500,1,-0.0000,-0.0,-0.0,0.0,0.0
1785525051718005100,1,0.0000,-0.0,-0.0,0.0,0.0
1785525051738471000,1,0.0000,-0.0,-0.0,0.0,0.0
1785525051757954500,1,0.0000,-0.0,-0.0,0.0,0.0
1785525051778456700,1,0.0000,-0.0,-0.0,0.0,0.0
1785525051798109600,1,0.0000,-0.0,-0.0,0.0,0.0
1785525051818164200,1,0.0000,-0.0,-0.0,0.0,0.0
1785525051837964900,1,0.0005,-0.0,-0.0,0.0,0.0
1785525051857711800,1,0.0005,-0.0,-0.0,0.0,0.0
1785525051878355900,1,0.0008,-0.0,-0.0,0.0,0.0
1785525051897896600,1,0.0010,-0.0,-0.0,0.0,0.0
1785525051918408600,1,0.0012,-0.0,-0.0,0.0,0.0
1785525051937595300,1,0.0014,-0.0,-0.0,0.0,0.0
1785525051958404300,1,0.0017,-0.0,-0.0,0.0,0.0
1785525051978142500,1,0.0018,-0.0,-0.0,0.0,0.0
1785525051998360400,1,0.0020,-0.0,-0.0,0.0,0.0
1785525052017925800,1,0.0022,-0.0,-0.0,0.0,0.0
1785525052037507900,1,0.0024,-0.0,-0.0,0.0,0.0
1785525052058159800,1,0.0025,-0.0,-0.0,0.0,0.0
1785525052077969800,0,0.0027,-0.0,-0.0,0.0,0.0
1785525052098303300,0,0.0027,-0.0,-0.0,0.0,0.0
1785525052117703500,0,0.0027,-0.0,-0.0,0.0,0.0
1785525052137496400,0,0.0027,-0.0,-0.0,0.0,0.0
1785525052158259900,0,0.0027,-0.0,-0.0,0.0,0.0
1785525052177945800,0,0.0027,-0.0,-0.0,0.0,0.0
1785525052198462100,0,0.0027,-0.0,-0.0,0.0,0.0
1785525052218042300,0,0.0027,-0.0,-0.0,0.0,0.0
1785525052237887300,0,0.0027,-0.0,-0.0,0.0,0.0
1785525052258444700,0,0.0027,-0.0,-0.0,0.0,0.0
1785525052277956100,0,0.0027,-0.0,-0.0,0.0,0.0
1785525052297523400,0,0.0027,-0.0,-0.0,0.0,0.0
1785525052317970700,0,0.0027,-0.0,-0.0,0.0,0.0
1785525052337987400,0,0.0027,-0.0,-0.0,0.0,0.0
1785525052357507900,0,0.0027,-0.0,-0.0,0.0,0.0
1785525052377544400,0,0.0027,-0.0,-0.0,0.0,0.0
1785525052398426500,0,0.0027,-0.0,-0.0,0.0,0.0
1785525052417739200,0,0.0027,-0.0,-0.0,0.0,0.0
1785525052438598800,0,0.0027,-0.0,-0.0,0.0,0.0
1785525052457559600,1,0.0027,-0.0,-0.0,0.0,0.0
1785525052478084700,1,0.0027,-0.0,-0.0,0.0,0.0
1785525052497604300,1,0.0027,-0.0,-0.0,0.0,0.0
1785525052518131600,1,0.0027,-0.0,-0.0,0.0,0.0
1785525052537830000,1,0.0027,-0.0,-0.0,0.0,0.0
1785525052558453500,1,0.0027,-0.0,-0.0,0.0,0.0
1785525052577909300,1,0.0027,-0.0,-0.0,0.0,0.0
1785525052598252600,1,0.0027,-0.0,-0.0,0.0,0.0
1785525052617961800,1,0.0027,-0.0,-0.0,0.0,0.0
1785525052638230400,1,0.0027,-0.0,-0.0,0.0,0.0
1785525052657899400,1,0.0027,-0.0,-0.0,0.0,0.0
1785525052678228000,1,0.0027,-0.0,-0.0,0.0,0.0
1785525052697532700,1,0.0027,-0.0,-0.0,0.0,0.0
1785525052717841400,1,0.0027,-0.0,-0.0,0.0,0.0
1785525052738405200,1,0.0027,-0.0,-0.0,0.0,0.0
1785525052757967200,1,0.0027,-0.0,-0.0,0.0,0.0
1785525052778283100,1,0.0027,-0.0,-0.0,0.0,0.0
1785525052797466600,1,0.0027,-0.0,-0.0,0.0,0.0
1785525052817805600,1,0.0027,-0.0,-0.0,0.0,0.0
1785525052837983100,1,0.0027,-0.0,-0.0,0.0,0.0
1785525052857834700,1,0.0027,-0.0,-0.0,0.0,0.0
1785525052878599400,1,0.0027,-0.0,-0.0,0.0,0.0
1785525052897702900,1,0.0027,-0.0,-0.0,0.0,0.0
1785525052917880200,1,0.0027,-0.0,-0.0,0.0,0.0
1785525052937974000,1,0.0027,-0.0,-0.0,0.0,0.0
1785525052958308200,1,0.0027,-0.0,-0.0,0.0,0.0
1785525052978387800,1,0.0027,-0.0,-0.0,0.0,0.0
1785525052998218500,1,0.0027,-0.0,-0.0,0.0,0.0
1785525053017676300,1,0.0027,-0.0,-0.0,0.0,0.0
1785525053038239200,1,0.0027,-0.0,-0.0,0.0,0.0
1785525053058561900,1,0.0027,-0.0,-0.0,0.0,0.0
1785525053078499800,1,0.0027,-0.0,-0.0,0.0,0.0
1785525053097652900,1,0.0027,-0.0,-0.0,0.0,0.0
1785525053118443500,1,0.0027,-0.0,-0.0,0.0,0.0
1785525053137890600,1,0.0027,-0.0,-0.0,0.0,0.0
1785525053158310100,1,0.0027,-0.0,-0.0,0.0,0.0
1785525053177534600,1,0.0027,-0.0,-0.0,0.0,0.0
1785525053198207700,1,0.0027,-0.0,-0.0,0.0,0.0
1785525053217857900,1,0.0027,-0.0,-0.0,0.0,0.0
1785525053238008400,1,0.0027,-0.0,-0.0,0.0,0.0
1785525053257611600,1,0.0027,-0.0,-0.0,0.0,0.0
1785525053278036400,1,0.0027,-0.0,-0.0,0.0,0.0
1785525053297652200,1,0.0027,-0.0,-0.0,0.0,0.0
1785525053318216000,1,0.0027,-0.0,-0.0,0.0,0.0
1785525053338229500,1,0.0027,-0.0,-0.0,0.0,0.0
1785525053358189100,1,0.0027,-0.0,-0.0,0.0,0.0
1785525053377690100,1,0.0027,-0.0,-0.0,0.0,0.0
1785525053397807000,1,0.0027,-0.0,-0.0,0.0,0.0
1785525053418010500,1,0.0027,-0.0,-0.0,0.0,0.0
1785525053437799100,1,0.0027,-0.0,-0.0,0.0,0.0
1785525053457903800,1,0.0027,-0.0,-0.0,0.0,0.0
1785525053478052600,1,0.0027,-0.0,-0.0,0.0,0.0
1785525053498139800,1,0.0027,-0.0,-0.0,0.0,0.0
1785525053517774300,1,0.0027,-0.0,-0.0,0.0,0.0
1785525053537945900,1,0.0027,-0.0,-0.0,0.0,0.0
1785525053558139600,1,0.0027,-0.0,-0.0,0.0,0.0
1785525053578144700,1,0.0027,-0.0,-0.0,0.0,0.0
1785525053597859800,1,0.0027,-0.0,-0.0,0.0,0.0
1785525053618048500,1,0.0027,-0.0,-0.0,0.0,0.0
1785525053637986700,1,0.0027,-0.0,-0.0,0.0,0.0
1785525053658135800,1,0.0027,-0.0,-0.0,0.0,0.0
1785525053677691400,1,0.0027,-0.0,-0.0,0.0,0.0
1785525053697604700,1,0.0027,-0.0,-0.0,0.0,0.0
1785525053718703900,1,0.0027,-0.0,-0.0,0.0,0.0
1785525053737503700,1,0.0027,-0.0,-0.0,0.0,0.0
1785525053757983600,1,0.0027,-0.0,-0.0,0.0,0.0
1785525053777655100,1,0.0027,-0.0,-0.0,0.0,0.0
1785525053798327700,1,0.0027,-0.0,-0.0,0.0,0.0
1785525053818192500,1,0.0027,-0.0,-0.0,0.0,0.0
1785525053838575000,1,0.0027,-0.0,-0.0,0.0,0.0
1785525053857467200,1,0.0027,-0.0,-0.0,0.0,0.0
1785525053878248100,1,0.0027,-0.0,-0.0,0.0,0.0
1785525053897872300,1,0.0027,-0.0,-0.0,0.0,0.0
1785525053918164700,1,0.0027,-0.0,-0.0,0.0,0.0
1785525053937961800,1,0.0027,-0.0,-0.0,0.0,0.0
1785525053957798800,1,0.0027,-0.0,-0.0,0.0,0.0
1785525053978039200,1,0.0027,-0.0,-0.0,0.0,0.0
1785525053997711100,1,0.0027,-0.0,-0.0,0.0,0.0
1785525054017818500,1,0.0027,-0.0,-0.0,0.0,0.0
1785525054038254700,1,0.0027,-0.0,-0.0,0.0,0.0
1785525054057893400,1,0.0027,-0.0,-0.0,0.0,0.0
1785525054078677700,1,0.0027,-0.0,-0.0,0.0,0.0
1785525054097719300,1,0.0027,-0.0,-0.0,0.0,0.0
1785525054117840900,1,0.0027,-0.0,-0.0,0.0,0.0
1785525054138379300,1,0.0027,-0.0,-0.0,0.0,0.0
1785525054158255600,1,0.0027,-0.0,-0.0,0.0,0.0
1785525054178649100,1,0.0027,-0.0,-0.0,0.0,0.0
1785525054197936000,1,0.0027,-0.0,-0.0,0.0,0.0
1785525054218262300,1,0.0027,-0.0,-0.0,0.0,0.0
1785525054238307600,1,0.0027,-0.0,-0.0,0.0,0.0
1785525054257779800,1,0.0027,-0.0,-0.0,0.0,0.0
1785525054277603800,1,0.0027,-0.0,-0.0,0.0,0.0
1785525054298628500,1,0.0027,-0.0,-0.0,0.0,0.0
1785525054317709000,1,0.0027,-0.0,-0.0,0.0,0.0
1785525054338431800,1,0.0027,-0.0,-0.0,0.0,0.0
1785525054357511800,1,0.0027,-0.0,-0.0,0.0,0.0
1785525054377951600,1,0.0027,-0.0,-0.0,0.0,0.0
1785525054398377600,1,0.0027,-0.0,-0.0,0.0,0.0
1785525054417607900,1,0.0027,-0.0,-0.0,0.0,0.0
1785525054437554300,1,0.0027,-0.0,-0.0,0.0,0.0
1785525054457996400,1,0.0027,-0.0,-0.0,0.0,0.0
1785525054477966100,1,0.0027,-0.0,-0.0,0.0,0.0
1785525054498263600,1,0.0027,-0.0,-0.0,0.0,0.0
1785525054517755400,1,0.0027,-0.0,-0.0,0.0,0.0
1785525054538319200,1,0.0027,-0.0,-0.0,0.0,0.0
1785525054557602800,1,0.0027,-0.0,-0.0,0.0,0.0
1785525054578141400,1,0.0027,-0.0,-0.0,0.0,0.0
1785525054598547200,1,0.0027,-0.0,-0.0,0.0,0.0
1785525054618333600,1,0.0027,-0.0,-0.0,0.0,0.0
1785525054637633400,1,0.0027,-0.0,-0.0,0.0,0.0
1785525054657751400,1,0.0027,-0.0,-0.0,0.0,0.0
1785525054678386600,1,0.0027,-0.0,-0.0,0.0,0.0
1785525054697884800,1,0.0027,-0.0,-0.0,0.0,0.0
1785525054717829400,1,0.0027,-0.0,-0.0,0.0,0.0
1785525054738362300,1,0.0027,-0.0,-0.0,0.0,0.0
1785525054757813100,1,0.0027,-0.0,-0.0,0.0,0.0
1785525054778477900,1,0.0027,-0.0,-0.0,0.0,0.0
1785525054798033400,1,0.0027,-0.0,-0.0,0.0,0.0
1785525054817503100,1,0.0027,-0.0,-0.0,0.0,0.0
1785525054838027400,1,0.0027,-0.0,-0.0,0.0,0.0
1785525054857644500,1,0.0027,-0.0,-0.0,0.0,0.0
1785525054878201000,1,0.0027,-0.0,-0.0,0.0,0.0
1785525054898122600,1,0.0027,-0.0,-0.0,0.0,0.0
1785525054917962600,1,0.0027,-0.0,-0.0,0.0,0.0
1785525054938337900,1,0.0027,-0.0,-0.0,0.0,0.0
1785525054957468400,1,0.0027,-0.0,-0.0,0.0,0.0
1785525054978238800,1,0.0027,-0.0,-0.0,0.0,0.0
1785525054998081600,1,0.0027,-0.0,-0.0,0.0,0.0
1785525055017554400,1,0.0027,-0.0,-0.0,0.0,0.0
1785525055038404900,1,0.0027,-0.0,-0.0,0.0,0.0
1785525055057611300,1,0.0027,-0.0,-0.0,0.0,0.0
1785525055078007000,1,0.0027,-0.0,-0.0,0.0,0.0
1785525055097881400,1,0.0027,-0.0,-0.0,0.0,0.0
1785525055117976800,1,0.0027,-0.0,-0.0,0.0,0.0
1785525055138357700,1,0.0027,-0.0,-0.0,0.0,0.0
1785525055157633300,1,0.0027,-0.0,-0.0,0.0,0.0
1785525055178232700,1,0.0027,-0.0,-0.0,0.0,0.0
1785525055197913700,1,0.0027,-0.0,-0.0,0.0,0.0
1785525055218365600,1,0.0027,-0.0,-0.0,0.0,0.0
1785525055238125600,1,0.0027,-0.0,-0.0,0.0,0.0
1785525055258252300,1,0.0027,-0.0,-0.0,0.0,0.0
1785525055278261100,1,0.0027,-0.0,-0.0,0.0,0.0
1785525055298153800,1,0.0027,-0.0,-0.0,0.0,0.0
1785525055317743600,1,0.0027,-0.0,-0.0,0.0,0.0
1785525055338364800,1,0.0027,-0.0,-0.0,0.0,0.0
1785525055357983500,1,0.0027,-0.0,-0.0,0.0,0.0
1785525055378544100,1,0.0027,-0.0,-0.0,0.0,0.0
1785525055398398800,1,0.0027,-0.0,-0.0,0.0,0.0
1785525055417517700,1,0.0027,-0.0,-0.0,0.0,0.0
1785525055438220800,1,0.0027,-0.0,-0.0,0.0,0.0
1785525055457974200,1,0.0027,-0.0,-0.0,0.0,0.0
1785525055478652200,1,0.0027,-0.0,-0.0,0.0,0.0
1785525055497747700,1,0.0027,-0.0,-0.0,0.0,0.0
1785525055517902700,1,0.0027,-0.0,-0.0,0.0,0.0
1785525055538240900,1,0.0027,-0.0,-0.0,0.0,0.0
1785525055557527700,1,0.0027,-0.0,-0.0,0.0,0.0
1785525055578292400,1,0.0027,-0.0,-0.0,0.0,0.0
1785525055598460900,1,0.0027,-0.0,-0.0,0.0,0.0
1785525055618538200,1,0.0027,-0.0,-0.0,0.0,0.0
1785525055638600200,1,0.0027,-0.0,-0.0,0.0,0.0
1785525055657570200,1,0.0027,-0.0,-0.0,0.0,0.0
1785525055678621700,1,0.0027,-0.0,-0.0,0.0,0.0
1785525055698314400,1,0.0027,-0.0,-0.0,0.0,0.0
1785525055717778700,1,0.0027,-0.0,-0.0,0.0,0.0
1785525055737515700,1,0.0027,-0.0,-0.0,0.0,0.0
1785525055757533900,1,0.0027,-0.0,-0.0,0.0,0.0
1785525055778655200,1,0.0027,-0.0,-0.0,0.0,0.0
1785525055798239300,1,0.0027,-0.0,-0.0,0.0,0.0
1785525055817678100,1,0.0027,-0.0,-0.0,0.0,0.0
1785525055838156500,1,0.0027,-0.0,-0.0,0.0,0.0
1785525055858246700,1,0.0027,-0.0,-0.0,0.0,0.0
1785525055878302400,1,0.0027,-0.0,-0.0,0.0,0.0
1785525055897606300,1,0.0027,-0.0,-0.0,0.0,0.0
1785525055917630500,1,0.0027,-0.0,-0.0,0.0,0.0
1785525055937673800,1,0.0027,-0.0,-0.0,0.0,0.0
1785525055958206000,1,0.0027,-0.0,-0.0,0.0,0.0
1785525055977973500,1,0.0027,-0.0,-0.0,0.0,0.0
1785525055998362200,1,0.0027,-0.0,-0.0,0.0,0.0
1785525056017862500,1,0.0027,-0.0,-0.0,0.0,0.0
1785525056037550900,1,0.0027,-0.0,-0.0,0.0,0.0
1785525056058495100,1,0.0027,-0.0,-0.0,0.0,0.0
1785525056078425700,1,0.0027,-0.0,-0.0,0.0,0.0
1785525056098133900,1,0.0027,-0.0,-0.0,0.0,0.0
1785525056117861500,1,0.0027,-0.0,-0.0,0.0,0.0
1785525056138033800,1,0.0027,-0.0,-0.0,0.0,0.0
1785525056158021000,1,0.0027,-0.0,-0.0,0.0,0.0
1785525056177514600,1,0.0027,-0.0,-0.0,0.0,0.0
1785525056198300500,1,0.0027,-0.0,-0.0,0.0,0.0
1785525056217933900,1,0.0027,-0.0,-0.0,0.0,0.0
1785525056238544900,1,0.0027,-0.0,-0.0,0.0,0.0
1785525056257942300,1,0.0027,-0.0,-0.0,0.0,0.0
1785525056278050900,1,0.0027,-0.0,-0.0,0.0,0.0
1785525056297601400,1,0.0027,-0.0,-0.0,0.0,0.0
1785525056317685300,1,0.0027,-0.0,-0.0,0.0,0.0
1785525056337616200,1,0.0027,-0.0,-0.0,0.0,0.0
1785525056357881500,1,0.0027,-0.0,-0.0,0.0,0.0
1785525056377668100,1,0.0027,-0.0,-0.0,0.0,0.0
1785525056398090800,1,0.0027,-0.0,-0.0,0.0,0.0
1785525056417799900,1,0.0027,-0.0,-0.0,0.0,0.0
1785525056438658300,1,0.0027,-0.0,-0.0,0.0,0.0
1785525056458417200,1,0.0027,-0.0,-0.0,0.0,0.0
1785525056477792500,1,0.0027,-0.0,-0.0,0.0,0.0
1785525056497882700,1,0.0027,-0.0,-0.0,0.0,0.0
1785525056517619400,1,0.0027,-0.0,-0.0,0.0,0.0
1785525056538404400,1,0.0027,-0.0,-0.0,0.0,0.0
1785525056557938200,1,0.0027,-0.0,-0.0,0.0,0.0
1785525056577815900,1,0.0027,-0.0,-0.0,0.0,0.0
1785525056597718800,1,0.0027,-0.0,-0.0,0.0,0.0
1785525056618331700,1,0.0027,-0.0,-0.0,0.0,0.0
1785525056637873300,1,0.0027,-0.0,-0.0,0.0,0.002428379402364535
1785525056657521300,1,0.0027,-0.0,-0.0,0.0,0.007120045559160772
1785525056677651600,1,0.0027,-0.0,-0.0,0.0,0.014353043576658548
1785525056698323000,1,0.0027,-0.0,-0.0,0.0,0.0239892385909384
1785525056717778300,1,0.0027,-0.0,-0.0,0.0,0.03400953859111679
1785525056738267600,1,0.0027,-0.0,-0.0,0.0,0.043953438589805514
1785525056757608600,1,0.0027,-0.0,-0.0,0.0,0.053924988589851196
1785525056778379200,1,0.0027,-0.0,-0.0,0.0,0.06396173858977774
1785525056797596200,1,0.0027,-0.0,-0.0,0.0,0.07391958859100625
1785525056818191300,1,0.0027,-0.0,-0.0,0.0,0.08387313859041526
1785525056838356700,1,0.0027,-0.0,-0.0,0.0,0.09405333858942824
1785525056857568200,1,0.0027,-0.0,-0.0,0.0,0.1039106885911947
1785525056877897800,1,0.0027,-0.0,-0.0,0.0,0.11413893859046723
1785525056897797700,1,0.0027,-0.0,-0.0,0.0,0.12167445772108082
1785525056917674800,1,0.0027,-0.0,-0.0,0.0,0.12688937085302468
1785525056937801500,1,0.0027,-0.0,-0.0,0.0,0.12973374834271492
1785525056958506400,1,0.0027,-0.0,-0.0,0.0,0.13015346637293845
1785525056978293300,1,0.0027,-0.0,-0.0,0.0,0.13015346637293845
1785525056997600800,1,0.0027,-0.0,-0.0,0.0,0.13015346637293845
1785525057018002300,1,0.0027,-0.0,-0.0,0.0,0.13015346637293845
1785525057037912400,1,0.0027,-0.0,-0.0,0.0,0.13015346637293845
1785525057057920200,1,0.0028,-0.0,-0.0,0.0,0.13015346637293845
1785525057078411100,1,0.0028,-0.0,-0.0,0.0,0.13015346637293845
1785525057097859800,1,0.0028,-0.0,-0.0,0.0,0.13015346637293845
1785525057117760600,1,0.0028,-0.0,-0.0,0.0,0.13015346637293845
1785525057138426000,1,0.0028,-0.0,-0.0,0.0,0.13015346637293845
1785525057157675300,1,0.0028,-0.0,-0.0,0.0,0.13015346637293845
1785525057177965500,1,0.0029,-0.0,-0.0,0.0,0.13015346637293845
1785525057197882300,1,0.0029,-0.0,-0.0,0.0,0.13015346637293845
1785525057218330700,1,0.0029,-0.0,-0.0,0.0,0.13015346637293845
1785525057237810000,1,0.0029,-0.0,-0.0,0.0,0.13015346637293845
1785525057258534400,1,0.0029,-0.0,-0.0,0.0,0.13015346637293845
1785525057278423200,1,0.0029,-0.0,-0.0,0.0,0.13015346637293845
1785525057297705400,1,0.0029,-0.0,-0.0,0.0,0.13015346637293845
1785525057318356800,1,0.0029,-0.0,-0.0,0.0,0.13015346637293845
1785525057337971700,1,0.0030,-0.0,-0.0,0.0,0.13015346637293845
1785525057357665300,1,0.0030,-0.0,-0.0,0.0,0.13015346637293845
1785525057377648700,1,0.0030,-0.0,-0.0,0.0,0.13015346637293845
1785525057398061200,1,0.0030,-0.0,-0.0,0.0,0.13015346637293845
1785525057418192600,1,0.0030,-0.0,-0.0,0.0,0.13015346637293845
1785525057438142200,1,0.0030,-0.0,-0.0,0.0,0.13015346637293845
1785525057457819400,1,0.0030,-0.0,-0.0,0.0,0.13015346637293845
1785525057478699600,1,0.0031,-0.0,-0.0,0.0,0.13015346637293845
1785525057498081700,1,0.0031,-0.0,-0.0,0.0,0.13249104560851455
1785525057518513100,1,0.0031,-0.0,-0.0,0.0,0.13740890231521105
1785525057537599300,1,0.0031,-0.0,-0.0,0.0,0.14447899432358452
1785525057558136100,1,0.0031,-0.0,-0.0,0.0,0.15407952202340475
1785525057577541400,1,0.0031,-0.0,-0.0,0.0,0.16403507202349082
1785525057598062800,1,0.0031,-0.0,-0.0,0.0,0.17404222202358305
1785525057617546200,1,0.0032,-0.0,-0.0,0.0,0.18403412202396957
1785525057638394100,1,0.0033,-0.0,-0.0,0.0,0.19415842202479489
1785525057657873200,1,0.0034,-0.0,-0.0,0.0,0.20422737202434454
1785525057678138100,1,0.0034,-0.0,-0.0,0.0,0.21174959641414637
1785525057698115700,1,0.0034,-0.0,-0.0,0.0,0.21698285057429675
1785525057718290400,1,0.0034,-0.0,-0.0,0.0,0.2198206943667734
1785525057738582800,1,0.0034,-0.0,-0.0,0.0,0.22023811487186395
1785525057758794700,1,0.0034,-0.0,-0.0,0.0,0.22023811487186395
1785525057778450500,1,0.0034,-0.0,-0.0,0.0,0.22023811487186395
1785525057797901600,1,0.0034,-0.0,-0.0,0.0,0.22023811487186395
1785525057817523500,1,0.0034,-0.0,-0.0,0.0,0.22023811487186395
1785525057838183800,1,0.0034,-0.0,-0.0,0.0,0.22023811487186395
1785525057858401700,1,0.0034,-0.0,-0.0,0.0,0.22023811487186395
1785525057878466300,1,0.0034,-0.0,-0.0,0.0,0.22023811487186395
1785525057897703700,1,0.0034,-0.0,-0.0,0.0,0.22023811487186395
1785525057918389300,1,0.0034,-0.0,-0.0,0.0,0.22023811487186395
1785525057938710200,1,0.0034,-0.0,-0.0,0.0,0.22023811487186395
1785525057958297400,1,0.0034,-0.0,-0.0,0.0,0.22023811487186395
1785525057978303400,1,0.0035,-0.0,-0.0,0.0,0.22023811487186395
1785525057998290600,1,0.0035,-0.0,-0.0,0.0,0.22023811487186395
1785525058017508700,1,0.0035,-0.0,-0.0,0.0,0.22023811487186395
1785525058038255100,1,0.0035,-0.0,-0.0,0.0,0.22023811487186395
1785525058057785900,1,0.0034,-0.0,-0.0,0.0,0.22023811487186395
1785525058077814500,1,0.0034,-0.0,-0.0,0.0,0.22023811487186395
1785525058098005300,1,0.0033,-0.0,-0.0,0.0,0.22023811487186395
1785525058117565800,1,0.0033,-0.0,-0.0,0.0,0.22023811487186395
1785525058137862200,1,0.0032,-0.0,-0.0,0.0,0.22023811487186395
1785525058157751100,1,0.0032,-0.0,-0.0,0.0,0.22023811487186395
1785525058178450600,1,0.0032,-0.0,-0.0,0.0,0.22268671848524998
1785525058197729700,1,0.0032,-0.0,-0.0,0.0,0.22743175876196764
1785525058218230300,1,0.0032,-0.0,-0.0,0.0,0.23457736193999362
1785525058238354700,1,0.0032,-0.0,-0.0,0.0,0.2442913194354409
1785525058258190300,1,0.0032,-0.0,-0.0,0.0,0.25141934559754453
1785525058277523400,1,0.0032,-0.0,-0.0,0.0,0.2562747436097528
1785525058298132800,1,0.0032,-0.0,-0.0,0.0,0.258722326620058
1785525058318764900,1,0.0032,-0.0,-0.0,0.0,0.25872322803751135
1785525058337512300,1,0.0032,-0.0,-0.0,0.0,0.25872322803751135
1785525058358285300,1,0.0032,-0.0,-0.0,0.0,0.25872322803751135
1785525058377563000,1,0.0032,-0.0,-0.0,0.0,0.25872322803751135
1785525058398540600,1,0.0032,-0.0,-0.0,0.0,0.25872322803751135
1785525058417743800,1,0.0032,-0.0,-0.0,0.0,0.25872322803751135
1785525058438350000,1,0.0032,-0.0,-0.0,0.0,0.25872322803751135
1785525058458452400,1,0.0032,-0.0,-0.0,0.0,0.25872322803751135
1785525058478233700,1,0.0032,-0.0,-0.0,0.0,0.25872322803751135
1785525058497480200,1,0.0032,-0.0,-0.0,0.0,0.25872322803751135
1785525058517724300,1,0.0032,-0.0,-0.0,0.0,0.25872322803751135
1785525058538424100,1,0.0032,-0.0,-0.0,0.0,0.25872322803751135
1785525058557522400,1,0.0032,-0.0,-0.0,0.0,0.25872322803751135
1785525058577898300,1,0.0032,-0.0,-0.0,0.0,0.25872322803751135
1785525058597526900,1,0.0032,-0.0,-0.0,0.0,0.25872322803751135
1785525058617982300,1,0.0032,-0.0,-0.0,0.0,0.25872322803751135
1785525058638495400,1,0.0032,-0.0,-0.0,0.0,0.25872322803751135
1785525058657483900,1,0.0032,-0.0,-0.0,0.0,0.25872322803751135
1785525058678481200,1,0.0032,-0.0,-0.0,0.0,0.25872322803751135
1785525058698333500,1,0.0032,-0.0,-0.0,0.0,0.25872322803751135
1785525058717758300,1,0.0032,-0.0,-0.0,0.0,0.25872322803751135
1785525058738552100,1,0.0032,-0.0,-0.0,0.0,0.25872322803751135
1785525058758365300,1,0.0032,-0.0,-0.0,0.0,0.25872322803751135
1785525058778212200,1,0.0032,-0.0,-0.0,0.0,0.25872322803751135
1785525058797772500,1,0.0032,-0.0,-0.0,0.0,0.25872322803751135
1785525058818544200,1,0.0032,-0.0,-0.0,0.0,0.25872322803751135
1785525058837643800,1,0.0032,-0.0,-0.0,0.0,0.25872322803751135
1785525058857957200,1,0.0032,-0.0,-0.0,0.0,0.25872322803751135
1785525058877696800,1,0.0032,-0.0,-0.0,0.0,0.25872322803751135
1785525058897873100,1,0.0032,-0.0,-0.0,0.0,0.25872322803751135
1785525058918862800,1,0.0032,-0.0,-0.0,0.0,0.25872322803751135
1785525058937983600,1,0.0032,-0.0,-0.0,0.0,0.25872322803751135
1785525058958177200,1,0.0032,-0.0,-0.0,0.0,0.25872322803751135
1785525058977639100,1,0.0032,-0.0,-0.0,0.0,0.25872322803751135
1785525058998315000,1,0.0032,-0.0,-0.0,0.0,0.25872322803751135
1785525059018343500,1,0.0032,-0.0,-0.0,0.0,0.25872322803751135
1785525059037884500,1,0.0032,-0.0,-0.0,0.0,0.25872322803751135
1785525059057669200,1,0.0032,-0.0,-0.0,0.0,0.25872322803751135
1785525059078175400,1,0.0032,-0.0,-0.0,0.0,0.25872322803751135
1785525059098459200,1,0.0032,-0.0,-0.0,0.0,0.25872322803751135
1785525059118098000,1,0.0032,-0.0,-0.0,0.0,0.25872322803751135
1785525059137502000,1,0.0032,-0.0,-0.0,0.0,0.25872322803751135
1785525059157879900,1,0.0032,-0.0,-0.0,0.0,0.25872322803751135
1785525059178204400,1,0.0032,-0.0,-0.0,0.0,0.25872322803751135
1785525059197693000,1,0.0032,-0.0,-0.0,0.0,0.25872322803751135
1785525059217772000,1,0.0032,-0.0,-0.0,0.0,0.25872322803751135
1785525059238185500,1,0.0032,-0.0,-0.0,0.0,0.25872322803751135
1785525059258413700,1,0.0032,-0.0,-0.0,0.0,0.25872322803751135
1785525059278358900,1,0.0032,-0.0,-0.0,0.0,0.25872322803751135
1785525059297774900,1,0.0032,-0.0,-0.0,0.0,0.25872322803751135
1785525059318398700,1,0.0032,-0.0,-0.0,0.0,0.25872322803751135
1785525059338585500,1,0.0032,-0.0,-0.0,0.0,0.25872322803751135
1785525059357913700,1,0.0032,-0.0,-0.0,0.0,0.25872322803751135
1785525059377898000,1,0.0032,-0.0,-0.0,0.0,0.25872322803751135
1785525059398493300,1,0.0032,-0.0,-0.0,0.0,0.25872322803751135
1785525059417651300,1,0.0032,-0.0,-0.0,0.0,0.25872322803751135
1785525059438212600,1,0.0032,-0.0,-0.0,0.0,0.25872322803751135
1785525059458312300,1,0.0032,-0.0,-0.0,0.0,0.25872322803751135
1785525059478415400,1,0.0032,-0.0,-0.0,0.0,0.25872322803751135
1785525059498214900,1,0.0032,-0.0,-0.0,0.0,0.25872322803751135
1785525059517930400,1,0.0032,-0.0,-0.0,0.0,0.25872322803751135
1785525059537547800,1,0.0032,-0.0,-0.0,0.0,0.25872322803751135
1785525059557560700,1,0.0032,-0.0,-0.0,0.0,0.25872322803751135
1785525059577669000,1,0.0032,-0.0,-0.0,0.0,0.25872322803751135
1785525059598690500,1,0.0032,-0.0,-0.0,0.0,0.25872322803751135
1785525059617907000,1,0.0032,-0.0,-0.0,0.0,0.25872322803751135
1785525059638281500,1,0.0032,-0.0,-0.0,0.0,0.25872322803751135
1785525059658124100,1,0.0032,-0.0,-0.0,0.0,0.25872322803751135
1785525059677930500,1,0.0032,-0.0,-0.0,0.0,0.25872322803751135
1785525059698066800,1,0.0032,-0.0,-0.0,0.0,0.25872322803751135
1785525059717838000,1,0.0032,-0.0,-0.0,0.0,0.25872322803751135
1785525059738413900,1,0.0032,-0.0,-0.0,0.0,0.25872322803751135
1785525059757672700,1,0.0032,-0.0,-0.0,0.0,0.25872322803751135
1785525059778297700,1,0.0032,-0.0,-0.0,0.0,0.25872322803751135
1785525059797610500,1,0.0032,-0.0,-0.0,0.0,0.25872322803751135
1785525059818364600,1,0.0032,-0.0,-0.0,0.0,0.25872322803751135
1785525059838324300,1,0.0032,-0.0,-0.0,0.0,0.2610485304841054
1785525059858353700,1,0.0032,-0.0,-0.0,0.0,0.26580877379787765
1785525059878430300,1,0.0032,-0.0,-0.0,0.0,0.27315566249596623
1785525059898265900,1,0.0032,-0.0,-0.0,0.0,0.28260967701645406
1785525059917566300,1,0.0032,-0.0,-0.0,0.0,0.29255897701806227
1785525059937541900,1,0.0032,-0.0,-0.0,0.0,0.30020179107361816
1785525059958039100,1,0.0032,-0.0,-0.0,0.0,0.30535487473176115
1785525059977629600,1,0.0032,-0.0,-0.0,0.0,0.30815982076407494
1785525059998450300,1,0.0032,-0.0,-0.0,0.0,0.30853265844345423
1785525060018476800,1,0.0032,-0.0,-0.0,0.0,0.30853265844345423
1785525060038120700,1,0.0032,-0.0,-0.0,0.0,0.30853265844345423
1785525060058340400,1,0.0032,-0.0,-0.0,0.0,0.30853265844345423
1785525060077988500,1,0.0032,-0.0,-0.0,0.0,0.30853265844345423
1785525060097865000,1,0.0032,-0.0,-0.0,0.0,0.30853265844345423
1785525060117842100,1,0.0032,-0.0,-0.0,0.0,0.30853265844345423
1785525060138379600,1,0.0032,-0.0,-0.0,0.0,0.30853265844345423
1785525060158426100,1,0.0032,-0.0,-0.0,0.0,0.30853265844345423
1785525060178234500,1,0.0032,-0.0,-0.0,0.0,0.30853265844345423
1785525060198045900,1,0.0032,-0.0,-0.0,0.0,0.30853265844345423
1785525060217829800,1,0.0032,-0.0,-0.0,0.0,0.30853265844345423
1785525060238244400,1,0.0032,-0.0,-0.0,0.0,0.30853265844345423
1785525060257857600,1,0.0032,-0.0,-0.0,0.0,0.30853265844345423
1785525060278498500,1,0.0032,-0.0,-0.0,0.0,0.30853265844345423
1785525060297808000,1,0.0032,-0.0,-0.0,0.0,0.30853265844345423
1785525060318062900,1,0.0032,-0.0,-0.0,0.0,0.30853265844345423
1785525060337841200,1,0.0032,-0.0,-0.0,0.0,0.30853265844345423
1785525060358335000,1,0.0032,-0.0,-0.0,0.0,0.30853265844345423
1785525060377579300,1,0.0032,-0.0,-0.0,0.0,0.30853265844345423
1785525060397565300,1,0.0032,-0.0,-0.0,0.0,0.30853265844345423
1785525060418164100,1,0.0032,-0.0,-0.0,0.0,0.30853265844345423
1785525060437887800,1,0.0032,-0.0,-0.0,0.0,0.30853265844345423
1785525060457929100,1,0.0032,-0.0,-0.0,0.0,0.30853265844345423
1785525060478095800,1,0.0032,-0.0,-0.0,0.0,0.30853265844345423
1785525060497842500,1,0.0032,-0.0,-0.0,0.0,0.30853265844345423
1785525060518333200,1,0.0032,-0.0,-0.0,0.0,0.30853265844345423
1785525060537940100,1,0.0032,-0.0,-0.0,0.0,0.30853265844345423
1785525060557971800,1,0.0032,-0.0,-0.0,0.0,0.30853265844345423
1785525060577815300,1,0.0032,-0.0,-0.0,0.0,0.30853265844345423
1785525060597656400,1,0.0032,-0.0,-0.0,0.0,0.30853265844345423
1785525060617763200,1,0.0032,-0.0,-0.0,0.0,0.30853265844345423
1785525060638077700,1,0.0032,-0.0,-0.0,0.0,0.30853265844345423
1785525060657944600,1,0.0032,-0.0,-0.0,0.0,0.30853265844345423
1785525060677684700,1,0.0032,-0.0,-0.0,0.0,0.30853265844345423
1785525060697609400,1,0.0032,-0.0,-0.0,0.0,0.30853265844345423
1785525060717598300,1,0.0032,-0.0,-0.0,0.0,0.30853265844345423
1785525060738719500,1,0.0032,-0.0,-0.0,0.0,0.30853265844345423
1785525060757911500,1,0.0032,-0.0,-0.0,0.0,0.30853265844345423
1785525060778296900,1,0.0032,-0.0,-0.0,0.0,0.30853265844345423
1785525060797662600,1,0.0032,-0.0,-0.0,0.0,0.30853265844345423
1785525060817621400,1,0.0032,-0.0,-0.0,0.0,0.30853265844345423
1785525060838468900,1,0.0032,-0.0,-0.0,0.0,0.30853265844345423
1785525060857447700,1,0.0032,-0.0,-0.0,0.0,0.30853265844345423
1785525060878308100,1,0.0032,-0.0,-0.0,0.0,0.30853265844345423
1785525060897746000,1,0.0032,-0.0,-0.0,0.0,0.30853265844345423
1785525060917897000,1,0.0032,-0.0,-0.0,0.0,0.30853265844345423
1785525060937835700,1,0.0032,-0.0,-0.0,0.0,0.30853265844345423
1785525060957998100,1,0.0032,-0.0,-0.0,0.0,0.30853265844345423
1785525060977825300,1,0.0032,-0.0,-0.0,0.0,0.30853265844345423
1785525060998428400,1,0.0032,-0.0,-0.0,0.0,0.30853265844345423
1785525061018232200,1,0.0032,-0.0,-0.0,0.0,0.30853265844345423
1785525061037951000,1,0.0032,-0.0,-0.0,0.0,0.30853265844345423
1785525061058542700,1,0.0032,-0.0,-0.0,0.0,0.30853265844345423
1785525061078728100,1,0.0032,-0.0,-0.0,0.0,0.30853265844345423
1785525061098374800,1,0.0032,-0.0,-0.0,0.0,0.30853265844345423
1785525061117737100,1,0.0032,-0.0,-0.0,0.0,0.30853265844345423
1785525061137890400,1,0.0032,-0.0,-0.0,0.0,0.30853265844345423
1785525061158032100,1,0.0032,-0.0,-0.0,0.0,0.30853265844345423
1785525061177606800,1,0.0032,-0.0,-0.0,0.0,0.30853265844345423
1785525061198155800,1,0.0032,-0.0,-0.0,0.0,0.30853265844345423
1785525061217745900,1,0.0032,-0.0,-0.0,0.0,0.30853265844345423
1785525061238493800,1,0.0032,-0.0,-0.0,0.0,0.30853265844345423
1785525061257767500,1,0.0032,-0.0,-0.0,0.0,0.30853265844345423
1785525061278018400,1,0.0032,-0.0,-0.0,0.0,0.30853265844345423
1785525061298289700,1,0.0032,-0.0,-0.0,0.0,0.30853265844345423
1785525061317955600,1,0.0032,-0.0,-0.0,0.0,0.30853265844345423
1785525061338010100,1,0.0032,-0.0,-0.0,0.0,0.30853265844345423
1785525061358327100,1,0.0032,-0.0,-0.0,0.0,0.30853265844345423
1785525061378415800,1,0.0032,-0.0,-0.0,0.0,0.30853265844345423
1785525061397624300,1,0.0032,-0.0,-0.0,0.0,0.30853265844345423
1785525061417701700,1,0.0032,-0.0,-0.0,0.0,0.30853265844345423
1785525061438407300,1,0.0032,-0.0,-0.0,0.0,0.30853265844345423
1785525061457899800,1,0.0032,-0.0,-0.0,0.0,0.30853265844345423
1785525061478003300,1,0.0032,-0.0,-0.0,0.0,0.30853265844345423
1785525061497634700,1,0.0032,-0.0,-0.0,0.0,0.30853265844345423
1785525061517551300,1,0.0032,-0.0,-0.0,0.0,0.30853265844345423
1785525061537552400,1,0.0032,-0.0,-0.0,0.0,0.30853265844345423
1785525061558004400,1,0.0032,-0.0,-0.0,0.0,0.30853265844345423
1785525061577635100,1,0.0032,-0.0,-0.0,0.0,0.30853265844345423
1785525061598001800,1,0.0032,-0.0,-0.0,0.0,0.30853265844345423
1785525061617858000,1,0.0032,-0.0,-0.0,0.0,0.30853265844345423
1785525061638352200,1,0.0032,-0.0,-0.0,0.0,0.30853265844345423
1785525061658156800,1,0.0032,-0.0,-0.0,0.0,0.30853265844345423
1785525061678020700,1,0.0032,-0.0,-0.0,0.0,0.30853265844345423
1785525061698316000,1,0.0032,-0.0,-0.0,0.0,0.30853265844345423
1785525061717772800,1,0.0032,-0.0,-0.0,0.0,0.30853265844345423
1785525061738190600,1,0.0032,-0.0,-0.0,0.0,0.30853265844345423
1785525061757543000,1,0.0032,-0.0,-0.0,0.0,0.30853265844345423
1785525061778394100,1,0.0032,-0.0,-0.0,0.0,0.30853265844345423
1785525061797740400,1,0.0032,-0.0,-0.0,0.0,0.30853265844345423
1785525061818181500,1,0.0032,-0.0,-0.0,0.0,0.30853265844345423
1785525061837555200,1,0.0032,-0.0,-0.0,0.0,0.30853265844345423
1785525061857802700,1,0.0032,-0.0,-0.0,0.0,0.30853265844345423
1785525061878008600,1,0.0032,-0.0,-0.0,0.0,0.30853265844345423
1785525061897490300,1,0.0032,-0.0,-0.0,0.0,0.30853265844345423
1785525061918267000,1,0.0032,-0.0,-0.0,0.0,0.30853265844345423
1785525061938461400,1,0.0032,-0.0,-0.0,0.0,0.30853265844345423
1785525061957861500,1,0.0032,-0.0,-0.0,0.0,0.30853265844345423
1785525061978179100,1,0.0032,-0.0,-0.0,0.0,0.30853265844345423
1785525061998922100,1,0.0032,-0.0,-0.0,0.0,0.30853265844345423
1785525062017923100,1,0.0032,-0.0,-0.0,0.0,0.30853265844345423
1785525062037876500,1,0.0032,-0.0,-0.0,0.0,0.30853265844345423
1785525062058046200,1,0.0032,-0.0,-0.0,0.0,0.30853265844345423
1785525062077703200,1,0.0032,-0.0,-0.0,0.0,0.30853265844345423
1785525062097851900,1,0.0032,-0.0,-0.0,0.0,0.30853265844345423
1785525062117687000,1,0.0032,-0.0,-0.0,0.0,0.30853265844345423
1785525062138486200,1,0.0032,-0.0,-0.0,0.0,0.30853265844345423
1785525062158454900,1,0.0032,-0.0,-0.0,0.0,0.30853265844345423
1785525062178199700,1,0.0032,-0.0,-0.0,0.0,0.30853265844345423
1785525062197694400,1,0.0032,-0.0,-0.0,0.0,0.30853265844345423
1785525062218035600,1,0.0032,-0.0,-0.0,0.0,0.30853265844345423
1785525062237943400,1,0.0032,-0.0,-0.0,0.0,0.30853265844345423
1785525062258170600,1,0.0032,-0.0,-0.0,0.0,0.30853265844345423
1785525062277930800,1,0.0032,-0.0,-0.0,0.0,0.30853265844345423
1785525062297543900,1,0.0032,-0.0,-0.0,0.0,0.30853265844345423
1785525062318050100,1,0.0032,-0.0,-0.0,0.0,0.30853265844345423
1785525062337727200,1,0.0032,-0.0,-0.0,0.0,0.30853265844345423
1785525062358142700,1,0.0032,-0.0,-0.0,0.0,0.30853265844345423
1785525062377635200,1,0.0032,-0.0,-0.0,0.0,0.30853265844345423
1785525062397873300,1,0.0032,-0.0,-0.0,0.0,0.30853265844345423
1785525062418340000,1,0.0032,-0.0,-0.0,0.0,0.30853265844345423
1785525062438335400,1,0.0032,-0.0,-0.0,0.0,0.30853265844345423
1785525062457630600,1,0.0032,-0.0,-0.0,0.0,0.30853265844345423
1785525062477975100,1,0.0032,-0.0,-0.0,0.0,0.30853265844345423
1785525062497722600,1,0.0032,-0.0,-0.0,0.0,0.30853265844345423
1785525062517792000,1,0.0032,-0.0,-0.0,0.0,0.30853265844345423
1785525062538357600,1,0.0032,-0.0,-0.0,0.0,0.30853265844345423
1785525062557923000,1,0.0032,-0.0,-0.0,0.0,0.30853265844345423
1785525062577636700,1,0.0032,-0.0,-0.0,0.0,0.30853265844345423
1785525062598474100,1,0.0032,-0.0,-0.0,0.0,0.30853265844345423
1785525062617616300,1,0.0032,-0.0,0.5918789999486762,0.0,0.30853265844345423
1785525062638527000,1,0.0032,-0.0,1.1918069999592262,0.0,0.30853265844345423
1785525062658259700,1,0.0032,-0.0,1.7964570000185631,0.0,0.30853265844345423
1785525062677658200,1,0.0032,-0.0,2.3931359999551205,0.0,0.30853265844345423
1785525062698148300,1,0.0032,-0.0,2.5,0.0,0.30853265844345423
1785525062717935100,1,0.0032,-0.0,2.5,0.0,0.30853265844345423
1785525062738405400,1,0.0032,-0.0,2.5,0.0,0.30853265844345423
1785525062757677100,1,0.0032,-0.0,2.5,0.0,0.30853265844345423
1785525062778040100,1,0.0032,-0.0,2.5,0.0,0.30853265844345423
1785525062797516400,1,0.0032,-0.0,2.5,0.0,0.30853265844345423
1785525062818223300,1,0.0032,-0.0,2.5,0.0,0.30853265844345423
1785525062837732400,1,0.0032,-0.0,2.5,0.0,0.30853265844345423
1785525062857722700,1,0.0032,-0.0,2.5,0.0,0.30853265844345423
1785525062877547900,1,0.0032,-0.0,2.5,0.0,0.30853265844345423
1785525062897716200,1,0.0032,-0.0,2.5,0.0,0.30853265844345423
1785525062918190300,1,0.0032,-0.0,1.9040559999848483,0.0,0.30853265844345423
1785525062938431600,1,0.0032,-0.0,1.2938410000060685,0.0,0.30853265844345423
1785525062958465100,1,0.0032,-0.0,0.702376000044751,0.0,0.30853265844345423
1785525062978178700,1,0.0032,-0.0,0.10351000004447997,0.0,0.30853265844345423
1785525062998343800,1,0.0032,-0.0,-0.0,0.0,0.30853265844345423
1785525063017918000,1,0.0032,-0.0,-0.0,0.0,0.30853265844345423
1785525063038439100,1,0.0032,-0.0,-0.0,0.0,0.30853265844345423
1785525063057759700,1,0.0032,-0.0,-0.0,0.0,0.30853265844345423
1785525063078113700,1,0.0032,-0.0,-0.0,0.0,0.30853265844345423
1785525063097555100,1,0.0032,-0.0,-0.0,0.0,0.30853265844345423
1785525063118010400,1,0.0032,-0.0,-0.0,0.0,0.30853265844345423
1785525063138167400,1,0.0032,-0.0,-0.0,0.0,0.30853265844345423
1785525063157845500,1,0.0032,-0.0,-0.0,0.0,0.30853265844345423
1785525063177839400,1,0.0032,-0.0,-0.0,0.0,0.30853265844345423
1785525063198178200,1,0.0032,-0.0,-0.0,0.0,0.30853265844345423
1785525063218074900,1,0.0032,-0.0,-0.0,0.0,0.30853265844345423
1785525063237921300,1,0.0032,-0.6103169999914826,-0.0,0.0,0.30853265844345423
1785525063258545200,1,0.0032,-1.2055649999456364,-0.0,0.0,0.30853265844345423
1785525063278413100,1,0.0032,-1.8100619999313494,-0.0,0.0,0.30853265844345423
1785525063298086400,1,0.0032,-2.397647999932815,-0.0,0.0,0.30853265844345423
1785525063317838000,1,0.0032,-2.5,-0.0,0.0,0.30853265844345423
1785525063338573800,1,0.0032,-2.5,-0.0,0.0,0.30853265844345423
1785525063358054900,1,0.0032,-2.5,-0.0,0.0,0.30853265844345423
1785525063377800500,1,0.0032,-2.5,-0.0,0.0,0.30853265844345423
1785525063398123600,1,0.0032,-2.5,-0.0,0.0,0.30853265844345423
1785525063418341300,1,0.0032,-2.5,-0.0,0.0,0.30853265844345423
1785525063437789800,1,0.0032,-2.5,-0.0,0.0,0.30853265844345423
1785525063458791200,1,0.0032,-2.5,-0.0,0.0,0.30853265844345423
1785525063477857400,1,0.0032,-2.5,-0.0,0.0,0.30853265844345423
1785525063498069300,1,0.0032,-1.908867999954964,-0.0,0.0,0.30853265844345423
1785525063517714300,1,0.0032,-1.304244999992079,-0.0,0.0,0.30853265844345423
1785525063538452800,1,0.0032,-0.7001769999988028,-0.0,0.0,0.30853265844345423
1785525063558475000,1,0.0032,-0.0972399999955087,-0.0,0.0,0.30853265844345423
1785525063578443000,1,0.0032,-0.0,-0.0,0.0,0.30853265844345423
1785525063598007000,1,0.0032,-0.0,-0.0,0.0,0.30853265844345423
1785525063617702400,1,0.0032,-0.0,-0.0,0.0,0.30853265844345423
1785525063638220300,1,0.0032,-0.0,-0.0,0.0,0.30853265844345423
1785525063657498800,1,0.0032,-0.0,-0.0,0.0,0.30853265844345423
1785525063677859600,1,0.0032,-0.0,-0.0,0.0,0.30853265844345423
1785525063698346200,1,0.0032,-0.0,-0.0,0.0,0.30853265844345423
1785525063718252300,1,0.0032,-0.0,-0.0,0.0,0.30853265844345423
1785525063738130400,1,0.0032,-0.0,-0.0,0.0,0.30853265844345423
1785525063757653300,1,0.0032,-0.0,-0.0,0.0,0.30853265844345423
1785525063777848300,1,0.0032,-0.0,-0.0,0.0,0.30853265844345423
1785525063798241400,1,0.0032,-0.0,-0.0,0.0,0.30853265844345423
1785525063818299500,1,0.0032,-0.0,-0.0,0.0,0.30853265844345423
1785525063838455300,1,0.0032,-0.603233999972872,-0.0,0.0,0.30853265844345423
1785525063857948700,1,0.0032,-1.2056880000091041,-0.0,0.0,0.30853265844345423
1785525063878472000,1,0.0032,-1.7999069999859785,-0.0,0.0,0.30853265844345423
1785525063897569600,1,0.0032,-2.3942939999324153,-0.0,0.0,0.30853265844345423
1785525063917844000,1,0.0032,-2.5,-0.0,0.0,0.30853265844345423
1785525063938708100,1,0.0032,-2.5,-0.0,0.0,0.30853265844345423
1785525063957774400,1,0.0032,-2.5,-0.0,0.0,0.30853265844345423
1785525063977636700,1,0.0032,-2.5,-0.0,0.0,0.30853265844345423
1785525063998032600,1,0.0032,-2.5,-0.0,0.0,0.30853265844345423
1785525064018440700,1,0.0032,-1.88823999993474,-0.0,0.0,0.30853265844345423
1785525064038120500,1,0.0032,-1.3009149999561487,-0.0,0.0,0.30853265844345423
1785525064057635600,1,0.0032,-0.6964989999323734,-0.0,0.0,0.30853265844345423
1785525064078566100,1,0.0032,-0.0931990000026417,-0.0,0.0,0.30853265844345423
1785525064098112100,1,0.0032,-0.0,-0.0,0.0,0.30853265844345423
1785525064118556200,1,0.0032,-0.0,-0.0,0.0,0.30853265844345423
1785525064138458300,1,0.0032,-0.0,-0.0,0.0,0.30853265844345423
1785525064158314700,1,0.0032,-0.0,-0.0,0.0,0.30853265844345423
1785525064178431400,1,0.0032,-0.0,-0.0,0.0,0.30853265844345423
1785525064197743300,1,0.0032,-0.0,-0.0,0.0,0.30853265844345423
1785525064218162200,1,0.0032,-0.0,-0.0,0.0,0.30853265844345423
1785525064237653800,1,0.0032,0.6001230000765645,-0.0,0.0,0.30853265844345423
1785525064258365900,1,0.0032,1.2056670000674785,-0.0,0.0,0.30853265844345423
1785525064278374400,1,0.0032,1.7959410000185017,-0.0,0.0,0.30853265844345423
1785525064298123100,1,0.0032,2.3989889999938896,-0.0,0.0,0.30853265844345423
1785525064317755200,1,0.0032,2.5,-0.0,0.0,0.30853265844345423
1785525064338509800,1,0.0032,2.5,-0.0,0.0,0.30853265844345423
1785525064357957100,1,0.0032,2.5,-0.0,0.0,0.30853265844345423
1785525064378445400,1,0.0032,2.5,-0.0,0.0,0.30853265844345423
1785525064398420200,1,0.0032,2.5,-0.0,0.0,0.30853265844345423
1785525064417941900,1,0.0032,2.5,-0.0,0.0,0.30853265844345423
1785525064437559900,1,0.0032,2.5,-0.0,0.0,0.30853265844345423
1785525064457633600,1,0.0032,2.5,-0.0,0.0,0.30853265844345423
1785525064477551400,1,0.0032,2.5,-0.0,0.0,0.30853265844345423
1785525064497860600,1,0.0032,2.5,-0.0,0.0,0.30853265844345423
1785525064518099500,1,0.0032,2.5,-0.0,0.0,0.30853265844345423
1785525064538018900,1,0.0032,2.5,-0.0,0.0,0.30853265844345423
1785525064558435300,1,0.0032,2.5,-0.0,0.0,0.30853265844345423
1785525064577625900,1,0.0032,2.5,-0.0,0.0,0.30853265844345423
1785525064597940100,1,0.0032,2.5,-0.0,0.0,0.30853265844345423
1785525064618245400,1,0.0032,2.5,-0.0,0.0,0.30853265844345423
1785525064637860100,1,0.0032,2.5,-0.0,0.0,0.30853265844345423
1785525064658254800,1,0.0032,2.5,-0.0,0.0,0.30853265844345423
1785525064677987300,1,0.0032,2.5,-0.0,0.0,0.30853265844345423
1785525064697804900,1,0.0032,2.5,-0.0,0.0,0.30853265844345423
1785525064718600300,1,0.0032,2.5,-0.0,0.0,0.30853265844345423
1785525064738427900,1,0.0032,2.5,-0.0,0.0,0.30853265844345423
1785525064757679900,1,0.0032,2.5,-0.0,0.0,0.30853265844345423
1785525064778248900,1,0.0032,2.5,-0.0,0.0,0.30853265844345423
1785525064798050100,1,0.0032,2.5,-0.0,0.0,0.30853265844345423
1785525064817828800,1,0.0032,2.5,-0.0,0.0,0.30853265844345423
1785525064838439400,1,0.0032,2.5,-0.0,0.0,0.30853265844345423
1785525064857532200,1,0.0032,2.5,-0.0,0.0,0.30853265844345423
1785525064877591200,1,0.0032,2.5,-0.0,0.0,0.30853265844345423
1785525064898179200,1,0.0032,2.5,-0.0,0.0,0.30853265844345423
1785525064917929000,1,0.0032,2.5,-0.0,0.0,0.30853265844345423
1785525064938002900,1,0.0032,2.5,-0.0,0.0,0.30853265844345423
1785525064957596700,1,0.0032,2.5,-0.0,0.0,0.30853265844345423
1785525064978153600,1,0.0032,2.5,-0.0,0.0,0.30853265844345423
1785525064997481300,1,0.0032,2.5,-0.0,0.0,0.30853265844345423
1785525065017744300,1,0.0032,2.5,-0.0,0.0,0.30853265844345423
1785525065037841100,1,0.0032,2.5,-0.0,0.0,0.30853265844345423
1785525065057513800,1,0.0032,2.5,-0.0,0.0,0.30853265844345423
1785525065078474700,1,0.0032,2.5,-0.0,0.0,0.30853265844345423
1785525065098237100,1,0.0032,1.9099240000286954,-0.0,0.0,0.30853265844345423
1785525065118017900,1,0.0032,1.3081750000128523,-0.0,0.0,0.30853265844345423
1785525065137861800,1,0.0032,0.6977470000492758,-0.0,0.0,0.30853265844345423
1785525065158198500,1,0.0032,0.10247500002151355,-0.0,0.0,0.30853265844345423
1785525065177997600,1,0.0032,-0.0,-0.0,0.0,0.30853265844345423
1785525065197749200,1,0.0032,-0.0,-0.0,0.0,0.30853265844345423
1785525065217975400,1,0.0032,-0.0,-0.0,0.0,0.30853265844345423
1785525065237510500,1,0.0032,-0.0,-0.0,0.0,0.30853265844345423
1785525065258115600,1,0.0032,-0.0,-0.0,0.0,0.30853265844345423
1785525065278064500,1,0.0032,-0.0,-0.0,0.0,0.30853265844345423
1785525065297752800,1,0.0032,-0.0,-0.0,0.0,0.30853265844345423
1785525065318232400,1,0.0032,-0.0,-0.0,0.0,0.30853265844345423
1785525065337772400,1,0.0032,-0.0,-0.0,0.0,0.30853265844345423
1785525065358106200,1,0.0032,-0.0,-0.0,0.0,0.30853265844345423
1785525065377641300,1,0.0032,-0.0,-0.0,0.0,0.30853265844345423
1785525065398160000,1,0.0032,-0.0,-0.0,0.0,0.30853265844345423
1785525065418393800,1,0.0032,-0.0,-0.0,0.0,0.30853265844345423
1785525065438202000,1,0.0032,-0.0,-0.0,0.0,0.30853265844345423
1785525065457447100,1,0.0032,-0.0,-0.0,0.0,0.30853265844345423
1785525065478377200,1,0.0032,0.6125159999282914,-0.6125159999282914,0.0,0.30853265844345423
1785525065498366600,1,0.0032,1.209854999979143,-1.209854999979143,0.0,0.30853265844345423
1785525065517558800,1,0.0031,1.803581999920425,-1.803581999920425,0.0,0.30853265844345423
1785525065538569000,1,0.0024,2.415614999990794,-1.1915489998500561,0.0,0.30853265844345423
1785525065558421100,1,0.0024,2.5,-0.5932049998955335,0.0,0.30853265844345423
1785525065577544200,1,0.0022,2.5,-0.002804999858199153,0.0,0.30853265844345423
1785525065598348500,1,0.0023,2.5,-0.0,0.0,0.30853265844345423
1785525065617925600,1,0.0024,2.5,-0.0,0.0,0.30853265844345423
1785525065638359800,1,0.0025,2.5,-0.0,0.0,0.30853265844345423
1785525065657786500,1,0.0024,2.5,-0.0,0.0,0.30853265844345423
1785525065678432200,1,0.0024,2.5,-0.0,0.0,0.30853265844345423
1785525065697774600,1,0.0024,2.5,-0.0,0.0,0.30853265844345423
1785525065717733300,1,0.0024,2.5,-0.0,0.0,0.30853265844345423
1785525065737609800,1,0.0024,2.5,-0.0,0.0,0.30853265844345423
1785525065758311200,1,0.0024,2.5,-0.0,0.0,0.30853265844345423
1785525065778001100,1,0.0024,2.5,-0.0,0.0,0.30853265844345423
1785525065798157300,1,0.0024,2.5,-0.0,0.0,0.30853265844345423
1785525065818121500,1,0.0024,2.5,-0.0,0.0,0.30853265844345423
1785525065837557700,1,0.0024,2.5,-0.0,0.0,0.30853265844345423
1785525065858539800,1,0.0024,1.890594999968016,-0.0,0.0,0.30853265844345423
1785525065877934500,1,0.0024,1.2908799999422627,-0.0,0.0,0.30853265844345423
1785525065898182700,1,0.0024,0.6987639999351813,-0.0,0.0,0.30853265844345423
1785525065917473900,1,0.0024,0.10480900000402471,-0.0,0.0,0.30853265844345423
1785525065938431500,1,0.0024,-0.0,-0.0,0.0,0.30853265844345423
1785525065958376900,1,0.0024,-0.0,-0.0,0.0,0.30853265844345423
1785525065977887800,1,0.0024,-0.0,-0.0,0.0,0.30853265844345423
1785525065998237300,1,0.0024,-0.0,-0.0,0.0,0.30853265844345423
1785525066017753100,1,0.0024,-0.0,-0.0,0.0,0.30853265844345423
1785525066037473700,1,0.0024,-0.0,-0.0,0.0,0.30853265844345423
1785525066057637200,1,0.0024,-0.0,-0.0,0.0,0.30853265844345423
1785525066077858900,1,0.0024,-0.0,-0.0,0.0,0.30853265844345423
1785525066098487300,1,0.0024,-0.0,-0.0,0.0,0.30853265844345423
1785525066117744600,1,0.0024,-0.0,-0.0,0.0,0.30853265844345423
1785525066138532700,1,0.0024,-0.0,-0.0,0.0,0.30853265844345423
1785525066159196600,1,0.0024,-0.0,-0.0,0.0,0.30853265844345423
1785525066178522800,1,0.0024,-0.0,-0.0,0.0,0.30853265844345423
1785525066197795400,1,0.0024,-0.0,-0.0,0.0,0.30853265844345423
1785525066217953100,1,0.0024,-0.0,-0.0,0.0,0.30853265844345423
1785525066238002100,1,0.0024,-0.0,-0.0,0.0,0.30853265844345423
1785525066258107200,1,0.0024,-0.0,-0.0,0.0,0.30853265844345423
1785525066277650100,1,0.0024,-0.0,-0.0,0.0,0.30853265844345423
1785525066298242500,1,0.0024,-0.0,-0.0,0.0,0.30853265844345423
1785525066317860600,1,0.0024,-0.0,-0.0,0.0,0.30853265844345423
1785525066338422300,1,0.0024,-0.0,-0.0,0.0,0.30853265844345423
1785525066357559800,1,0.0024,-0.0,-0.0,0.0,0.30853265844345423
1785525066378769400,1,0.0024,-0.0,-0.0,0.0,0.30853265844345423
1785525066397674500,1,0.0024,-0.0,-0.0,0.0,0.30853265844345423
1785525066418388300,1,0.0024,-0.0,-0.0,0.0,0.30853265844345423
1785525066438194700,1,0.0024,-0.0,-0.0,0.0,0.30853265844345423
1785525066458253200,1,0.0024,-0.0,-0.6047580000085873,0.0,0.30853265844345423
1785525066477938400,1,0.0024,-0.0,-1.209690000032424,0.0,0.30853265844345423
1785525066497953800,1,0.0024,-0.0,-1.7951820000234875,0.0,0.30853265844345423
1785525066517653300,1,0.0024,-0.0,-2.401374000037322,0.0,0.30853265844345423
1785525066537741800,1,0.0024,-0.0,-2.5,0.0,0.30853265844345423
1785525066557598100,1,0.0024,-0.0,-2.5,0.0,0.30853265844345423
1785525066578186200,1,0.0024,-0.0,-2.5,0.0,0.30853265844345423
1785525066598332400,1,0.0024,-0.0,-2.5,0.0,0.30853265844345423
1785525066618319400,1,0.0024,-0.0,-2.5,0.0,0.30853265844345423
1785525066637550700,1,0.0024,-0.0,-2.5,0.0,0.30853265844345423
1785525066658443000,1,0.0024,-0.0,-2.5,0.0,0.30853265844345423
1785525066677927900,1,0.0024,-0.0,-2.5,0.0,0.30853265844345423
1785525066698574400,1,0.0024,-0.6010259999675327,-2.5,0.0,0.30853265844345423
1785525066717787000,1,0.0024,-1.195943999919109,-2.5,0.0,0.30853265844345423
1785525066738032200,1,0.0025,-1.7866529999082559,-2.5,0.0,0.30853265844345423
1785525066758743800,1,0.0025,-2.3972459999276907,-2.5,0.0,0.30853265844345423
1785525066777800800,1,0.0025,-2.5,-2.5,0.0,0.30853265844345423
1785525066798088200,1,0.0025,-2.5,-2.5,0.0,0.30853265844345423
1785525066817982100,1,0.0025,-2.5,-2.5,0.0,0.30853265844345423
1785525066838167900,1,0.0025,-2.5,-2.5,0.0,0.30853265844345423
1785525066857655400,1,0.0025,-2.5,-2.5,0.0,0.30853265844345423
1785525066877906000,1,0.0025,-2.5,-2.5,0.0,0.30853265844345423
1785525066898349100,1,0.0025,-2.5,-2.5,0.0,0.30853265844345423
1785525066918075800,1,0.0025,-2.5,-2.5,0.0,0.30853265844345423
1785525066938159200,1,0.0025,-2.5,-2.5,0.0,0.30853265844345423
1785525066958426300,1,0.0025,-2.5,-2.5,0.0,0.30853265844345423
1785525066977706700,1,0.0025,-2.5,-2.5,0.0,0.30853265844345423
1785525066997955800,1,0.0025,-2.5,-2.5,0.0,0.30853265844345423
1785525067017726800,1,0.0025,-2.5,-2.5,0.0,0.30853265844345423
1785525067038344000,1,0.0025,-2.5,-2.5,0.0,0.30853265844345423
1785525067058399000,1,0.0025,-2.5,-2.5,0.0,0.30853265844345423
1785525067077931100,1,0.0025,-2.5,-2.5,0.0,0.30853265844345423
1785525067098199900,1,0.0025,-2.5,-2.5,0.0,0.30853265844345423
1785525067117892100,1,0.0025,-2.5,-2.5,0.0,0.30853265844345423
1785525067137943500,1,0.0025,-2.5,-2.5,0.0,0.30853265844345423
1785525067157826900,1,0.0025,-2.5,-2.5,0.0,0.30853265844345423
1785525067178355000,1,0.0025,-2.5,-2.5,0.0,0.30853265844345423
1785525067197772500,1,0.0025,-2.5,-2.5,0.0,0.30853265844345423
1785525067217722700,1,0.0025,-2.5,-2.5,0.0,0.30853265844345423
1785525067237514300,1,0.0025,-2.5,-1.9063090000054217,0.0,0.30853265844345423
1785525067258305500,1,0.0025,-2.5,-1.296846999975969,0.0,0.30853265844345423
1785525067278114400,1,0.0025,-2.5,-0.70707399991079,0.0,0.30853265844345423
1785525067297692300,1,0.0026,-2.5,-0.10124799995537614,0.0,0.30853265844345423
1785525067317533400,1,0.0026,-2.5,-0.0,0.0,0.30853265844345423
1785525067338350900,1,0.0026,-2.5,-0.0,0.0,0.30853265844345423
1785525067357952400,1,0.0026,-2.5,-0.0,0.0,0.30853265844345423
1785525067378290300,1,0.0026,-2.5,-0.0,0.0,0.30853265844345423
1785525067397557500,1,0.0026,-2.5,-0.0,0.0,0.30853265844345423
1785525067418252200,1,0.0026,-2.5,-0.0,0.0,0.30853265844345423
1785525067438238300,1,0.0026,-2.5,-0.0,0.0,0.30853265844345423
1785525067457937300,1,0.0026,-2.5,-0.0,0.0,0.30853265844345423
1785525067478463600,1,0.0026,-2.5,-0.0,0.0,0.30853265844345423
1785525067497737600,1,0.0026,-2.5,-0.0,0.0,0.30853265844345423
1785525067518432400,1,0.0026,-2.5,-0.0,0.0,0.30853265844345423
1785525067538614900,1,0.0026,-2.5,-0.0,0.0,0.30853265844345423
1785525067557840800,1,0.0026,-2.5,-0.0,0.0,0.30853265844345423
1785525067578616300,1,0.0026,-2.5,-0.0,0.0,0.30853265844345423
1785525067597678300,1,0.0026,-2.5,-0.0,0.0,0.30853265844345423
1785525067618273100,1,0.0026,-2.5,-0.0,0.0,0.30853265844345423
1785525067638103300,1,0.0026,-2.5,-0.0,0.0,0.30853265844345423
1785525067657717000,1,0.0026,-2.5,-0.0,0.0,0.30853265844345423
1785525067678545000,1,0.0026,-2.5,-0.0,0.0,0.30853265844345423
1785525067697475000,1,0.0026,-2.5,-0.0,0.0,0.30853265844345423
1785525067718066300,1,0.0026,-2.5,-0.0,0.0,0.30853265844345423
1785525067737556200,1,0.0026,-2.5,-0.0,0.0,0.30853265844345423
1785525067758123800,1,0.0026,-2.5,-0.0,0.0,0.30853265844345423
1785525067778419100,1,0.0026,-2.5,-0.0,0.0,0.30853265844345423
1785525067798103100,1,0.0026,-2.5,-0.0,0.0,0.30853265844345423
1785525067818337100,1,0.0026,-2.5,-0.0,0.0,0.30853265844345423
1785525067837585300,1,0.0026,-2.5,-0.0,0.0,0.30853265844345423
1785525067857796700,1,0.0026,-2.5,-0.0,0.0,0.30853265844345423
1785525067877986000,1,0.0026,-2.5,-0.0,0.0,0.30853265844345423
1785525067897652000,1,0.0026,-2.5,-0.0,0.0,0.30853265844345423
1785525067917932600,1,0.0026,-2.5,-0.0,0.0,0.30853265844345423
1785525067937658500,1,0.0026,-2.5,-0.0,0.0,0.30853265844345423
1785525067957526800,1,0.0026,-2.5,-0.0,0.0,0.30853265844345423
1785525067978062800,1,0.0026,-2.5,-0.0,0.0,0.30853265844345423
1785525067998308500,1,0.0026,-2.5,-0.0,0.0,0.30853265844345423
1785525068017701700,1,0.0026,-2.5,-0.0,0.0,0.30853265844345423
1785525068037849700,1,0.0026,-2.5,-0.0,0.0,0.30853265844345423
1785525068058529600,1,0.0026,-2.5,-0.0,0.0,0.30853265844345423
1785525068078221500,1,0.0026,-2.5,-0.0,0.0,0.30853265844345423
1785525068098385500,1,0.0026,-2.5,-0.0,0.0,0.30853265844345423
1785525068118029100,1,0.0026,-2.5,-0.0,0.0,0.30853265844345423
1785525068137461200,1,0.0026,-2.5,-0.0,0.0,0.30853265844345423
1785525068159035300,1,0.0026,-2.5,-0.0,0.0,0.30853265844345423
1785525068178280700,1,0.0026,-2.5,-0.0,0.0,0.30853265844345423
1785525068197715900,1,0.0026,-2.5,-0.0,0.0,0.30853265844345423
1785525068218552400,1,0.0026,-2.5,-0.0,0.0,0.30853265844345423
1785525068238233900,1,0.0026,-2.5,-0.0,0.0,0.30853265844345423
1785525068257691500,1,0.0026,-2.5,-0.0,0.0,0.30853265844345423
1785525068278724600,1,0.0026,-2.5,-0.0,0.0,0.30853265844345423
1785525068297498000,1,0.0026,-2.5,-0.0,0.0,0.30853265844345423
1785525068317601600,1,0.0026,-2.5,-0.0,0.0,0.30853265844345423
1785525068337462400,1,0.0026,-2.5,-0.0,0.0,0.30853265844345423
1785525068357471900,1,0.0026,-2.5,-0.0,0.0,0.30853265844345423
1785525068378481400,1,0.0026,-2.5,-0.0,0.0,0.30853265844345423
1785525068397702700,1,0.0026,-2.5,-0.0,0.0,0.30853265844345423
1785525068417768500,1,0.0026,-2.5,-0.0,0.0,0.30853265844345423
1785525068438325200,1,0.0026,-2.5,-0.0,0.0,0.30853265844345423
1785525068457742600,1,0.0026,-2.5,-0.0,0.0,0.30853265844345423
1785525068477951500,1,0.0026,-2.5,-0.0,0.0,0.30853265844345423
1785525068498183200,1,0.0026,-2.5,-0.0,0.0,0.30853265844345423
1785525068517822500,1,0.0026,-2.5,-0.0,0.0,0.30853265844345423
1785525068538528400,1,0.0026,-2.5,-0.0,0.0,0.30853265844345423
1785525068558349700,1,0.0026,-2.5,-0.0,0.0,0.30853265844345423
1785525068577972500,1,0.0026,-2.5,-0.0,0.0,0.30853265844345423
1785525068598182000,1,0.0026,-2.5,-0.0,0.0,0.30853265844345423
1785525068617925000,1,0.0026,-2.5,-0.0,0.0,0.30853265844345423
1785525068638121700,1,0.0026,-1.9091679999473854,-0.0,0.0,0.30853265844345423
1785525068657735400,1,0.0026,-1.3055859999440145,-0.0,0.0,0.30853265844345423
1785525068677944600,1,0.0026,-0.6993849999707891,-0.0,0.0,0.30853265844345423
1785525068698149700,1,0.0026,-0.10833700001967372,-0.0,0.0,0.30853265844345423
1785525068718003800,1,0.0026,-0.0,-0.0,0.0,0.30853265844345423
1785525068738286400,1,0.0026,-0.0,-0.0,0.0,0.30853265844345423
1785525068757920700,1,0.0026,-0.0,-0.0,0.0,0.30853265844345423
1785525068778346600,1,0.0026,-0.0,-0.0,0.0,0.30853265844345423
1785525068798378900,1,0.0026,-0.0,-0.0,0.0,0.30853265844345423
1785525068817851100,1,0.0026,-0.0,-0.0,0.0,0.30853265844345423
1785525068838378200,1,0.0026,-0.0,-0.0,0.0,0.30853265844345423
1785525068857896200,1,0.0026,-0.0,-0.0,0.0,0.30853265844345423
1785525068878434900,1,0.0026,-0.0,-0.0,0.0,0.30853265844345423
1785525068897751600,1,0.0026,-0.0,-0.0,0.0,0.30853265844345423
1785525068917867100,1,0.0026,-0.0,-0.0,0.0,0.30853265844345423
1785525068937526800,1,0.0026,-0.0,-0.0,0.0,0.30853265844345423
1785525068958547800,1,0.0026,-0.0,-0.0,0.0,0.30853265844345423
1785525068977592900,1,0.0026,-0.0,-0.0,0.0,0.30853265844345423
1785525068998424200,1,0.0026,-0.0,-0.0,0.0,0.30853265844345423
1785525069018312800,1,0.0026,-0.0,-0.0,0.0,0.30853265844345423
1785525069037887900,1,0.0026,-0.0,-0.0,0.0,0.30853265844345423
1785525069058420900,1,0.0026,-0.0,-0.0,0.0,0.30853265844345423
1785525069078368000,1,0.0026,-0.0,-0.0,0.0,0.30853265844345423
1785525069097910600,1,0.0026,-0.0,-0.0,0.0,0.30853265844345423
1785525069117902500,1,0.0026,-0.0,-0.0,0.0,0.30853265844345423
1785525069138451900,1,0.0026,-0.0,-0.0,0.0,0.30853265844345423
1785525069157674900,1,0.0026,-0.0,-0.0,0.0,0.30853265844345423
1785525069178109000,1,0.0026,-0.0,-0.0,0.0,0.30853265844345423
1785525069198373600,1,0.0026,-0.0,-0.0,0.0,0.30853265844345423
1785525069217807400,1,0.0026,-0.0,-0.0,0.0,0.30853265844345423
1785525069238253000,1,0.0026,-0.0,-0.0,0.0,0.30853265844345423
1785525069258127900,1,0.0026,-0.0,-0.0,0.0,0.30853265844345423
1785525069278378700,1,0.0026,-0.0,-0.0,0.0,0.30853265844345423
1785525069297649800,1,0.0026,-0.0,-0.0,0.0,0.30853265844345423
1785525069318410000,1,0.0026,-0.0,-0.0,0.0,0.30853265844345423
1785525069338119800,1,0.0026,-0.0,-0.0,0.0,0.30853265844345423
1785525069357960900,1,0.0026,-0.0,-0.0,0.0,0.30853265844345423
1785525069377995600,1,0.0026,-0.0,-0.0,0.0,0.30853265844345423
1785525069397777100,1,0.0026,-0.0,-0.0,0.0,0.30853265844345423
1785525069417965400,1,0.0026,-0.0,-0.0,0.0,0.30853265844345423
1785525069437736300,1,0.0026,-0.0,-0.0,0.0,0.30853265844345423
1785525069458578900,1,0.0000,-0.0,-0.0,0.0,0.0
1785525069478109000,1,-0.0000,-0.0,-0.0,0.0,0.0
1785525069497575600,1,-0.0000,-0.0,-0.0,0.0,0.0
1785525069518298800,1,0.0000,-0.0,-0.0,0.0,0.0
1785525069538220500,1,0.0000,-0.0,-0.0,0.0,0.0
1785525069558110800,1,0.0000,-0.0,-0.0,0.0,0.0
1785525069578311500,1,-0.0000,-0.0,-0.0,0.0,0.0
1785525069597782000,1,-0.0000,-0.0,-0.0,0.0,0.0
1785525069617586100,1,-0.0000,-0.0,-0.0,0.0,0.0
1785525069637657900,1,-0.0000,-0.0,-0.0,0.0,0.0
1785525069658401600,1,-0.0000,-0.0,-0.0,0.0,0.0
1785525069677544900,1,-0.0000,-0.0,-0.0,0.0,0.0
1785525069698150600,1,-0.0000,-0.0,-0.0,0.0,0.0
1785525069717747600,1,-0.0000,-0.0,-0.0,0.0,0.0
1785525069738280200,1,-0.0000,-0.0,-0.0,0.0,0.0
1785525069758455800,1,-0.0000,-0.0,-0.0,0.0,0.0
1785525069778378500,1,-0.0000,-0.0,-0.0,0.0,0.0
1785525069797894800,1,-0.0000,-0.0,-0.0,0.0,0.0
1785525069818329700,1,-0.0000,-0.0,-0.0,0.0,0.0
1785525069838513100,1,-0.0000,-0.0,-0.0,0.0,0.0
1785525069858260900,1,-0.0000,-0.0,-0.0,0.0,0.0
1785525069877829900,1,-0.0000,-0.0,-0.0,0.0,0.0
1785525069898087200,1,-0.0000,-0.0,-0.0,0.0,0.0
1785525069918256600,1,-0.0000,-0.0,-0.0,0.0,0.0
1785525069938292100,1,-0.0000,-0.0,-0.0,0.0,0.0
1785525069957684700,1,-0.0000,-0.0,-0.0,0.0,0.0
1785525069978049800,0,-0.0000,-0.0,-0.0,0.0,0.0
1785525069997643500,0,-0.0000,-0.0,-0.0,0.0,0.0
1785525070018331900,0,-0.0000,-0.0,-0.0,0.0,0.0
1785525070037707100,0,-0.0000,-0.0,-0.0,0.0,0.0
1785525070057502700,0,-0.0000,-0.0,-0.0,0.0,0.0
1785525070078551700,0,-0.0000,-0.0,-0.0,0.0,0.0
1785525070097812400,0,-0.0000,-0.0,-0.0,0.0,0.0
1785525070118256400,0,-0.0000,-0.0,-0.0,0.0,0.0
1785525070137878400,0,-0.0000,-0.0,-0.0,0.0,0.0
1785525070157542700,0,-0.0000,-0.0,-0.0,0.0,0.0
1785525070177597800,0,-0.0000,-0.0,-0.0,0.0,0.0
1785525070198303200,0,-0.0000,-0.0,-0.0,0.0,0.0
1785525070218673100,0,-0.0000,-0.0,-0.0,0.0,0.0
1785525070237732800,0,-0.0000,-0.0,-0.0,0.0,0.0
1785525070257606600,0,-0.0000,-0.0,-0.0,0.0,0.0
1785525070278260700,0,-0.0000,-0.0,-0.0,0.0,0.0
1785525070298423400,0,-0.0000,-0.0,-0.0,0.0,0.0
1785525070318422900,0,-0.0000,-0.0,-0.0,0.0,0.0
1785525070338053000,0,0.0000,-0.0,-0.0,0.0,0.0
1785525070358208600,0,0.0000,-0.0,-0.0,0.0,0.0
1785525070377685000,1,0.0000,-0.0,-0.0,0.0,0.0
1785525070397726400,1,0.0000,-0.0,-0.0,0.0,0.0
1785525070418270600,1,0.0000,-0.0,-0.0,0.0,0.0
1785525070437681300,1,0.0000,-0.0,-0.0,0.0,0.0
1785525070458933900,1,0.0000,-0.0,-0.0,0.0,0.0
1785525070477821900,1,0.0000,-0.0,-0.0,0.0,0.0
1785525070498144500,1,0.0000,-0.0,-0.0,0.0,0.0
1785525070517500200,1,0.0000,-0.0,-0.0,0.0,0.0
1785525070537752100,1,0.0000,-0.0,-0.0,0.0,0.0
1785525070558107900,1,0.0000,-0.0,-0.0,0.0,0.0
1785525070577511700,1,0.0000,-0.0,-0.0,0.0,0.0
1785525070597969500,1,0.0000,-0.0,-0.0,0.0,0.0
1785525070618742200,1,0.0000,-0.0,-0.0,0.0,0.0
1785525070637883900,1,0.0000,-0.0,-0.0,0.0,0.0
1785525070658419600,1,0.0000,-0.0,-0.0,0.0,0.0
1785525070677553600,1,0.0000,-0.0,-0.0,0.0,0.0
1785525070698345500,1,0.0000,-0.0,-0.0,0.0,0.0
1785525070718214900,1,0.0000,-0.0,-0.0,0.0,0.0
1785525070737505900,1,0.0000,-0.0,-0.0,0.0,0.0
1785525070757868400,1,0.0000,-0.0,-0.0,0.0,0.0
1785525070777609700,1,0.0000,-0.0,-0.0,0.0,0.0
1785525070798106300,1,0.0000,-0.0,-0.0,0.0,0.0
1785525070818297800,1,0.0000,-0.0,-0.0,0.0,0.0
1785525070837766600,1,0.0000,-0.0,-0.0,0.0,0.0
1785525070858524300,1,0.0000,-0.0,-0.0,0.0,0.0
1785525070877505800,1,0.0000,-0.0,-0.0,0.0,0.0
1785525070897673400,1,0.0000,-0.0,-0.0,0.0,0.0
1785525070918291600,1,0.0000,-0.0,-0.0,0.0,0.0
1785525070939067700,1,0.0000,-0.0,-0.0,0.0,0.0
1785525070958235200,1,0.0000,-0.0,-0.0,0.0,0.0
1785525070978323600,1,0.0000,-0.0,-0.0,0.0,0.0
1785525070998354200,1,0.0000,-0.0,-0.0,0.0,0.0
1785525071017602700,1,0.0000,-0.0,-0.0,0.0,0.0
1785525071038302800,1,0.0000,-0.0,-0.0,0.0,0.0
1785525071057800000,1,0.0000,-0.0,-0.0,0.0,0.0
1785525071077754900,1,0.0000,-0.0,-0.0,0.0,0.0
1785525071097679700,1,0.0000,-0.0,-0.0,0.0,0.0
1785525071117912100,1,0.0000,-0.0,-0.0,0.0,0.0
1785525071138253200,1,0.0000,-0.0,-0.0,0.0,0.0
1785525071157514700,1,0.0000,-0.0,-0.0,0.0,0.0
1785525071178618700,1,0.0000,-0.0,-0.0,0.0,0.0
1785525071197807500,1,0.0000,-0.0,-0.0,0.0,0.0
1785525071217994700,1,0.0000,-0.0,-0.0,0.0,0.0
1785525071237938700,1,0.0000,-0.0,-0.0,0.0,0.0
1785525071258016500,1,0.0000,-0.0,-0.0,0.0,0.0
1785525071277968800,1,0.0000,-0.0,-0.0,0.0,0.0
1785525071298227100,1,0.0000,-0.0,-0.0,0.0,0.0
1785525071317463200,1,0.0000,-0.0,-0.0,0.0,0.0
1785525071338410300,1,0.0000,-0.0,-0.0,0.0,0.0
1785525071357681100,1,0.0000,-0.0,-0.0,0.0,0.0
1785525071378126800,1,0.0000,-0.0,-0.0,0.0,0.0
1785525071398730300,1,0.0000,-0.0,-0.0,0.0,0.0
1785525071417835200,1,0.0000,-0.0,-0.0,0.0,0.0
1785525071437862800,1,0.0000,-0.0,-0.0,0.0,0.0
1785525071458120400,1,0.0000,-0.0,-0.0,0.0,0.0
1785525071477923900,1,0.0000,-0.0,-0.0,0.0,0.0
1785525071498048100,1,0.0000,-0.0,-0.0,0.0,0.0
1785525071517817900,1,0.0000,-0.0,-0.0,0.0,0.0
1785525071538379600,1,0.0000,-0.0,-0.0,0.0,0.0
1785525071557782300,1,0.0000,-0.0,-0.0,0.0,0.0
1785525071578400600,1,0.0000,-0.0,-0.0,0.0,0.0
1785525071598153300,1,0.0000,-0.0,-0.0,0.0,0.0
1785525071617588900,1,0.0000,-0.0,-0.0,0.0,0.0
1785525071637836700,1,0.0000,-0.0,-0.0,0.0,0.0
1785525071658314400,1,0.0000,-0.0,-0.0,0.0,0.0
1785525071678003700,1,0.0000,-0.0,-0.0,0.0,0.0
1785525071697723800,1,0.0000,-0.0,-0.0,0.0,0.0
1785525071718376300,1,0.0000,-0.0,-0.0,0.0,0.0
1785525071738448700,1,0.0000,-0.0,-0.0,0.0,0.0
1785525071757821900,1,0.0000,-0.0,-0.0,0.0,0.0
1785525071778367600,1,0.0000,-0.0,-0.0,0.0,0.0
1785525071798153200,1,0.0000,-0.0,-0.0,0.0,0.0
1785525071817866000,1,0.0000,-0.0,-0.0,0.0,0.0
1785525071838355000,1,0.0000,-0.0,-0.0,0.0,0.0
1785525071858383900,1,0.0000,-0.0,-0.0,0.0,0.0
1785525071878510800,1,0.0000,-0.0,-0.0,0.0,0.0
1785525071897501700,1,0.0000,-0.0,-0.0,0.0,0.0
1785525071917724700,1,0.0000,-0.0,-0.0,0.0,0.0
1785525071938234900,1,0.0000,-0.0,-0.0,0.0,0.0
1785525071957856300,1,0.0000,-0.0,-0.0,0.0,0.0
1785525071978141800,1,0.0000,-0.0,-0.0,0.0,0.0
1785525071998023200,1,0.0000,-0.0,-0.0,0.0,0.0
1785525072018245500,1,0.0000,-0.0,-0.0,0.0,0.0
1785525072038171300,1,0.0000,-0.0,-0.0,0.0,0.0
1785525072057831600,1,0.0000,-0.0,-0.0,0.0,0.0
1785525072077518200,1,0.0000,-0.0,-0.0,0.0,0.0
1785525072098470700,1,0.0000,-0.0,-0.0,0.0,0.0
1785525072118314300,1,0.0000,-0.0,-0.0,0.0,0.0
1785525072137742000,1,0.0000,-0.0,-0.0,0.0,0.0
1785525072157854900,1,0.0000,-0.0,-0.0,0.0,0.0
1785525072178512000,1,0.0000,-0.0,-0.0,0.0,0.0
1785525072197625800,1,0.0000,-0.0,-0.0,0.0,0.0
1785525072217648400,1,0.0000,-0.0,-0.0,0.0,0.0
1785525072237590500,1,0.0000,-0.0,-0.0,0.0,0.0
1785525072258083100,1,0.0000,-0.0,-0.0,0.0,0.0
1785525072278412600,1,0.0000,-0.0,-0.0,0.0,0.0
1785525072298791300,1,0.0000,-0.0,-0.0,0.0,0.0
1785525072317823300,1,0.0000,-0.0,-0.0,0.0,0.0
1785525072338184600,1,0.0000,-0.0,-0.0,0.0,0.0
1785525072357786100,1,0.0000,-0.0,-0.0,0.0,0.0
1785525072377818000,1,0.0000,-0.0,-0.0,0.0,0.0
1785525072398223500,1,0.0000,-0.0,-0.0,0.0,0.0
1785525072418613600,1,0.0000,-0.0,-0.0,0.0,0.0
1785525072437941900,1,0.0000,-0.0,-0.0,0.0,0.0
1785525072458315000,1,0.0000,-0.0,-0.0,0.0,0.0
1785525072477586500,1,0.0000,-0.0,-0.0,0.0,0.0
1785525072498087800,1,0.0000,-0.0,-0.0,0.0,0.0
1785525072518470900,1,0.0000,-0.0,-0.0,0.0,0.0
1785525072538461000,1,0.0000,-0.0,-0.0,0.0,0.0
1785525072557500900,1,0.0000,-0.0,-0.0,0.0,0.0
1785525072577990700,1,0.0000,-0.0,-0.0,0.0,0.0
1785525072597853300,1,0.0000,-0.0,-0.0,0.0,0.0
1785525072618351900,1,0.0000,-0.0,-0.0,0.0,0.0
1785525072637655400,1,0.0000,-0.0,-0.0,0.0,0.0
1785525072658047600,1,0.0000,-0.0,-0.0,0.0,0.0
1785525072677649600,1,0.0000,-0.0,-0.0,0.0,0.0
1785525072698211800,1,0.0000,-0.0,-0.0,0.0,0.0
1785525072718426400,1,0.0000,-0.0,-0.0,0.0,0.0
1785525072737752900,1,0.0000,-0.0,-0.0,0.0,0.0
1785525072758371700,1,0.0000,-0.0,-0.0,0.0,0.0
1785525072778274900,1,0.0000,-0.0,-0.0,0.0,0.0
1785525072798060200,1,0.0000,-0.0,-0.0,0.0,0.0
1785525072817889100,1,0.0000,-0.0,-0.0,0.0,0.0
1785525072838342600,1,0.0000,-0.0,-0.0,0.0,0.0
1785525072857601800,1,0.0000,-0.0,-0.0,0.0,0.0
1785525072877957500,1,0.0000,-0.0,-0.0,0.0,0.0
1785525072898119300,1,0.0000,-0.0,-0.0,0.0,0.0
1785525072918185000,1,0.0000,-0.0,-0.0,0.0,0.0
1785525072938084500,1,0.0000,-0.0,-0.0,0.0,0.0
1785525072957734600,1,0.0000,-0.0,-0.0,0.0,0.0
1785525072977830100,1,0.0000,-0.0,-0.0,0.0,0.0
1785525072998637100,1,0.0000,-0.0,-0.0,0.0,0.0
1785525073018008400,1,0.0000,-0.0,-0.0,0.0,0.0
1785525073037902400,1,0.0000,-0.0,-0.0,0.0,0.0
1785525073058217600,1,0.0000,-0.0,-0.0,0.0,0.0
1785525073077504600,1,0.0000,-0.0,-0.0,0.0,0.0
1785525073097954800,1,0.0000,-0.0,-0.0,0.0,0.0
1785525073117765100,1,0.0000,-0.0,-0.0,0.0,0.0
1785525073138402700,1,0.0000,-0.0,-0.0,0.0,0.0
1785525073157724500,1,0.0000,-0.0,-0.0,0.0,0.0
1785525073178333100,1,0.0000,-0.0,-0.0,0.0,0.0
1785525073197925600,1,0.0000,-0.0,-0.0,0.0,0.0
1785525073217672900,1,0.0000,-0.0,-0.0,0.0,0.0
1785525073237476800,1,0.0000,-0.0,-0.0,0.0,0.0
1785525073258063300,1,0.0000,-0.0,-0.0,0.0,0.0
1785525073277680400,1,0.0000,-0.0,-0.0,0.0,0.0
1785525073298001100,1,0.0000,-0.0,-0.0,0.0,0.0
1785525073317850500,1,0.0000,-0.0,-0.0,0.0,0.0
1785525073338521200,1,0.0000,-0.0,-0.0,0.0,0.0
1785525073358495100,1,0.0000,-0.0,-0.0,0.0,0.0
1785525073378097400,1,0.0000,-0.0,-0.0,0.0,0.0
1785525073397668400,1,0.0000,-0.0,-0.0,0.0,0.0
1785525073418390800,1,0.0000,-0.0,-0.0,0.0,0.0
1785525073438325300,1,0.0000,-0.0,-0.0,0.0,0.0
1785525073457721200,1,0.0000,-0.0,-0.0,0.0,0.0
1785525073478281600,1,0.0000,-0.0,-0.0,0.0,0.0
1785525073497742300,1,0.0000,-0.0,-0.0,0.0,0.0
1785525073518368700,1,0.0000,-0.0,-0.0,0.0,0.0
1785525073537859300,1,0.0000,-0.0,-0.0,0.0,0.0
1785525073558520300,1,0.0000,-0.0,-0.0,0.0,0.0
1785525073577491200,1,0.0000,-0.0,-0.0,0.0,0.0
1785525073597484500,1,0.0000,-0.0,-0.0,0.0,0.0
1785525073618397000,1,0.0000,-0.0,-0.0,0.0,0.0
1785525073638023100,1,0.0000,-0.0,-0.0,0.0,0.0
1785525073657821600,1,0.0000,-0.0,-0.0,0.0,0.0
1785525073678492900,1,0.0000,-0.0,-0.0,0.0,0.0
1785525073697471900,1,0.0000,-0.0,-0.0,0.0,0.0
1785525073718308700,1,0.0000,-0.0,-0.0,0.0,0.0
1785525073738500300,1,0.0000,-0.0,-0.0,0.0,0.0
1785525073758306200,1,0.0000,-0.0,-0.0,0.0,0.0
1785525073777737000,1,0.0000,-0.0,-0.0,0.0,0.0
1785525073797790500,1,0.0000,-0.0,-0.0,0.0,0.0
1785525073818023100,1,0.0000,-0.0,-0.0,0.0,0.0
1785525073838299600,1,0.0000,-0.0,-0.0,0.0,0.0
1785525073858338000,1,0.0000,-0.0,-0.0,0.0,0.0
1785525073877930800,1,0.0000,-0.0,-0.0,0.0,0.0
1785525073898223900,1,0.0000,-0.0,-0.0,0.0,0.0
1785525073917862700,1,0.0000,-0.0,-0.0,0.0,0.0
1785525073937513900,1,0.0000,-0.0,-0.0,0.0,0.0
1785525073958133000,1,0.0000,-0.0,-0.0,0.0,0.0
1785525073978255300,1,0.0000,-0.0,-0.0,0.0,0.0
1785525073997459600,1,0.0000,-0.0,-0.0,0.0,0.0
1785525074017897600,1,0.0000,-0.0,-0.0,0.0,0.0
1785525074038456700,1,0.0000,-0.0,-0.0,0.0,0.0
1785525074058632400,1,0.0000,-0.0,-0.0,0.0,0.0
1785525074077645300,1,0.0000,-0.0,-0.0,0.0,0.0
1785525074098360400,1,0.0000,-0.0,-0.0,0.0,0.0023919427744514945
1785525074117720200,1,0.0000,-0.0,-0.0,0.0,0.00722608071392362
1785525074137803000,1,0.0000,-0.0,-0.0,0.0,0.014480548389084653
1785525074158789900,1,0.0000,-0.0,-0.0,0.0,0.02424010260151633
1785525074177832400,1,0.0000,-0.0,-0.0,0.0,0.034135852601003054
1785525074198622700,1,0.0000,-0.0,-0.0,0.0,0.04414225260084138
1785525074217910800,1,0.0000,-0.0,-0.0,0.0,0.05417150260186688
1785525074238619400,1,0.0000,-0.0,-0.0,0.0,0.06414025260060086
1785525074258235300,1,0.0000,-0.0,-0.0,0.0,0.07399190260080146
1785525074278357000,1,0.0000,-0.0,-0.0,0.0,0.08414435260133402
1785525074298154600,1,0.0000,-0.0,-0.0,0.0,0.09401160260208641
1785525074317872600,1,0.0000,-0.0,-0.0,0.0,0.1041574026010953
1785525074337998800,1,0.0000,-0.0,-0.0,0.0,0.1139653526014176
1785525074357701100,1,0.0000,-0.0,-0.0,0.0,0.1240771526016492
1785525074378469500,1,0.0001,-0.0,-0.0,0.0,0.13416505260179334
1785525074397711900,1,0.0001,-0.0,-0.0,0.0,0.14407700260094358
1785525074417588900,1,0.0001,-0.0,-0.0,0.0,0.15401555260073152
1785525074438125600,1,0.0001,-0.0,-0.0,0.0,0.16399755260031312
1785525074457627600,1,0.0001,-0.0,-0.0,0.0,0.17403350260142403
1785525074477903700,1,0.0001,-0.0,-0.0,0.0,0.18170506222732738
1785525074498000500,1,0.0003,-0.0,-0.0,0.0,0.1868147539070007
1785525074518298400,1,0.0003,-0.0,-0.0,0.0,0.18963587190742714
1785525074538027200,1,0.0004,-0.0,-0.0,0.0,0.1900515360087391
1785525074557802700,1,0.0004,-0.0,-0.0,0.0,0.1900515360087391
1785525074578241300,1,0.0004,-0.0,-0.0,0.0,0.1900515360087391
1785525074597730700,1,0.0004,-0.0,-0.0,0.0,0.1900515360087391
1785525074617801900,1,0.0004,-0.0,-0.0,0.0,0.1900515360087391
1785525074637853400,1,0.0004,-0.0,-0.0,0.0,0.1900515360087391
1785525074657764300,1,0.0004,-0.0,-0.0,0.0,0.19242711843241622
1785525074678023600,1,0.0004,-0.0,-0.0,0.0,0.19712430168759246
1785525074698321900,1,0.0005,-0.0,-0.0,0.0,0.20438197059229424
1785525074717855100,1,0.0005,-0.0,-0.0,0.0,0.21404366366147498
1785525074738234000,1,0.0005,-0.0,-0.0,0.0,0.22383706366196476
1785525074758244700,1,0.0005,-0.0,-0.0,0.0,0.23398616366245462
1785525074778103400,1,0.0005,-0.0,-0.0,0.0,0.24388491366295695
1785525074797565400,1,0.0005,-0.0,-0.0,0.0,0.25390146366186583
1785525074818386500,1,0.0005,-0.0,-0.0,0.0,0.26399001366150243
1785525074837875500,1,0.0005,-0.0,-0.0,0.0,0.27162825894699416
1785525074857997800,1,0.0005,-0.0,-0.0,0.0,0.2767538836202822
1785525074877761100,1,0.0005,-0.0,-0.0,0.0,0.2795895533484811
1785525074898083300,1,0.0005,-0.0,-0.0,0.0,0.2800051420438443
1785525074917848800,1,0.0005,-0.0,-0.0,0.0,0.2800051420438443
1785525074938154300,1,0.0005,-0.0,-0.0,0.0,0.2800051420438443
1785525074957824400,1,0.0005,-0.0,-0.0,0.0,0.2800051420438443
1785525074978578500,1,0.0005,-0.0,-0.0,0.0,0.2800051420438443
1785525074998027900,1,0.0005,-0.0,-0.0,0.0,0.2800051420438443
1785525075018247300,1,0.0005,-0.0,-0.0,0.0,0.2800051420438443
1785525075037937600,1,0.0005,-0.0,-0.0,0.0,0.2800051420438443
1785525075058139300,1,0.0005,-0.0,-0.0,0.0,0.2800051420438443
1785525075077767900,1,0.0005,-0.0,-0.0,0.0,0.2800051420438443
1785525075098404400,1,0.0005,-0.0,-0.0,0.0,0.2800051420438443
1785525075117483800,1,0.0005,-0.0,-0.0,0.0,0.2800051420438443
1785525075138201500,1,0.0005,-0.0,-0.0,0.0,0.2800051420438443
1785525075157851900,1,0.0005,-0.0,-0.0,0.0,0.2800051420438443
1785525075178459500,1,0.0005,-0.0,-0.0,0.0,0.2800051420438443
1785525075198432100,1,0.0005,-0.0,-0.0,0.0,0.2800051420438443
1785525075217866400,1,0.0005,-0.0,-0.0,0.0,0.2800051420438443
1785525075237510200,1,0.0005,-0.0,-0.0,0.0,0.2800051420438443
1785525075258027600,1,0.0005,-0.0,-0.0,0.0,0.2800051420438443
1785525075277469500,1,0.0005,-0.0,-0.0,0.0,0.2800051420438443
1785525075297958100,1,0.0005,-0.0,-0.0,0.0,0.2800051420438443
1785525075317814600,1,0.0005,-0.0,-0.0,0.0,0.2800051420438443
1785525075338211800,1,0.0005,-0.0,-0.0,0.0,0.2800051420438443
1785525075358171800,1,0.0005,-0.0,-0.0,0.0,0.2800051420438443
1785525075377788300,1,0.0005,-0.0,-0.0,0.0,0.2800051420438443
1785525075398219200,1,0.0005,-0.0,-0.0,0.0,0.2800051420438443
1785525075417705100,1,0.0005,-0.0,-0.0,0.0,0.2800051420438443
1785525075437488800,1,0.0005,-0.0,-0.0,0.0,0.2800051420438443
1785525075457416700,1,0.0005,-0.0,-0.0,0.0,0.2800051420438443
1785525075477846100,1,0.0005,-0.0,-0.0,0.0,0.2800051420438443
1785525075498516600,1,0.0005,-0.0,-0.0,0.0,0.2800051420438443
1785525075518346800,1,0.0005,-0.0,-0.0,0.0,0.2800051420438443
1785525075538653700,1,0.0005,-0.0,-0.0,0.0,0.2800051420438443
1785525075557798800,1,0.0005,-0.0,-0.0,0.0,0.2800051420438443
1785525075577683200,1,0.0005,-0.0,-0.0,0.0,0.2800051420438443
1785525075598246500,1,0.0005,-0.0,-0.0,0.0,0.2800051420438443
1785525075617720900,1,0.0005,-0.0,-0.0,0.0,0.2800051420438443
1785525075637997100,1,0.0005,-0.0,-0.0,0.0,0.2800051420438443
1785525075657950600,1,0.0005,-0.0,-0.0,0.0,0.2800051420438443
1785525075677843300,1,0.0005,-0.0,-0.0,0.0,0.2800051420438443
1785525075698288500,1,0.0005,-0.0,-0.0,0.0,0.2800051420438443
1785525075717830400,1,0.0005,-0.0,-0.0,0.0,0.2800051420438443
1785525075738203700,1,0.0005,-0.0,-0.0,0.0,0.2800051420438443
1785525075758390900,1,0.0005,-0.0,-0.0,0.0,0.2800051420438443
1785525075777597500,1,0.0005,-0.0,-0.0,0.0,0.2800051420438443
1785525075798174900,1,0.0005,-0.0,-0.0,0.0,0.2800051420438443
1785525075818328400,1,0.0005,-0.0,-0.0,0.0,0.2800051420438443
1785525075838376600,1,0.0005,-0.0,-0.0,0.0,0.2800051420438443
1785525075857530500,1,0.0005,-0.0,-0.0,0.0,0.2800051420438443
1785525075878378800,1,0.0005,-0.0,-0.0,0.0,0.2800051420438443
1785525075897655200,1,0.0005,-0.0,-0.0,0.0,0.2800051420438443
1785525075918293500,1,0.0005,-0.0,-0.0,0.0,0.2800051420438443
1785525075938177600,1,0.0005,-0.0,-0.0,0.0,0.2800051420438443
1785525075957836000,1,0.0005,-0.0,-0.0,0.0,0.2800051420438443
1785525075978371600,1,0.0005,-0.0,-0.0,0.0,0.2800051420438443
1785525075998194400,1,0.0005,-0.0,-0.0,0.0,0.2800051420438443
1785525076018160300,1,0.0005,-0.0,-0.0,0.0,0.2800051420438443
1785525076037926000,1,0.0005,-0.0,-0.0,0.0,0.2800051420438443
1785525076057667600,1,0.0005,-0.0,-0.0,0.0,0.2800051420438443
1785525076077979700,1,0.0005,-0.0,-0.0,0.0,0.2800051420438443
1785525076098441200,1,0.0005,-0.0,-0.0,0.0,0.2800051420438443
1785525076117868200,1,0.0005,-0.0,-0.0,0.0,0.2800051420438443
1785525076137896100,1,0.0005,-0.0,-0.0,0.0,0.2800051420438443
1785525076158147100,1,0.0005,-0.0,-0.0,0.0,0.2800051420438443
1785525076177705400,1,0.0005,-0.0,-0.0,0.0,0.2800051420438443
1785525076198244800,1,0.0005,-0.0,-0.0,0.0,0.2800051420438443
1785525076217850100,1,0.0005,-0.0,-0.0,0.0,0.2800051420438443
1785525076237769000,1,0.0005,-0.0,-0.0,0.0,0.2800051420438443
1785525076257508800,1,0.0005,-0.0,-0.0,0.0,0.2800051420438443
1785525076277609500,1,0.0005,-0.0,-0.0,0.0,0.2800051420438443
1785525076298251000,1,0.0005,-0.0,-0.0,0.0,0.2800051420438443
1785525076318015500,1,0.0005,-0.0,-0.0,0.0,0.2800051420438443
1785525076337655400,1,0.0005,-0.0,-0.0,0.0,0.2800051420438443
1785525076357506700,1,0.0005,-0.0,-0.0,0.0,0.2800051420438443
1785525076377506800,1,0.0005,-0.0,-0.0,0.0,0.2800051420438443
1785525076398577700,1,0.0005,-0.0,-0.0,0.0,0.2800051420438443
1785525076418512900,1,0.0005,-0.0,-0.0,0.0,0.2800051420438443
1785525076437468900,1,0.0005,-0.0,-0.0,0.0,0.2800051420438443
1785525076457722100,1,0.0005,-0.0,-0.0,0.0,0.2800051420438443
1785525076478324800,1,0.0005,-0.0,-0.0,0.0,0.2800051420438443
1785525076498103100,1,0.0005,-0.0,-0.0,0.0,0.2800051420438443
1785525076518124700,1,0.0005,-0.0,-0.0,0.0,0.2800051420438443
1785525076537891500,1,0.0005,-0.0,-0.0,0.0,0.2800051420438443
1785525076558169900,1,0.0005,-0.0,-0.0,0.0,0.2800051420438443
1785525076577484300,1,0.0005,-0.0,-0.0,0.0,0.2800051420438443
1785525076598529000,1,0.0005,-0.0,-0.0,0.0,0.2800051420438443
1785525076617830900,1,0.0005,-0.0,-0.0,0.0,0.2800051420438443
1785525076638238100,1,0.0005,-0.0,-0.0,0.0,0.2800051420438443
1785525076657610000,1,0.0005,-0.0,-0.0,0.0,0.2800051420438443
1785525076678111800,1,0.0005,-0.0,-0.0,0.0,0.2800051420438443
1785525076697909800,1,0.0005,-0.0,-0.0,0.0,0.2800051420438443
1785525076718006600,1,0.0005,-0.0,-0.0,0.0,0.2800051420438443
1785525076737840600,1,0.0005,-0.0,-0.0,0.0,0.2800051420438443
1785525076758634300,1,0.0005,-0.0,-0.0,0.0,0.2800051420438443
1785525076777673100,1,0.0005,-0.0,-0.0,0.0,0.2800051420438443
1785525076798208800,1,0.0005,-0.0,-0.0,0.0,0.2800051420438443
1785525076818154000,1,0.0005,-0.0,-0.0,0.0,0.2800051420438443
1785525076837570700,1,0.0005,-0.0,-0.0,0.0,0.2800051420438443
1785525076858325700,1,0.0005,-0.0,-0.0,0.0,0.2800051420438443
1785525076878362600,1,0.0005,-0.0,-0.0,0.0,0.2800051420438443
1785525076898003600,1,0.0005,-0.0,-0.0,0.0,0.2800051420438443
1785525076918578400,1,0.0005,-0.0,-0.0,0.0,0.2800051420438443
1785525076938173800,1,0.0005,-0.0,-0.0,0.0,0.2800051420438443
1785525076958398900,1,0.0005,-0.0,-0.0,0.0,0.2800051420438443
1785525076977922700,1,0.0005,-0.0,-0.0,0.0,0.2800051420438443
1785525076998094000,1,0.0005,-0.0,-0.0,0.0,0.2800051420438443
1785525077018237500,1,0.0005,-0.0,-0.0,0.0,0.2800051420438443
1785525077037848700,1,0.0005,-0.0,-0.0,0.0,0.2800051420438443
1785525077058108400,1,0.0005,-0.0,-0.0,0.0,0.2800051420438443
1785525077078001400,1,0.0005,-0.0,-0.0,0.0,0.2800051420438443
1785525077097613700,1,0.0005,-0.0,-0.0,0.0,0.2800051420438443
1785525077117778300,1,0.0005,-0.0,-0.0,0.0,0.2800051420438443
1785525077137926400,1,0.0005,-0.0,-0.0,0.0,0.2800051420438443
1785525077157522900,1,0.0005,-0.0,-0.0,0.0,0.2800051420438443
1785525077177474700,1,0.0005,-0.0,-0.0,0.0,0.2800051420438443
1785525077197545000,1,0.0005,-0.0,-0.0,0.0,0.2800051420438443
1785525077218253400,1,0.0005,-0.0,-0.0,0.0,0.2800051420438443
1785525077237702300,1,0.0005,-0.0,-0.0,0.0,0.2800051420438443
1785525077258444700,1,0.0005,-0.0,-0.0,0.0,0.2800051420438443
1785525077277660900,1,0.0005,-0.0,-0.0,0.0,0.2800051420438443
1785525077298059800,1,0.0005,-0.0,-0.0,0.0,0.2800051420438443
1785525077318364000,1,0.0005,-0.0,-0.0,0.0,0.2800051420438443
1785525077338073800,1,0.0005,-0.0,-0.0,0.0,0.2800051420438443
1785525077357477000,1,0.0005,-0.0,-0.0,0.0,0.2800051420438443
1785525077377499300,1,0.0005,-0.0,-0.0,0.0,0.2800051420438443
1785525077398156000,1,0.0005,-0.0,-0.0,0.0,0.2800051420438443
1785525077418480200,1,0.0005,-0.0,-0.0,0.0,0.2800051420438443
1785525077438235400,1,0.0005,-0.0,-0.0,0.0,0.2800051420438443
1785525077457731800,1,0.0005,-0.0,-0.0,0.0,0.2800051420438443
1785525077477650400,1,0.0005,-0.0,-0.0,0.0,0.2800051420438443
1785525077497756900,1,0.0005,-0.0,-0.0,0.0,0.2800051420438443
1785525077517464100,1,0.0005,-0.0,-0.0,0.0,0.2800051420438443
1785525077538159700,1,0.0005,-0.0,-0.0,0.0,0.2800051420438443
1785525077557585500,1,0.0005,-0.0,-0.0,0.0,0.2800051420438443
1785525077577817000,1,0.0005,-0.0,-0.0,0.0,0.2800051420438443
1785525077597774500,1,0.0005,-0.0,-0.0,0.0,0.2800051420438443
1785525077618109600,1,0.0005,-0.0,-0.0,0.0,0.2800051420438443
1785525077637722600,1,0.0005,-0.0,-0.0,0.0,0.2800051420438443
1785525077657755700,1,0.0005,-0.0,-0.0,0.0,0.2800051420438443
1785525077677957000,1,0.0005,-0.0,0.5906880000475212,0.0,0.2800051420438443
1785525077697533300,1,0.0005,-0.0,1.1934480000127223,0.0,0.2800051420438443
1785525077718143800,1,0.0005,-0.0,1.7959530000007362,0.0,0.2800051420438443
1785525077737934300,1,0.0005,-0.0,2.4049890000605956,0.0,0.2800051420438443
1785525077758016400,1,0.0005,-0.0,1.8165840001529432,0.0,0.2800051420438443
1785525077777729200,1,0.0005,-0.0,1.2108390000503277,0.0,0.2800051420438443
1785525077798122800,1,0.0005,-0.0,0.6142440000985516,0.0,0.2800051420438443
1785525077817831800,1,0.0005,-0.0,0.008046000148169696,0.0,0.2800051420438443
1785525077838127500,1,0.0005,-0.0,-0.0,0.0,0.2800051420438443
1785525077857473300,1,0.0005,-0.0,-0.0,0.0,0.2800051420438443
1785525077878203400,1,0.0005,-0.0,-0.0,0.0,0.2800051420438443
1785525077898263400,1,0.0005,-0.0,-0.0,0.0,0.2800051420438443
1785525077918040800,1,0.0005,-0.0,-0.0,0.0,0.2800051420438443
1785525077938247700,1,0.0005,-0.0,-0.0,0.0,0.2800051420438443
1785525077957669000,1,0.0005,-0.0,-0.0,0.0,0.2800051420438443
1785525077978536300,1,0.0005,-0.0,-0.0,0.0,0.2800051420438443
1785525077998112000,1,0.0005,-0.0,-0.0,0.0,0.2800051420438443
1785525078017461600,1,0.0005,-0.0,-0.0,0.0,0.2800051420438443
1785525078038170100,1,0.0005,-0.0,-0.0,0.0,0.2800051420438443
1785525078057577000,1,0.0005,-0.0,-0.0,0.0,0.2800051420438443
1785525078078529700,1,0.0005,-0.0,-0.0,0.0,0.2800051420438443
1785525078097802500,1,0.0005,-0.0,-0.0,0.0,0.2800051420438443
1785525078118640800,1,0.0005,-0.0,-0.0,0.0,0.2800051420438443
1785525078138476400,1,0.0005,-0.0,-0.0,0.0,0.2800051420438443
1785525078157956100,1,0.0005,-0.0,-0.0,0.0,0.2800051420438443
1785525078178162200,1,0.0005,-0.0,-0.0,0.0,0.2800051420438443
1785525078197496200,1,0.0005,-0.0,-0.0,0.0,0.2800051420438443
1785525078218234500,1,0.0005,-0.0,-0.0,0.0,0.2800051420438443
1785525078237721000,1,0.0005,-0.0,-0.0,0.0,0.2800051420438443
1785525078258495500,1,0.0005,-0.0,-0.0,0.0,0.2800051420438443
1785525078278309100,1,0.0005,-0.0,-0.0,0.0,0.2800051420438443
1785525078298523900,1,0.0005,-0.0,-0.0,0.0,0.2800051420438443
1785525078317510800,1,0.0005,-0.0,-0.0,0.0,0.2800051420438443
1785525078338537000,1,0.0005,-0.0,-0.0,0.0,0.2800051420438443
1785525078358247600,1,0.0005,-0.0,-0.0,0.0,0.2800051420438443
1785525078378161600,1,0.0005,-0.0,-0.0,0.0,0.2800051420438443
1785525078397740800,1,0.0005,-0.0,-0.0,0.0,0.2800051420438443
1785525078418020200,1,0.0005,-0.0,-0.0,0.0,0.2800051420438443
1785525078438282800,1,0.0005,-0.0,-0.0,0.0,0.2800051420438443
1785525078457776600,1,0.0005,-0.0,-0.0,0.0,0.2800051420438443
1785525078477992200,1,0.0005,-0.0,-0.0,0.0,0.2800051420438443
1785525078497727400,1,0.0005,-0.0,-0.0,0.0,0.2800051420438443
1785525078517756900,1,0.0005,-0.0,-0.0,0.0,0.2800051420438443
1785525078537514300,1,0.0005,-0.0,-0.0,0.0,0.2800051420438443
1785525078557784200,1,0.0005,-0.0,-0.0,0.0,0.2800051420438443
1785525078577993800,1,0.0005,-0.0,-0.0,0.0,0.2800051420438443
1785525078598071600,1,0.0005,-0.0,-0.0,0.0,0.2800051420438443
1785525078617826600,1,0.0005,-0.0,-0.0,0.0,0.2800051420438443
1785525078637484600,1,0.0005,-0.0,-0.0,0.0,0.2800051420438443
1785525078658130900,1,0.0005,-0.0,-0.0,0.0,0.2800051420438443
1785525078678335000,1,0.0005,-0.0,-0.0,0.0,0.2800051420438443
1785525078698261000,1,0.0005,-0.0,-0.0,0.0,0.2800051420438443
1785525078718207300,1,0.0005,-0.0,-0.0,0.0,0.2800051420438443
1785525078738150600,1,0.0005,-0.0,-0.0,0.0,0.2800051420438443
1785525078758782000,1,0.0005,-0.0,-0.0,0.0,0.2800051420438443
1785525078777912900,1,0.0005,-0.0,-0.0,0.0,0.2800051420438443
1785525078798428900,1,0.0005,-0.0,-0.0,0.0,0.2800051420438443
1785525078817863200,1,0.0005,-0.0,-0.0,0.0,0.2800051420438443
1785525078837926600,1,0.0005,-0.0,-0.5864850000216393,0.0,0.2800051420438443
1785525078857409000,1,0.0005,-0.0,-1.188618000014685,0.0,0.2800051420438443
1785525078878331200,1,0.0005,-0.0,-1.799025000036636,0.0,0.2800051420438443
1785525078898422600,1,0.0005,-0.0,-2.399037000031967,0.0,0.2800051420438443
1785525078917486500,1,0.0005,-0.0,-2.5,0.0,0.2800051420438443
1785525078938410400,1,0.0005,-0.0,-2.5,0.0,0.2800051420438443
1785525078957810000,1,0.0005,-0.0,-2.5,0.0,0.2800051420438443
1785525078978202600,1,0.0005,-0.0,-2.5,0.0,0.2800051420438443
1785525078998397900,1,0.0005,-0.0,-2.5,0.0,0.2800051420438443
1785525079017921100,1,0.0005,-0.0,-2.5,0.0,0.2800051420438443
1785525079038232100,1,0.0005,-0.0,-1.9056129999444238,0.0,0.2800051420438443
1785525079058444700,1,0.0005,-0.0,-1.3066840000101365,0.0,0.2800051420438443
1785525079077982200,1,0.0005,-0.0,-0.7140609999623848,0.0,0.2800051420438443
1785525079097754500,1,0.0005,-0.0,-0.10479999993549427,0.0,0.2800051420438443
1785525079117773300,1,0.0005,-0.0,-0.0,0.0,0.2800051420438443
1785525079137938900,1,0.0005,-0.0,-0.0,0.0,0.2800051420438443
1785525079158102200,1,0.0005,-0.0,-0.0,0.0,0.2800051420438443
1785525079178075700,1,0.0005,-0.0,-0.0,0.0,0.2800051420438443
1785525079197650000,1,0.0005,-0.0,-0.0,0.0,0.2800051420438443
1785525079217877700,1,0.0005,-0.0,-0.0,0.0,0.2800051420438443
1785525079238201600,1,0.0005,-0.0,-0.0,0.0,0.2800051420438443
1785525079257740700,1,0.0005,-0.0,-0.0,0.0,0.2800051420438443
1785525079277972100,1,0.0005,-0.0,-0.0,0.0,0.2800051420438443
1785525079298195900,1,0.0005,-0.0,-0.0,0.0,0.2800051420438443
1785525079317850100,1,0.0005,-0.0,-0.0,0.0,0.2800051420438443
1785525079337614700,1,0.0005,-0.0,-0.0,0.0,0.2800051420438443
1785525079357488200,1,0.0005,-0.0,-0.0,0.0,0.2800051420438443
1785525079378489400,1,0.0005,-0.0,-0.0,0.0,0.2800051420438443
1785525079397564700,1,0.0005,-0.0,-0.0,0.0,0.2800051420438443
1785525079417951000,1,0.0005,-0.0,-0.0,0.0,0.2800051420438443
1785525079437893300,1,0.0005,-0.0,-0.0,0.0,0.2800051420438443
1785525079457757300,1,0.0005,-0.0,-0.0,0.0,0.2800051420438443
1785525079478064100,1,0.0005,-0.0,-0.0,0.0,0.2800051420438443
1785525079497521800,1,0.0005,-0.0,-0.0,0.0,0.2800051420438443
1785525079518361300,1,0.0005,-0.0,-0.0,0.0,0.27754386786159085
1785525079538377400,1,0.0005,-0.0,-0.0,0.0,0.2727494079837553
1785525079557630100,1,0.0005,-0.0,-0.0,0.0,0.27033098083727103
1785525079577667700,1,0.0005,-0.0,-0.0,0.0,0.2703109332114996
1785525079598394900,1,0.0005,-0.0,0.6043350000618375,0.0,0.2703109332114996
1785525079618285200,1,0.0005,-0.0,1.2025650000214227,0.0,0.2703109332114996
1785525079638509200,1,0.0005,-0.0,1.8037680000270484,0.0,0.2703109332114996
1785525079657874400,1,0.0005,-0.0,2.4061109999820474,0.0,0.2703109332114996
1785525079678398000,1,0.0005,-0.0,2.5,0.0,0.2703109332114996
1785525079698108300,1,0.0005,-0.0,2.5,0.0,0.2703109332114996
1785525079718109700,1,0.0005,-0.0,2.5,0.0,0.2703109332114996
1785525079737813900,1,0.0005,-0.0,2.5,0.0,0.2703109332114996
1785525079758197400,1,0.0005,-0.0,2.5,0.0,0.2703109332114996
1785525079777807300,1,0.0005,-0.0,2.5,0.0,0.2703109332114996
1785525079798610000,1,0.0005,-0.0,2.5,0.0,0.2703109332114996
1785525079818548200,1,0.0005,-0.0,2.5,0.0,0.2703109332114996
1785525079837890100,1,0.0005,-0.0,2.5,0.0,0.2703109332114996
1785525079858239500,1,0.0005,-0.0,2.5,0.0,0.2703109332114996
1785525079877759700,1,0.0005,-0.0,1.8993160000172793,0.0,0.2703109332114996
1785525079897931600,1,0.0005,-0.0,1.3093419999495381,0.0,0.2703109332114996
1785525079918310400,1,0.0005,-0.0,0.6979209999553859,0.0,0.2703109332114996
1785525079937825900,1,0.0005,-0.0,0.09719499998027459,0.0,0.2703109332114996
1785525079958445700,1,0.0005,-0.0,-0.0,0.0,0.2703109332114996
1785525079977716600,1,0.0005,-0.0,-0.0,0.0,0.2703109332114996
1785525079998254200,1,0.0005,-0.0,-0.0,0.0,0.2703109332114996
1785525080017897000,1,0.0005,-0.0,-0.0,0.0,0.2703109332114996
1785525080037723500,1,0.0005,-0.0,-0.0,0.0,0.2703109332114996
1785525080057810100,1,0.0005,-0.0,-0.0,0.0,0.2703109332114996
1785525080078004900,1,0.0005,-0.0,-0.0,0.0,0.2703109332114996
1785525080098235200,1,0.0005,-0.0,-0.0,0.0,0.2703109332114996
1785525080118474400,1,0.0005,-0.0,-0.0,0.0,0.2703109332114996
1785525080137573600,1,0.0005,-0.0,-0.0,0.0,0.2703109332114996
1785525080157633500,1,0.0005,-0.0,-0.0,0.0,0.2703109332114996
1785525080178353000,1,0.0005,-0.0,-0.0,0.0,0.2703109332114996
1785525080198260600,1,0.0005,-0.0,-0.0,0.0,0.2703109332114996
1785525080217510200,1,0.0005,-0.0,-0.0,0.0,0.2703109332114996
1785525080238390400,1,0.0005,-0.0,-0.0,0.0,0.2703109332114996
1785525080257651500,1,0.0005,-0.0,-0.0,0.0,0.2703109332114996
1785525080278585300,1,0.0005,-0.0,-0.0,0.0,0.2703109332114996
1785525080297809100,1,0.0005,-0.0,-0.0,0.0,0.2703109332114996
1785525080317776100,1,0.0005,-0.0,-0.0,0.0,0.2703109332114996
1785525080339075300,1,0.0005,-0.0,0.6115259999205591,0.0,0.2703109332114996
1785525080357698700,1,0.0005,-0.0,1.1985179999828688,0.0,0.2703109332114996
1785525080378024900,1,0.0005,-0.0,1.7914199999722769,0.0,0.2703109332114996
1785525080397783700,1,0.0005,-0.0,2.4000149999483256,0.0,0.2703109332114996
1785525080417771500,1,0.0005,-0.0,2.5,0.0,0.2703109332114996
1785525080438545500,1,0.0005,-0.0,2.5,0.0,0.2703109332114996
1785525080458344100,1,0.0005,-0.0,2.5,0.0,0.2703109332114996
1785525080478277900,1,0.0005,-0.0,2.5,0.0,0.2703109332114996
1785525080497475000,1,0.0005,-0.0,2.5,0.0,0.2703109332114996
1785525080518340000,1,0.0005,-0.0,2.5,0.0,0.2703109332114996
1785525080538461300,1,0.0005,-0.0,2.5,0.0,0.2703109332114996
1785525080557784800,1,0.0005,-0.0,2.5,0.0,0.2703109332114996
1785525080577887100,1,0.0005,-0.603092999990622,2.5,0.0,0.2703109332114996
1785525080598683500,1,0.0005,-1.2037169999530306,2.5,0.0,0.2703109332114996
1785525080617770000,1,0.0005,-1.7994629999884637,2.5,0.0,0.2703109332114996
1785525080638260900,1,0.0004,-2.3984639999252977,2.5,0.0,0.2703109332114996
1785525080657649100,1,0.0003,-2.5,2.5,0.0,0.2703109332114996
1785525080678269500,1,0.0003,-2.5,2.5,0.0,0.2703109332114996
1785525080697660200,1,0.0003,-2.5,2.5,0.0,0.2703109332114996
1785525080717468800,1,0.0003,-2.5,2.5,0.0,0.2703109332114996
1785525080738481500,1,0.0003,-2.5,2.5,0.0,0.2703109332114996
1785525080757719700,1,0.0003,-2.5,1.897776999976486,0.0,0.2703109332114996
1785525080777456000,1,0.0003,-2.5,1.3046289999692817,0.0,0.2703109332114996
1785525080797505100,1,0.0002,-2.5,0.7035340000220458,0.0,0.2703109332114996
1785525080818460100,1,0.0002,-2.5,0.10054899998067413,0.0,0.2703109332114996
1785525080837928300,1,0.0002,-2.5,-0.0,0.0,0.2703109332114996
1785525080858019400,1,0.0002,-2.5,-0.0,0.0,0.2703109332114996
1785525080877639300,1,0.0002,-2.5,-0.0,0.0,0.2703109332114996
1785525080898068100,1,0.0002,-2.5,-0.0,0.0,0.2703109332114996
1785525080917799700,1,0.0002,-2.5,-0.0,0.0,0.2703109332114996
1785525080938591200,1,0.0002,-2.5,-0.0,0.0,0.2703109332114996
1785525080957648000,1,0.0002,-2.5,-0.0,0.0,0.2703109332114996
1785525080977928900,1,0.0002,-2.5,-0.0,0.0,0.2703109332114996
1785525080998073100,1,0.0002,-1.8978879999485798,-0.0,0.0,0.2703109332114996
1785525081017473600,1,0.0002,-1.2982779999583727,-0.0,0.0,0.2703109332114996
1785525081037960900,1,0.0002,-0.6991959999504616,-0.0,0.0,0.2703109332114996
1785525081057509800,1,0.0002,-0.08910100001230603,-0.0,0.0,0.2703109332114996
1785525081077476200,1,0.0002,-0.0,-0.0,0.0,0.2703109332114996
1785525081098366700,1,0.0002,-0.0,-0.0,0.0,0.2703109332114996
1785525081118033400,1,0.0002,-0.0,-0.0,0.0,0.2703109332114996
1785525081137439300,1,0.0002,-0.0,-0.0,0.0,0.2703109332114996
1785525081157896800,1,0.0002,-0.0,-0.0,0.0,0.2703109332114996
1785525081177834600,1,0.0002,-0.0,-0.0,0.0,0.2703109332114996
1785525081197556400,1,0.0002,-0.0,-0.0,0.0,0.2703109332114996
1785525081217883400,1,0.0002,-0.0,-0.0,0.0,0.2703109332114996
1785525081238170100,1,0.0002,-0.0,-0.0,0.0,0.2703109332114996
1785525081257933200,1,0.0002,-0.0,-0.0,0.0,0.2703109332114996
1785525081277685800,1,0.0002,-0.0,-0.0,0.0,0.2703109332114996
1785525081297817200,1,0.0002,-0.0,-0.0,0.0,0.2703109332114996
1785525081318113100,1,0.0002,-0.0,-0.0,0.0,0.2703109332114996
1785525081337835400,1,0.0002,-0.0,-0.0,0.0,0.2703109332114996
1785525081358218000,1,0.0002,-0.0,-0.0,0.0,0.2703109332114996
1785525081378193900,1,0.0002,-0.0,-0.0,0.0,0.2703109332114996
1785525081398233300,1,0.0002,-0.0,-0.0,0.0,0.2703109332114996
1785525081417441200,1,0.0002,-0.0,-0.0,0.0,0.2703109332114996
1785525081437566400,1,0.0002,-0.0,-0.0,0.0,0.2703109332114996
1785525081458106500,1,0.0002,-0.0,-0.0,0.0,0.2703109332114996
1785525081478195500,1,0.0002,-0.0,-0.0,0.0,0.2703109332114996
1785525081498350400,1,0.0002,-0.0,-0.0,0.0,0.2703109332114996
1785525081518077400,1,0.0002,-0.0,-0.0,0.0,0.2703109332114996
1785525081537786600,1,0.0002,-0.0,-0.0,0.0,0.2703109332114996
1785525081557449000,1,0.0002,-0.0,-0.0,0.0,0.2703109332114996
1785525081578367700,1,0.0002,-0.0,-0.0,0.0,0.2703109332114996
1785525081598372700,1,0.0002,-0.0,-0.0,0.0,0.2703109332114996
1785525081617497900,1,0.0002,-0.0,-0.0,0.0,0.2703109332114996
1785525081638086700,1,0.0002,-0.0,-0.0,0.0,0.2703109332114996
1785525081657426900,1,0.0002,-0.0,-0.0,0.0,0.2703109332114996
1785525081678266200,1,0.0002,-0.0,-0.0,0.0,0.2703109332114996
1785525081698050400,1,0.0002,-0.0,-0.0,0.0,0.2703109332114996
1785525081717915200,1,0.0002,-0.0,-0.0,0.0,0.2703109332114996
1785525081738041500,1,0.0002,-0.0,-0.0,0.0,0.2703109332114996
1785525081757896800,1,0.0002,-0.0,-0.0,0.0,0.2703109332114996
1785525081778019100,1,0.0002,-0.0,-0.0,0.0,0.2703109332114996
1785525081798113400,1,0.0002,-0.0,-0.0,0.0,0.2703109332114996
1785525081818106200,1,0.0002,-0.0,-0.0,0.0,0.2703109332114996
1785525081837455600,1,0.0002,-0.0,-0.0,0.0,0.2703109332114996
1785525081858302200,1,0.0002,-0.0,-0.0,0.0,0.2703109332114996
1785525081878132800,1,0.0002,-0.0,-0.0,0.0,0.2703109332114996
1785525081897674100,1,0.0002,-0.0,-0.0,0.0,0.2703109332114996
1785525081917623400,1,0.0002,-0.0,-0.0,0.0,0.2703109332114996
1785525081937507500,1,0.0002,-0.0,-0.0,0.0,0.2703109332114996
1785525081957584900,1,0.0002,-0.0,-0.0,0.0,0.2703109332114996
1785525081978598700,1,0.0002,-0.0,-0.0,0.0,0.2703109332114996
1785525081997628000,1,0.0002,0.5920529999639257,-0.0,0.0,0.2703109332114996
1785525082017898500,1,0.0002,1.2000690000058967,-0.0,0.0,0.2703109332114996
1785525082038071600,1,0.0002,1.7903640000076848,-0.0,0.0,0.2703109332114996
1785525082057899800,1,0.0002,2.400054000027012,-0.0,0.0,0.2703109332114996
1785525082077729800,1,0.0002,2.5,-0.0,0.0,0.2703109332114996
1785525082097721100,1,0.0002,2.5,-0.0,0.0,0.2703109332114996
1785525082118347300,1,0.0002,2.5,-0.0,0.0,0.2703109332114996
1785525082137734500,1,0.0002,2.5,-0.0,0.0,0.2703109332114996
1785525082158358300,1,0.0002,2.5,-0.0,0.0,0.2703109332114996
1785525082177709400,1,0.0002,2.5,-0.0,0.0,0.2703109332114996
1785525082198211500,1,0.0002,2.5,-0.0,0.0,0.2703109332114996
1785525082218366300,1,0.0002,2.5,-0.0,0.0,0.2703109332114996
1785525082238081400,1,0.0002,2.5,-0.0,0.0,0.2703109332114996
1785525082257625000,1,0.0002,2.5,-0.0,0.0,0.2703109332114996
1785525082278265400,1,0.0002,2.5,-0.6039509999754955,0.0,0.2703109332114996
1785525082298111000,1,0.0002,2.5,-1.1956319999444531,0.0,0.2703109332114996
1785525082317612300,1,0.0002,2.5,-1.7996400000265567,0.0,0.2703109332114996
1785525082338523200,1,0.0002,2.5,-2.39942100000917,0.0,0.2703109332114996
1785525082358342100,1,0.0002,2.5,-2.5,0.0,0.2703109332114996
1785525082377509800,1,0.0001,2.5,-2.5,0.0,0.2703109332114996
1785525082398083100,1,0.0001,2.5,-2.5,0.0,0.2703109332114996
1785525082417501800,1,0.0001,2.5,-2.5,0.0,0.2703109332114996
1785525082438369800,1,0.0001,2.5,-2.5,0.0,0.2703109332114996
1785525082457921400,1,0.0001,2.5,-2.5,0.0,0.2703109332114996
1785525082477948000,1,0.0001,2.5,-2.5,0.0,0.2703109332114996
1785525082497753700,1,0.0001,2.5,-2.5,0.0,0.2703109332114996
1785525082517838800,1,0.0001,2.5,-2.5,0.0,0.2703109332114996
1785525082538430100,1,0.0001,2.5,-2.5,0.0,0.2703109332114996
1785525082558334900,1,0.0001,2.5,-2.5,0.0,0.2703109332114996
1785525082577912500,1,0.0001,2.5,-2.5,0.0,0.2703109332114996
1785525082597805600,1,0.0001,2.5,-2.5,0.0,0.2703109332114996
1785525082617899700,1,0.0001,2.5,-2.5,0.0,0.2703109332114996
1785525082638342600,1,0.0001,2.5,-2.5,0.0,0.2703109332114996
1785525082657743100,1,0.0001,2.5,-2.5,0.0,0.2703109332114996
1785525082678404100,1,0.0001,2.5,-2.5,0.0,0.2703109332114996
1785525082698330200,1,0.0001,2.5,-2.5,0.0,0.2703109332114996
1785525082718279000,1,0.0001,2.5,-2.5,0.0,0.2703109332114996
1785525082737742900,1,0.0001,2.5,-2.5,0.0,0.2703109332114996
1785525082758843100,1,0.0001,2.5,-2.5,0.0,0.2703109332114996
1785525082777827900,1,0.0001,2.5,-2.5,0.0,0.2703109332114996
1785525082798414100,1,0.0001,2.5,-2.5,0.0,0.2703109332114996
1785525082817839000,1,0.0001,2.5,-2.5,0.0,0.2703109332114996
1785525082837956300,1,0.0001,2.5,-2.5,0.0,0.2703109332114996
1785525082858167800,1,0.0001,2.5,-2.5,0.0,0.2703109332114996
1785525082877807700,1,0.0001,2.5,-2.5,0.0,0.2703109332114996
1785525082898080200,1,0.0001,2.5,-2.5,0.0,0.2703109332114996
1785525082918368200,1,0.0001,2.5,-2.5,0.0,0.2703109332114996
1785525082938159800,1,0.0001,2.5,-2.5,0.0,0.2703109332114996
1785525082957587600,1,0.0001,2.5,-2.5,0.0,0.2703109332114996
1785525082978203000,1,0.0001,2.5,-2.5,0.0,0.2703109332114996
1785525082997532600,1,0.0001,2.5,-2.5,0.0,0.2703109332114996
1785525083018461900,1,0.0001,1.8973449999612058,-1.8973449999612058,0.0,0.2703109332114996
1785525083037501600,1,0.0001,1.3014909999765223,-1.3014909999765223,0.0,0.2703109332114996
1785525083058599600,1,0.0001,0.6906729999900563,-0.6906729999900563,0.0,0.2703109332114996
1785525083078470500,1,0.0001,0.09084399996936554,-0.09084399996936554,0.0,0.2703109332114996
1785525083098324300,1,0.0001,-0.0,-0.0,0.0,0.2703109332114996
1785525083117487200,1,0.0001,-0.0,-0.0,0.0,0.2703109332114996
1785525083137856400,1,0.0001,-0.0,-0.0,0.0,0.2703109332114996
1785525083157545400,1,0.0001,-0.0,-0.0,0.0,0.2703109332114996
1785525083178245000,1,0.0001,-0.0,-0.0,0.0,0.2703109332114996
1785525083197696000,1,0.0001,-0.0,-0.0,0.0,0.2703109332114996
1785525083217560800,1,0.0001,-0.0,-0.0,0.0,0.2703109332114996
1785525083238305500,1,0.0001,-0.0,-0.0,0.0,0.2703109332114996
1785525083258338300,1,0.0001,-0.0,-0.0,0.0,0.2703109332114996
1785525083278221800,1,0.0001,-0.0,-0.0,0.0,0.2703109332114996
1785525083298311800,1,0.0001,-0.0,-0.0,0.0,0.2703109332114996
1785525083317633700,1,0.0001,-0.0,-0.0,0.0,0.2703109332114996
1785525083338666600,1,0.0001,-0.0,-0.0,0.0,0.2703109332114996
1785525083358053300,1,0.0001,-0.0,-0.0,0.0,0.2703109332114996
1785525083377946800,1,0.0001,-0.0,-0.0,0.0,0.2703109332114996
1785525083397683600,1,0.0001,-0.0,-0.0,0.0,0.2703109332114996
1785525083418553300,1,0.0001,-0.0,-0.0,0.0,0.2703109332114996
1785525083438330100,1,0.0001,-0.0,-0.0,0.0,0.2703109332114996
1785525083458353100,1,0.0001,-0.0,-0.0,0.0,0.2703109332114996
1785525083477619200,1,0.0001,-0.0,-0.0,0.0,0.2703109332114996
1785525083497470400,1,0.0001,-0.0,-0.0,0.0,0.2703109332114996
1785525083518180600,1,0.0001,-0.0,-0.0,0.0,0.2703109332114996
1785525083538381600,1,0.0001,-0.0,-0.0,0.0,0.2703109332114996
1785525083558146800,1,0.0001,-0.0,-0.0,0.0,0.2703109332114996
1785525083578100300,1,0.0001,-0.0,-0.0,0.0,0.2703109332114996
1785525083597853300,1,0.0001,-0.0,-0.0,0.0,0.2703109332114996
1785525083618466200,1,0.0001,-0.0,-0.0,0.0,0.2703109332114996
1785525083637829000,1,0.0001,-0.0,-0.6087359999582986,0.0,0.2703109332114996
1785525083657711200,1,0.0001,-0.0,-1.2057930000446504,0.0,0.2703109332114996
1785525083677820000,1,0.0001,-0.0,-1.8089850000251317,0.0,0.2703109332114996
1785525083698201700,1,0.0001,-0.0,-2.404824000004737,0.0,0.2703109332114996
1785525083717861700,1,0.0001,-0.0,-2.5,0.0,0.2703109332114996
1785525083738318400,1,0.0001,-0.0,-2.5,0.0,0.2703109332114996
1785525083757603200,1,0.0001,-0.0,-2.5,0.0,0.2703109332114996
1785525083778004000,1,0.0001,-0.0,-2.5,0.0,0.2703109332114996
1785525083797734000,1,0.0001,-0.0,-2.5,0.0,0.2703109332114996
1785525083818054500,1,0.0001,-0.0,-1.9057629999952042,0.0,0.2703109332114996
1785525083837814200,1,0.0001,-0.0,-1.297885000021779,0.0,0.2703109332114996
1785525083858461400,1,0.0001,-0.0,-0.7042210000145133,0.0,0.2703109332114996
1785525083877880400,1,0.0001,-0.0,-0.0958570000511827,0.0,0.2703109332114996
1785525083898512700,1,0.0001,-0.0,-0.0,0.0,0.2703109332114996
1785525083917729900,1,0.0001,-0.0,-0.0,0.0,0.2703109332114996
1785525083938195000,1,0.0001,-0.0,-0.0,0.0,0.2703109332114996
1785525083957679900,1,0.0001,-0.0,-0.0,0.0,0.2703109332114996
1785525083978205500,1,0.0001,-0.0,-0.0,0.0,0.2703109332114996
1785525083997898800,1,0.0001,-0.0,-0.0,0.0,0.2703109332114996
1785525084017638400,1,0.0001,-0.0,-0.0,0.0,0.2703109332114996
1785525084037712100,1,0.0001,-0.0,-0.0,0.0,0.2703109332114996
1785525084058290400,1,0.0001,-0.0,-0.0,0.0,0.2703109332114996
1785525084077905600,1,0.0001,-0.0,-0.0,0.0,0.2703109332114996
1785525084097894500,1,0.0001,-0.0,-0.0,0.0,0.2703109332114996
1785525084118365600,1,0.0001,-0.0,-0.0,0.0,0.2703109332114996
1785525084138449900,1,0.0001,-0.0,-0.0,0.0,0.2703109332114996
1785525084158369100,1,0.0001,-0.0,-0.0,0.0,0.2703109332114996
1785525084177983400,1,0.0001,-0.0,-0.0,0.0,0.2703109332114996
1785525084198085300,1,0.0001,-0.0,-0.0,0.0,0.2703109332114996
1785525084218408600,1,0.0001,-0.0,-0.0,0.0,0.2703109332114996
1785525084238222100,1,0.0001,-0.0,-0.0,0.0,0.2703109332114996
1785525084257859400,1,0.0001,-0.0,-0.0,0.0,0.2703109332114996
1785525084278099500,1,0.0001,-0.0,-0.0,0.0,0.2703109332114996
1785525084297678000,1,0.0001,-0.0,-0.0,0.0,0.2703109332114996
1785525084317783800,1,0.0001,-0.0,-0.0,0.0,0.2703109332114996
1785525084337890000,1,0.0001,-0.0,-0.0,0.0,0.2703109332114996
1785525084358051400,1,0.0001,-0.0,-0.0,0.0,0.2703109332114996
1785525084378596300,1,0.0001,-0.0,-0.0,0.0,0.2703109332114996
1785525084398234700,1,0.0001,-0.0,-0.0,0.0,0.2703109332114996
1785525084418022400,1,0.0001,-0.0,-0.0,0.0,0.2703109332114996
1785525084438132200,1,0.0001,-0.0,-0.0,0.0,0.2703109332114996
1785525084457632600,1,0.0001,-0.0,-0.0,0.0,0.2703109332114996
1785525084478033300,1,0.0001,-0.0,-0.0,0.0,0.2703109332114996
1785525084498262500,1,0.0001,-0.0,-0.0,0.0,0.2703109332114996
1785525084518256900,1,0.0001,-0.0,-0.0,0.0,0.2703109332114996
1785525084537744000,1,0.0001,-0.0,-0.0,0.0,0.2703109332114996
1785525084557936500,1,0.0001,-0.0,-0.0,0.0,0.2703109332114996
1785525084578363300,1,0.0001,-0.0,-0.0,0.0,0.2703109332114996
1785525084598447800,1,0.0001,-0.0,-0.0,0.0,0.2703109332114996
1785525084618670400,1,0.0001,-0.0,-0.0,0.0,0.2703109332114996
1785525084637489800,1,0.0001,-0.0,-0.0,0.0,0.2703109332114996
1785525084657720500,1,0.0001,-0.0,-0.0,0.0,0.2703109332114996
1785525084677717200,1,0.0001,-0.0,-0.0,0.0,0.2703109332114996
1785525084698270200,1,0.0001,-0.0,-0.0,0.0,0.2703109332114996
1785525084717440000,1,0.0001,-0.0,-0.0,0.0,0.2703109332114996
1785525084738206500,1,0.0001,-0.0,-0.0,0.0,0.2703109332114996
1785525084757584200,1,0.0001,-0.0,-0.0,0.0,0.2703109332114996
1785525084777965900,1,0.0001,-0.0,-0.0,0.0,0.2703109332114996
1785525084798345200,1,0.0000,-0.0,-0.0,0.0,0.0
1785525084818321800,1,-0.0000,-0.0,-0.0,0.0,0.0
1785525084838259000,1,-0.0000,-0.0,-0.0,0.0,0.0
1785525084857909200,1,-0.0000,-0.0,-0.0,0.0,0.0
1785525084878116800,1,-0.0000,-0.0,-0.0,0.0,0.0
1785525084897632300,1,-0.0000,-0.0,-0.0,0.0,0.0
1785525084918587000,1,-0.0000,-0.0,-0.0,0.0,0.0
1785525084938135900,1,-0.0000,-0.0,-0.0,0.0,0.0
1785525084958544200,1,-0.0000,-0.0,-0.0,0.0,0.0
1785525084978019200,1,-0.0000,-0.0,-0.0,0.0,0.0
1785525084998306700,1,-0.0000,-0.0,-0.0,0.0,0.0
1785525085017882800,1,-0.0000,-0.0,-0.0,0.0,0.0
1785525085037983600,1,-0.0000,-0.0,-0.0,0.0,0.0
1785525085057775800,1,-0.0000,-0.0,-0.0,0.0,0.0
1785525085078032600,1,-0.0000,-0.0,-0.0,0.0,0.0
1785525085097434800,1,-0.0000,-0.0,-0.0,0.0,0.0
1785525085118041700,1,-0.0000,-0.0,-0.0,0.0,0.0
1785525085137938700,1,-0.0000,-0.0,-0.0,0.0,0.0
1785525085158333500,1,-0.0000,-0.0,-0.0,0.0,0.0
1785525085178164200,1,-0.0000,-0.0,-0.0,0.0,0.0
1785525085197787700,1,-0.0000,-0.0,-0.0,0.0,0.0
1785525085217862900,1,-0.0000,-0.0,-0.0,0.0,0.0
1785525085237504700,1,-0.0000,-0.0,-0.0,0.0,0.0
1785525085257451900,1,-0.0000,-0.0,-0.0,0.0,0.0
1785525085278339500,1,-0.0000,-0.0,-0.0,0.0,0.0
1785525085297784400,1,-0.0000,-0.0,-0.0,0.0,0.0
1785525085318096700,0,-0.0000,-0.0,-0.0,0.0,0.0
1785525085337542500,0,-0.0000,-0.0,-0.0,0.0,0.0
1785525085357849500,0,-0.0000,-0.0,-0.0,0.0,0.0
1785525085378298000,0,-0.0000,-0.0,-0.0,0.0,0.0
1785525085398405200,0,-0.0000,-0.0,-0.0,0.0,0.0
1785525085417869800,0,-0.0000,-0.0,-0.0,0.0,0.0
1785525085438273500,0,-0.0000,-0.0,-0.0,0.0,0.0
1785525085457919100,0,-0.0000,-0.0,-0.0,0.0,0.0
1785525085477589600,0,-0.0000,-0.0,-0.0,0.0,0.0
1785525085497919800,0,-0.0000,-0.0,-0.0,0.0,0.0
1785525085518781400,0,-0.0000,-0.0,-0.0,0.0,0.0
1785525085537475500,0,-0.0000,-0.0,-0.0,0.0,0.0
1785525085557459500,0,-0.0000,-0.0,-0.0,0.0,0.0
1785525085577710800,0,-0.0000,-0.0,-0.0,0.0,0.0
1785525085597818000,0,-0.0000,-0.0,-0.0,0.0,0.0
1785525085617547300,0,-0.0000,-0.0,-0.0,0.0,0.0
1785525085637557800,0,0.0000,-0.0,-0.0,0.0,0.0
1785525085658138600,0,0.0000,-0.0,-0.0,0.0,0.0
1785525085677716800,0,0.0000,-0.0,-0.0,0.0,0.0
1785525085698500900,1,0.0000,-0.0,-0.0,0.0,0.0
1785525085717741100,1,0.0000,-0.0,-0.0,0.0,0.0
1785525085738627300,1,0.0000,-0.0,-0.0,0.0,0.0
1785525085757790100,1,0.0000,-0.0,-0.0,0.0,0.0
1785525085778358000,1,0.0000,-0.0,-0.0,0.0,0.0
1785525085798187700,1,0.0000,-0.0,-0.0,0.0,0.0
1785525085817756000,1,0.0000,-0.0,-0.0,0.0,0.0
1785525085837730200,1,0.0000,-0.0,-0.0,0.0,0.0
1785525085858314500,1,0.0000,-0.0,-0.0,0.0,0.0
1785525085877821500,1,0.0000,-0.0,-0.0,0.0,0.0
1785525085898399000,1,0.0000,-0.0,-0.0,0.0,0.0
1785525085918298500,1,0.0000,-0.0,-0.0,0.0,0.0
1785525085938496600,1,0.0000,-0.0,-0.0,0.0,0.0
1785525085958493800,1,0.0000,-0.0,-0.0,0.0,0.0
1785525085977548500,1,0.0000,-0.0,-0.0,0.0,0.0
1785525085997851500,1,0.0000,-0.0,-0.0,0.0,0.0
1785525086017665400,1,0.0000,-0.0,-0.0,0.0,0.0
1785525086038324400,1,0.0000,-0.0,-0.0,0.0,0.0
1785525086058508300,1,0.0000,-0.0,-0.0,0.0,0.0
1785525086077854500,1,0.0000,-0.0,-0.0,0.0,0.0
1785525086097790200,1,0.0000,-0.0,-0.0,0.0,0.0
1785525086118461600,1,0.0000,-0.0,-0.0,0.0,0.0
1785525086138212200,1,0.0000,-0.0,-0.0,0.0,0.0
1785525086158183100,1,0.0000,-0.0,-0.0,0.0,0.0
1785525086177836700,1,0.0000,-0.0,-0.0,0.0,0.0
1785525086198626700,1,0.0000,-0.0,-0.0,0.0,0.0
1785525086217459900,1,0.0000,-0.0,-0.0,0.0,0.0
1785525086238127500,1,0.0000,-0.0,-0.0,0.0,0.0
1785525086257744100,1,0.0000,-0.0,-0.0,0.0,0.0
1785525086277936800,1,0.0000,-0.0,-0.0,0.0,0.0
1785525086297418300,1,0.0000,-0.0,-0.0,0.0,0.0
1785525086317784600,1,0.0000,-0.0,-0.0,0.0,0.0
1785525086338309200,1,0.0000,-0.0,-0.0,0.0,0.0
1785525086357828700,1,0.0000,-0.0,-0.0,0.0,0.0
1785525086377871900,1,0.0000,-0.0,-0.0,0.0,0.0
1785525086397855900,1,0.0000,-0.0,-0.0,0.0,0.0
1785525086418490200,1,0.0000,-0.0,-0.0,0.0,0.0
1785525086438070900,1,0.0000,-0.0,-0.0,0.0,0.0
1785525086457560100,1,0.0000,-0.0,-0.0,0.0,0.0
1785525086477648300,1,0.0000,-0.0,-0.0,0.0,0.0
1785525086497839400,1,0.0000,-0.0,-0.0,0.0,0.0
1785525086517694200,1,0.0000,-0.0,-0.0,0.0,0.0
1785525086538393900,1,0.0000,-0.0,-0.0,0.0,0.0
1785525086557642500,1,0.0000,-0.0,-0.0,0.0,0.0
1785525086577563500,1,0.0000,-0.0,-0.0,0.0,0.0
1785525086597903900,1,0.0000,-0.0,-0.0,0.0,0.0
1785525086618681500,1,0.0000,-0.0,-0.0,0.0,0.0
1785525086638024400,1,0.0000,-0.0,-0.0,0.0,0.0
1785525086657715500,1,0.0000,-0.0,-0.0,0.0,0.0
1785525086677931500,1,0.0000,-0.0,-0.0,0.0,0.0
1785525086697852300,1,0.0000,-0.0,-0.0,0.0,0.0
1785525086718511900,1,0.0000,-0.0,-0.0,0.0,0.0
1785525086738464300,1,0.0000,-0.0,-0.0,0.0,0.0
1785525086758328600,1,0.0000,-0.0,-0.0,0.0,0.0
1785525086777865400,1,0.0000,-0.0,-0.0,0.0,0.0
1785525086798267800,1,0.0000,-0.0,-0.0,0.0,0.0
1785525086818093600,1,0.0000,-0.0,-0.0,0.0,0.0
1785525086837736900,1,0.0000,-0.0,-0.0,0.0,0.0
1785525086857963600,1,0.0000,-0.0,-0.0,0.0,0.0
1785525086877485500,1,0.0000,-0.0,-0.0,0.0,0.0
1785525086898086600,1,0.0000,-0.0,-0.0,0.0,0.0
1785525086918198800,1,0.0000,-0.0,-0.0,0.0,0.0
1785525086938354100,1,0.0000,-0.0,-0.0,0.0,0.0
1785525086959004300,1,0.0000,-0.0,-0.0,0.0,0.0
1785525086977756300,1,0.0000,-0.0,-0.0,0.0,0.0
1785525086998122100,1,0.0000,-0.0,-0.0,0.0,0.0
1785525087018003000,1,0.0000,-0.0,-0.0,0.0,0.0
1785525087037757000,1,0.0000,-0.0,-0.0,0.0,0.0
1785525087057523700,1,0.0000,-0.0,-0.0,0.0,0.0
1785525087078319000,1,0.0000,-0.0,-0.0,0.0,0.0
1785525087098135400,1,0.0000,-0.0,-0.0,0.0,0.0
1785525087117435000,1,0.0000,-0.0,-0.0,0.0,0.0
1785525087137450500,1,0.0000,-0.0,-0.0,0.0,0.0
1785525087157508600,1,0.0000,-0.0,-0.0,0.0,0.0
1785525087177700500,1,0.0000,-0.0,-0.0,0.0,0.0
1785525087197597200,1,0.0000,-0.0,-0.0,0.0,0.0
1785525087218190000,1,0.0000,-0.0,-0.0,0.0,0.0
1785525087237754100,1,0.0000,-0.0,-0.0,0.0,0.0
1785525087258025600,1,0.0000,-0.0,-0.0,0.0,0.0
1785525087277722900,1,0.0000,-0.0,-0.0,0.0,0.0
1785525087298374900,1,0.0000,-0.0,-0.0,0.0,0.0
1785525087317480700,1,0.0000,-0.0,-0.0,0.0,0.0
1785525087337472200,1,0.0000,-0.0,-0.0,0.0,0.0
1785525087358278100,1,0.0000,-0.0,-0.0,0.0,0.0
1785525087378313300,1,0.0000,-0.0,-0.0,0.0,0.0
1785525087397845200,1,0.0000,-0.0,-0.0,0.0,0.0
1785525087418258500,1,0.0000,-0.0,-0.0,0.0,0.0
1785525087437630200,1,0.0000,-0.0,-0.0,0.0,0.0
1785525087457620200,1,0.0000,-0.0,-0.0,0.0,0.0
1785525087478023200,1,0.0000,-0.0,-0.0,0.0,0.0
1785525087498283500,1,0.0000,-0.0,-0.0,0.0,0.0
1785525087517910500,1,0.0000,-0.0,-0.0,0.0,0.0
1785525087538279800,1,0.0000,-0.0,-0.0,0.0,0.0
1785525087558339900,1,0.0000,-0.0,-0.0,0.0,0.0
1785525087577677800,1,0.0000,-0.0,-0.0,0.0,0.0
1785525087598438200,1,0.0000,-0.0,-0.0,0.0,0.0
1785525087617902200,1,0.0000,-0.0,-0.0,0.0,0.0
1785525087638120300,1,0.0000,-0.0,-0.0,0.0,0.0
1785525087657980400,1,0.0000,-0.0,-0.0,0.0,0.0
1785525087678171600,1,0.0000,-0.0,-0.0,0.0,0.0
1785525087698405800,1,0.0000,-0.0,-0.0,0.0,0.0
1785525087717902100,1,0.0000,-0.0,-0.0,0.0,0.0
1785525087738169600,1,0.0000,-0.0,-0.0,0.0,0.0
1785525087757719000,1,0.0000,-0.0,-0.0,0.0,0.0
1785525087778147300,1,0.0000,-0.0,-0.0,0.0,0.0
1785525087797901900,1,0.0000,-0.0,-0.0,0.0,0.0
1785525087818233800,1,0.0000,-0.0,-0.0,0.0,0.0
1785525087838330200,1,0.0000,-0.0,-0.0,0.0,0.0
1785525087857617600,1,0.0000,-0.0,-0.0,0.0,0.0
1785525087878349900,1,0.0000,-0.0,-0.0,0.0,0.0
1785525087897466000,1,0.0000,-0.0,-0.0,0.0,0.0
1785525087917548000,1,0.0000,-0.0,-0.0,0.0,0.0
1785525087937633600,1,0.0000,-0.0,-0.0,0.0,0.0
1785525087958806500,1,0.0000,-0.0,-0.0,0.0,0.0
1785525087978477200,1,0.0000,-0.0,-0.0,0.0,0.0
1785525087998260700,1,0.0000,-0.0,-0.0,0.0,0.0
1785525088017822200,1,0.0000,-0.0,-0.0,0.0,0.0
1785525088038372200,1,0.0000,-0.0,-0.0,0.0,0.0
1785525088059110000,1,0.0000,-0.0,-0.0,0.0,0.0
1785525088077893900,1,0.0000,-0.0,-0.0,0.0,0.0
1785525088098054700,1,0.0000,-0.0,-0.0,0.0,0.0
1785525088118324400,1,0.0000,-0.0,-0.0,0.0,0.0
1785525088138411200,1,0.0000,-0.0,-0.0,0.0,0.0
1785525088157830100,1,0.0000,-0.0,-0.0,0.0,0.0
1785525088177994400,1,0.0000,-0.0,-0.0,0.0,0.0
1785525088197601500,1,0.0000,-0.0,-0.0,0.0,0.0
1785525088218252100,1,0.0000,-0.0,-0.0,0.0,0.0
1785525088237915400,1,0.0000,-0.0,-0.0,0.0,0.0
1785525088258850900,1,0.0000,-0.0,-0.0,0.0,0.0
1785525088278290600,1,0.0000,-0.0,-0.0,0.0,0.0
1785525088297781000,1,0.0000,-0.0,-0.0,0.0,0.0
1785525088317428100,1,0.0000,-0.0,-0.0,0.0,0.0
1785525088338341900,1,0.0000,-0.0,-0.0,0.0,0.0
1785525088357539900,1,0.0000,-0.0,-0.0,0.0,0.0
1785525088377493300,1,0.0000,-0.0,-0.0,0.0,0.0
1785525088397643000,1,0.0000,-0.0,-0.0,0.0,0.0
1785525088417894400,1,0.0000,-0.0,-0.0,0.0,0.0
1785525088437757000,1,0.0000,-0.0,-0.0,0.0,0.0
1785525088458596000,1,0.0000,-0.0,-0.0,0.0,0.0
1785525088477853100,1,0.0000,-0.0,-0.0,0.0,0.0
1785525088498084700,1,0.0000,-0.0,-0.0,0.0,0.0
1785525088517574200,1,0.0000,-0.0,-0.0,0.0,0.0
1785525088538581000,1,0.0000,-0.0,-0.0,0.0,0.0
1785525088557463100,1,0.0000,-0.0,-0.0,0.0,0.0
1785525088577899900,1,0.0000,-0.0,-0.0,0.0,0.0
1785525088597992700,1,0.0000,-0.0,-0.0,0.0,0.0
1785525088617744400,1,0.0000,-0.0,-0.0,0.0,0.0
1785525088637905900,1,0.0000,-0.0,-0.0,0.0,0.0
1785525088658280100,1,0.0000,-0.0,-0.0,0.0,0.0
1785525088677935200,1,0.0000,-0.0,-0.0,0.0,0.0
1785525088697532400,1,0.0000,-0.0,-0.0,0.0,0.0
1785525088717822700,1,0.0000,-0.0,-0.0,0.0,0.0
1785525088738724800,1,0.0000,-0.0,-0.0,0.0,0.0
1785525088758562000,1,0.0000,-0.0,-0.0,0.0,0.0
1785525088778753400,1,0.0000,-0.0,-0.0,0.0,0.0
1785525088797612900,1,0.0000,-0.0,-0.0,0.0,0.0
1785525088818235400,1,0.0000,-0.0,-0.0,0.0,0.0
1785525088838315700,1,0.0000,-0.0,-0.0,0.0,0.0
1785525088857860100,1,0.0000,-0.0,-0.0,0.0,0.0
1785525088877578900,1,0.0000,-0.0,-0.0,0.0,0.0
1785525088898177200,1,0.0000,-0.0,-0.0,0.0,0.0
1785525088917854500,1,0.0000,-0.0,-0.0,0.0,0.0
1785525088937982500,1,0.0000,-0.0,-0.0,0.0,0.0
1785525088957504000,1,0.0000,-0.0,-0.0,0.0,0.0
1785525088978143100,1,0.0000,-0.0,-0.0,0.0,0.0
1785525088998337800,1,0.0000,-0.0,-0.0,0.0,0.0
1785525089018175700,1,0.0000,-0.0,-0.0,0.0,0.0
1785525089037396200,1,0.0000,-0.0,-0.0,0.0,0.0
1785525089057502900,1,0.0000,-0.0,-0.0,0.0,0.0
1785525089078270800,1,0.0000,-0.0,-0.0,0.0,0.0
1785525089097555400,1,0.0000,-0.0,-0.0,0.0,0.0
1785525089117561400,1,0.0000,-0.0,-0.0,0.0,0.0
1785525089137876200,1,0.0000,-0.0,-0.0,0.0,0.0
1785525089158136500,1,0.0000,-0.0,-0.0,0.0,0.0
1785525089178427900,1,0.0000,-0.0,-0.0,0.0,0.0
1785525089197419400,1,0.0000,-0.0,-0.0,0.0,0.0
1785525089217874800,1,0.0000,-0.0,-0.0,0.0,0.0
1785525089238247900,1,0.0000,-0.0,-0.0,0.0,0.0
1785525089257600100,1,0.0000,-0.0,-0.0,0.0,0.0
1785525089277781900,1,0.0000,-0.0,-0.0,0.0,0.0
1785525089297979000,1,0.0000,-0.0,-0.0,0.0,0.0
1785525089317682300,1,0.0000,-0.0,-0.0,0.0,0.0
1785525089338411500,1,0.0000,-0.0,-0.0,0.0,0.0
1785525089357504800,1,0.0000,-0.0,-0.0,0.0,0.0
1785525089377650500,1,0.0000,-0.0,-0.0,0.0,0.0
1785525089398261700,1,0.0000,-0.0,-0.0,0.0,0.0
1785525089417467000,1,0.0000,-0.0,-0.0,0.0,0.0
1785525089438675400,1,0.0000,-0.0,-0.0,0.0,0.0
1785525089457781800,1,0.0000,-0.0,-0.0,0.0,0.0
1785525089478497800,1,0.0000,-0.0,-0.0,0.0,0.0
1785525089498073900,1,0.0000,-0.0,-0.0,0.0,0.0
1785525089517732100,1,0.0000,-0.0,-0.0,0.0,0.0
1785525089537931700,1,0.0000,-0.0,-0.0,0.0,0.0023240033318541976
1785525089557595600,1,0.0000,-0.0,-0.0,0.0,0.007150853350079822
1785525089578057900,1,0.0000,-0.0,-0.0,0.0,0.014316165303819838
1785525089597494000,1,0.0000,-0.0,-0.0,0.0,0.023858687578550218
1785525089617687800,1,0.0000,-0.0,-0.0,0.0,0.03395023757920242
1785525089638137200,1,0.0000,-0.0,-0.0,0.0,0.043924287578275455
1785525089658066000,1,0.0000,-0.0,-0.0,0.0,0.05414838757868964
1785525089678165400,1,0.0000,-0.0,-0.0,0.0,0.06394333757824897
1785525089697908100,1,0.0000,-0.0,-0.0,0.0,0.07381133757925526
1785525089717567100,1,0.0000,-0.0,-0.0,0.0,0.0838951375791028
1785525089738403300,1,0.0000,-0.0,-0.0,0.0,0.09399538757869849
1785525089758396100,1,0.0000,-0.0,-0.0,0.0,0.10387573757915633
1785525089777746500,1,0.0000,-0.0,-0.0,0.0,0.11398033757913326
1785525089798105500,1,0.0000,-0.0,-0.0,0.0,0.12391098757879335
1785525089818373700,1,0.0000,-0.0,-0.0,0.0,0.13403213757927987
1785525089837493300,1,0.0000,-0.0,-0.0,0.0,0.14386128757913938
1785525089857975600,1,0.0000,-0.0,-0.0,0.0,0.1538408875786361
1785525089877531800,1,0.0000,-0.0,-0.0,0.0,0.16387873757966262
1785525089897594200,1,0.0001,-0.0,-0.0,0.0,0.17390398757933398
1785525089918484000,1,0.0001,-0.0,-0.0,0.0,0.18391628757862308
1785525089937556900,1,0.0002,-0.0,-0.0,0.0,0.19388483757947214
1785525089958649000,1,0.0003,-0.0,-0.0,0.0,0.2040110875787748
1785525089978166100,1,0.0003,-0.0,-0.0,0.0,0.21154857856559953
1785525089997724700,1,0.0003,-0.0,-0.0,0.0,0.216799704647018
1785525090017677700,1,0.0003,-0.0,-0.0,0.0,0.21960833476957312
1785525090038261300,1,0.0003,-0.0,-0.0,0.0,0.22004856750839139
1785525090057453500,1,0.0004,-0.0,-0.0,0.0,0.22004856750839139
1785525090078313500,1,0.0004,-0.0,-0.0,0.0,0.22004856750839139
1785525090098213000,1,0.0003,-0.0,-0.0,0.0,0.22004856750839139
1785525090117761000,1,0.0004,-0.0,-0.0,0.0,0.22004856750839139
1785525090138104900,1,0.0004,-0.0,-0.0,0.0,0.22004856750839139
1785525090158014300,1,0.0004,-0.0,-0.0,0.0,0.22004856750839139
1785525090178238000,1,0.0004,-0.0,-0.0,0.0,0.22004856750839139
1785525090197504600,1,0.0004,-0.0,-0.0,0.0,0.22004856750839139
1785525090217742900,1,0.0004,-0.0,-0.0,0.0,0.22004856750839139
1785525090237511200,1,0.0004,-0.0,-0.0,0.0,0.22004856750839139
1785525090257931300,1,0.0004,-0.0,-0.0,0.0,0.22004856750839139
1785525090278087100,1,0.0004,-0.0,-0.0,0.0,0.22004856750839139
1785525090297776300,1,0.0004,-0.0,-0.0,0.0,0.22004856750839139
1785525090318126200,1,0.0004,-0.0,-0.0,0.0,0.22004856750839139
1785525090337851300,1,0.0004,-0.0,-0.0,0.0,0.22004856750839139
1785525090358340800,1,0.0004,-0.0,-0.0,0.0,0.22004856750839139
1785525090377697500,1,0.0003,-0.0,-0.0,0.0,0.22004856750839139
1785525090398252300,1,0.0003,-0.0,-0.0,0.0,0.22004856750839139
1785525090417439500,1,0.0003,-0.0,-0.0,0.0,0.22004856750839139
1785525090438386000,1,0.0002,-0.0,-0.0,0.0,0.22004856750839139
1785525090457851800,1,0.0002,-0.0,-0.0,0.0,0.22004856750839139
1785525090478240700,1,0.0002,-0.0,-0.0,0.0,0.22004856750839139
1785525090497515500,1,0.0002,-0.0,-0.0,0.0,0.22004856750839139
1785525090518573700,1,0.0002,-0.0,-0.0,0.0,0.22004856750839139
1785525090538305300,1,0.0002,-0.0,-0.0,0.0,0.22004856750839139
1785525090557804100,1,0.0002,-0.0,-0.0,0.0,0.22004856750839139
1785525090578336300,1,0.0002,-0.0,-0.0,0.0,0.22004856750839139
1785525090597789500,1,0.0002,-0.0,-0.0,0.0,0.22004856750839139
1785525090618134800,1,0.0002,-0.0,-0.0,0.0,0.22004856750839139
1785525090637900800,1,0.0002,-0.0,-0.0,0.0,0.22004856750839139
1785525090658285700,1,0.0002,-0.0,-0.0,0.0,0.22004856750839139
1785525090677663800,1,0.0002,-0.0,-0.0,0.0,0.22004856750839139
1785525090697912800,1,0.0002,-0.0,-0.0,0.0,0.22004856750839139
1785525090717563700,1,0.0002,-0.0,-0.0,0.0,0.22004856750839139
1785525090737953900,1,0.0002,-0.0,-0.0,0.0,0.22004856750839139
1785525090758284400,1,0.0002,-0.0,-0.0,0.0,0.22253008011388578
1785525090778390900,1,0.0002,-0.0,-0.0,0.0,0.22740704877452486
1785525090797599000,1,0.0002,-0.0,-0.0,0.0,0.23452269151081148
1785525090818826200,1,0.0002,-0.0,-0.0,0.0,0.2443204161020228
1785525090837532100,1,0.0002,-0.0,-0.0,0.0,0.2514837180819259
1785525090857994300,1,0.0002,-0.0,-0.0,0.0,0.2564421786576572
1785525090877662600,1,0.0002,-0.0,-0.0,0.0,0.25888052541433404
1785525090898319000,1,0.0002,-0.0,-0.0,0.0,0.2589448154532787
1785525090918460700,1,0.0002,-0.0,-0.0,0.0,0.2589448154532787
1785525090938730500,1,0.0002,-0.0,-0.0,0.0,0.2589448154532787
1785525090957842900,1,0.0002,-0.0,-0.0,0.0,0.2589448154532787
1785525090978559300,1,0.0002,-0.0,-0.0,0.0,0.2589448154532787
1785525090998318000,1,0.0002,-0.0,-0.0,0.0,0.2589448154532787
1785525091017760600,1,0.0002,-0.0,-0.0,0.0,0.2589448154532787
1785525091037669200,1,0.0002,-0.0,-0.0,0.0,0.2589448154532787
1785525091058254000,1,0.0002,-0.0,-0.0,0.0,0.2589448154532787
1785525091077832700,1,0.0002,-0.0,-0.0,0.0,0.2589448154532787
1785525091097965300,1,0.0002,-0.0,-0.0,0.0,0.2589448154532787
1785525091118067000,1,0.0002,-0.0,-0.0,0.0,0.2589448154532787
1785525091138204600,1,0.0002,-0.0,-0.0,0.0,0.2589448154532787
1785525091157668200,1,0.0002,-0.0,-0.0,0.0,0.2589448154532787
1785525091178512700,1,0.0002,-0.0,-0.0,0.0,0.2589448154532787
1785525091197810800,1,0.0002,-0.0,-0.0,0.0,0.2589448154532787
1785525091218494600,1,0.0002,-0.0,-0.0,0.0,0.2589448154532787
1785525091238264500,1,0.0002,-0.0,-0.0,0.0,0.2589448154532787
1785525091257754100,1,0.0002,-0.0,-0.0,0.0,0.2589448154532787
1785525091278035900,1,0.0002,-0.0,-0.0,0.0,0.2589448154532787
1785525091298207700,1,0.0002,-0.0,-0.0,0.0,0.2589448154532787
1785525091317829000,1,0.0002,-0.0,-0.0,0.0,0.2589448154532787
1785525091338078700,1,0.0002,-0.0,-0.0,0.0,0.2589448154532787
1785525091357768600,1,0.0002,-0.0,-0.0,0.0,0.2589448154532787
1785525091377911100,1,0.0002,-0.0,-0.0,0.0,0.2589448154532787
1785525091398121000,1,0.0002,-0.0,-0.0,0.0,0.2589448154532787
1785525091417694000,1,0.0002,-0.0,-0.0,0.0,0.2589448154532787
1785525091438269600,1,0.0002,-0.0,-0.0,0.0,0.2589448154532787
1785525091457863900,1,0.0002,-0.0,-0.0,0.0,0.2589448154532787
1785525091478381800,1,0.0002,-0.0,-0.0,0.0,0.2589448154532787
1785525091497710800,1,0.0002,-0.0,-0.0,0.0,0.2589448154532787
1785525091518578800,1,0.0002,-0.0,-0.0,0.0,0.2589448154532787
1785525091538309100,1,0.0002,-0.0,-0.0,0.0,0.2589448154532787
1785525091557442900,1,0.0002,-0.0,-0.0,0.0,0.2589448154532787
1785525091578300600,1,0.0002,-0.0,-0.0,0.0,0.2589448154532787
1785525091597798900,1,0.0002,-0.0,-0.0,0.0,0.2589448154532787
1785525091618544600,1,0.0002,-0.0,-0.0,0.0,0.2589448154532787
1785525091637844400,1,0.0002,-0.0,-0.0,0.0,0.2589448154532787
1785525091658447900,1,0.0002,-0.0,-0.0,0.0,0.2589448154532787
1785525091677950300,1,0.0002,-0.0,-0.0,0.0,0.2589448154532787
1785525091697816800,1,0.0002,-0.0,-0.0,0.0,0.2589448154532787
1785525091718004600,1,0.0002,-0.0,-0.0,0.0,0.2589448154532787
1785525091737502200,1,0.0002,-0.0,-0.0,0.0,0.2589448154532787
1785525091758539200,1,0.0002,-0.0,-0.0,0.0,0.2589448154532787
1785525091777483400,1,0.0002,-0.0,-0.0,0.0,0.2589448154532787
1785525091798252400,1,0.0002,-0.0,-0.0,0.0,0.2589448154532787
1785525091817582900,1,0.0002,-0.0,-0.0,0.0,0.2589448154532787
1785525091837747000,1,0.0002,-0.0,-0.0,0.0,0.2589448154532787
1785525091857858600,1,0.0002,-0.0,-0.0,0.0,0.2589448154532787
1785525091878019400,1,0.0002,-0.0,-0.0,0.0,0.2589448154532787
1785525091897575600,1,0.0002,-0.0,-0.0,0.0,0.2589448154532787
1785525091917392600,1,0.0002,-0.0,-0.0,0.0,0.2589448154532787
1785525091937740600,1,0.0002,-0.0,-0.0,0.0,0.2589448154532787
1785525091957535400,1,0.0002,-0.0,-0.0,0.0,0.2589448154532787
1785525091977746400,1,0.0002,-0.0,-0.0,0.0,0.2589448154532787
1785525091998472700,1,0.0002,-0.0,-0.0,0.0,0.2589448154532787
1785525092017885200,1,0.0002,-0.0,-0.0,0.0,0.2589448154532787
1785525092038334400,1,0.0002,-0.0,-0.0,0.0,0.2589448154532787
1785525092058317500,1,0.0002,-0.0,-0.0,0.0,0.2589448154532787
1785525092077746800,1,0.0002,-0.0,-0.0,0.0,0.2589448154532787
1785525092098247800,1,0.0002,-0.0,-0.0,0.0,0.2589448154532787
1785525092118376900,1,0.0002,-0.0,-0.0,0.0,0.2589448154532787
1785525092138441200,1,0.0002,-0.0,-0.0,0.0,0.2589448154532787
1785525092158364900,1,0.0002,-0.0,-0.0,0.0,0.2589448154532787
1785525092178351400,1,0.0002,-0.0,-0.0,0.0,0.2589448154532787
1785525092197422500,1,0.0002,-0.0,-0.0,0.0,0.2589448154532787
1785525092217766100,1,0.0002,-0.0,-0.0,0.0,0.2589448154532787
1785525092237402700,1,0.0002,-0.0,-0.0,0.0,0.2589448154532787
1785525092257451300,1,0.0002,-0.0,-0.0,0.0,0.2589448154532787
1785525092278482600,1,0.0002,-0.0,-0.0,0.0,0.2589448154532787
1785525092297902300,1,0.0002,-0.0,-0.0,0.0,0.2589448154532787
1785525092317916900,1,0.0002,-0.0,-0.0,0.0,0.2589448154532787
1785525092337880900,1,0.0002,-0.0,-0.0,0.0,0.2589448154532787
1785525092357660000,1,0.0002,-0.0,-0.0,0.0,0.2589448154532787
1785525092378121800,1,0.0002,-0.0,-0.0,0.0,0.2589448154532787
1785525092397771300,1,0.0002,-0.0,-0.0,0.0,0.2589448154532787
1785525092417590000,1,0.0002,-0.0,-0.0,0.0,0.2589448154532787
1785525092438252600,1,0.0002,-0.0,-0.0,0.0,0.2589448154532787
1785525092457490400,1,0.0002,-0.0,-0.0,0.0,0.2589448154532787
1785525092478347500,1,0.0002,-0.0,-0.0,0.0,0.2589448154532787
1785525092497821500,1,0.0002,-0.0,-0.0,0.0,0.2589448154532787
1785525092518307600,1,0.0002,-0.0,-0.0,0.0,0.2589448154532787
1785525092537428500,1,0.0002,-0.0,-0.0,0.0,0.2589448154532787
1785525092557967000,1,0.0002,-0.0,-0.0,0.0,0.2589448154532787
1785525092577431600,1,0.0002,-0.0,-0.0,0.0,0.2589448154532787
1785525092598038400,1,0.0002,-0.0,-0.0,0.0,0.2589448154532787
1785525092617829700,1,0.0002,-0.0,-0.0,0.0,0.2589448154532787
1785525092638468600,1,0.0002,-0.0,-0.0,0.0,0.2589448154532787
1785525092658505500,1,0.0002,-0.0,-0.0,0.0,0.2589448154532787
1785525092677869300,1,0.0002,-0.0,-0.0,0.0,0.2589448154532787
1785525092698384300,1,0.0002,-0.0,-0.0,0.0,0.2589448154532787
1785525092717764600,1,0.0002,-0.0,-0.0,0.0,0.2589448154532787
1785525092737455300,1,0.0002,-0.0,-0.0,0.0,0.26127382827761353
1785525092757445800,1,0.0002,-0.0,-0.0,0.0,0.2660304768796941
1785525092778259100,1,0.0002,-0.0,-0.0,0.0,0.27323884318559044
1785525092797764900,1,0.0002,-0.0,-0.0,0.0,0.28294177167243945
1785525092817890500,1,0.0002,-0.0,-0.0,0.0,0.29017398128165695
1785525092837492000,1,0.0002,-0.0,-0.0,0.0,0.29491309307946467
1785525092858341600,1,0.0002,-0.0,-0.0,0.0,0.2973389459884208
1785525092878090900,1,0.0002,-0.0,-0.0,0.0,0.29735898139648337
1785525092897654200,1,0.0002,-0.0,-0.0,0.0,0.29735898139648337
1785525092918437100,1,0.0002,-0.0,-0.0,0.0,0.29735898139648337
1785525092937441400,1,0.0002,-0.0,-0.0,0.0,0.29735898139648337
1785525092958934600,1,0.0002,-0.0,-0.0,0.0,0.29735898139648337
1785525092977878100,1,0.0002,-0.0,-0.0,0.0,0.29735898139648337
1785525092998188200,1,0.0002,-0.0,-0.0,0.0,0.29735898139648337
1785525093018470500,1,0.0002,-0.0,-0.0,0.0,0.29735898139648337
1785525093038027700,1,0.0002,-0.0,-0.0,0.0,0.29735898139648337
1785525093057673300,1,0.0002,-0.0,-0.0,0.0,0.29735898139648337
1785525093078391000,1,0.0002,-0.0,-0.0,0.0,0.29735898139648337
1785525093098357000,1,0.0002,-0.0,-0.0,0.0,0.29735898139648337
1785525093118119600,1,0.0002,-0.0,-0.0,0.0,0.29735898139648337
1785525093137535700,1,0.0002,-0.0,-0.0,0.0,0.29735898139648337
1785525093158434300,1,0.0002,-0.0,-0.0,0.0,0.29735898139648337
1785525093177871100,1,0.0002,-0.0,-0.0,0.0,0.29735898139648337
1785525093197935300,1,0.0002,-0.0,-0.0,0.0,0.29735898139648337
1785525093217703800,1,0.0002,-0.0,-0.6082769999557058,0.0,0.29735898139648337
1785525093238132900,1,0.0002,-0.0,-1.2060750000091502,0.0,0.29735898139648337
1785525093258241600,1,0.0002,-0.0,-1.8058649999511545,0.0,0.29735898139648337
1785525093277828500,1,0.0002,-0.0,-2.4122189999980037,0.0,0.29735898139648337
1785525093297924600,1,0.0002,-0.0,-2.5,0.0,0.29735898139648337
1785525093317791300,1,0.0002,-0.0,-2.5,0.0,0.29735898139648337
1785525093338644600,1,0.0002,-0.0,-2.5,0.0,0.29735898139648337
1785525093358025000,1,0.0002,-0.0,-2.5,0.0,0.29735898139648337
1785525093377608800,1,0.0002,-0.0,-2.5,0.0,0.29735898139648337
1785525093398303700,1,0.0002,-0.0,-1.8977079999967827,0.0,0.29735898139648337
1785525093417746700,1,0.0002,-0.0,-1.2959410000621574,0.0,0.29735898139648337
1785525093438241100,1,0.0002,-0.0,-0.6993250000596163,0.0,0.29735898139648337
1785525093457831200,1,0.0002,-0.0,-0.09330999997473555,0.0,0.29735898139648337
1785525093477886700,1,0.0002,-0.0,-0.0,0.0,0.29735898139648337
1785525093498302400,1,0.0002,-0.0,-0.0,0.0,0.29735898139648337
1785525093517539900,1,0.0002,-0.0,-0.0,0.0,0.29735898139648337
1785525093538538900,1,0.0002,-0.0,-0.0,0.0,0.29735898139648337
1785525093558731600,1,0.0002,-0.0,-0.0,0.0,0.29735898139648337
1785525093577879000,1,0.0002,-0.0,-0.0,0.0,0.29735898139648337
1785525093598573900,1,0.0002,-0.0,-0.0,0.0,0.29735898139648337
1785525093617769600,1,0.0002,-0.0,-0.0,0.0,0.29735898139648337
1785525093638359000,1,0.0002,-0.0,-0.0,0.0,0.29735898139648337
1785525093658118300,1,0.0002,-0.0,-0.0,0.0,0.29735898139648337
1785525093678463200,1,0.0002,-0.0,-0.0,0.0,0.29735898139648337
1785525093697815400,1,0.0002,-0.0,-0.0,0.0,0.29735898139648337
1785525093717615500,1,0.0002,-0.0,-0.0,0.0,0.29735898139648337
1785525093737527200,1,0.0002,-0.0,-0.0,0.0,0.29735898139648337
1785525093758479600,1,0.0002,-0.0,-0.0,0.0,0.29735898139648337
1785525093777603500,1,0.0002,-0.0,-0.0,0.0,0.29735898139648337
1785525093798309600,1,0.0002,-0.0,-0.0,0.0,0.29735898139648337
1785525093817633300,1,0.0002,-0.0,-0.0,0.0,0.29735898139648337
1785525093838207500,1,0.0002,-0.0,-0.0,0.0,0.29735898139648337
1785525093858115300,1,0.0002,-0.0,-0.0,0.0,0.29735898139648337
1785525093878340000,1,0.0002,-0.0,-0.0,0.0,0.29735898139648337
1785525093897381900,1,0.0002,-0.0,-0.5866920000698883,0.0,0.29735898139648337
1785525093917701800,1,0.0002,-0.0,-1.1959140000180923,0.0,0.29735898139648337
1785525093937406200,1,0.0002,-0.0,-1.7873490000783931,0.0,0.29735898139648337
1785525093958437500,1,0.0002,-0.0,-2.400084000037168,0.0,0.29735898139648337
1785525093978203200,1,0.0002,-0.0,-2.5,0.0,0.29735898139648337
1785525093998241500,1,0.0002,-0.0,-2.5,0.0,0.29735898139648337
1785525094017738800,1,0.0002,-0.0,-1.900413999974262,0.0,0.29735898139648337
1785525094037979700,1,0.0002,-0.0,-1.308426999967196,0.0,0.29735898139648337
1785525094057503000,1,0.0002,-0.0,-0.7072269999844139,0.0,0.29735898139648337
1785525094077688400,1,0.0002,-0.0,-0.10144899995793821,0.0,0.29735898139648337
1785525094098126100,1,0.0002,-0.0,-0.0,0.0,0.29735898139648337
1785525094117632000,1,0.0002,-0.0,-0.0,0.0,0.29735898139648337
1785525094137993500,1,0.0002,-0.0,-0.0,0.0,0.29735898139648337
1785525094157792300,1,0.0002,-0.0,-0.0,0.0,0.29735898139648337
1785525094178639300,1,0.0002,-0.0,-0.0,0.0,0.29735898139648337
1785525094197487400,1,0.0002,-0.0,-0.0,0.0,0.29735898139648337
1785525094217809800,1,0.0002,-0.0,-0.0,0.0,0.29735898139648337
1785525094237644500,1,0.0002,-0.0,-0.0,0.0,0.29735898139648337
1785525094257579400,1,0.0002,-0.0,-0.0,0.0,0.29735898139648337
1785525094277790100,1,0.0002,-0.0,-0.0,0.0,0.29735898139648337
1785525094298043500,1,0.0002,-0.0,-0.0,0.0,0.29735898139648337
1785525094317678900,1,0.0002,-0.0,-0.0,0.0,0.29735898139648337
1785525094337432600,1,0.0002,-0.0,-0.0,0.0,0.29735898139648337
1785525094358358200,1,0.0002,-0.0,-0.0,0.0,0.29735898139648337
1785525094377845200,1,0.0002,-0.0,-0.0,0.0,0.29735898139648337
1785525094397963000,1,0.0002,-0.0,-0.0,0.0,0.29735898139648337
1785525094417430200,1,0.0002,-0.0,-0.0,0.0,0.29735898139648337
1785525094437822800,1,0.0002,-0.0,-0.0,0.0,0.29735898139648337
1785525094457407300,1,0.0002,-0.0,-0.0,0.0,0.29735898139648337
1785525094477926600,1,0.0002,-0.0,-0.0,0.0,0.29735898139648337
1785525094498128400,1,0.0002,-0.0,-0.0,0.0,0.29735898139648337
1785525094517535100,1,0.0002,-0.0,-0.0,0.0,0.29735898139648337
1785525094538320500,1,0.0002,-0.0,-0.0,0.0,0.29735898139648337
1785525094558061800,1,0.0002,-0.0,-0.0,0.0,0.29735898139648337
1785525094577882600,1,0.0002,-0.0,-0.0,0.0,0.29735898139648337
1785525094597735700,1,0.0002,-0.0,-0.0,0.0,0.29735898139648337
1785525094617816000,1,0.0002,-0.0,-0.0,0.0,0.29735898139648337
1785525094637941200,1,0.0002,-0.0,-0.0,0.0,0.29735898139648337
1785525094657478300,1,0.0002,-0.0,-0.0,0.0,0.29735898139648337
1785525094678059400,1,0.0002,-0.0,-0.0,0.0,0.29735898139648337
1785525094698040100,1,0.0002,-0.0,-0.0,0.0,0.29735898139648337
1785525094718261300,1,0.0002,-0.0,-0.0,0.0,0.29735898139648337
1785525094737694200,1,0.0002,-0.0,-0.0,0.0,0.29735898139648337
1785525094757898300,1,0.0002,-0.0,-0.0,0.0,0.29735898139648337
1785525094777473900,1,0.0002,-0.0,-0.0,0.0,0.29735898139648337
1785525094798381800,1,0.0002,-0.0,-0.0,0.0,0.29735898139648337
1785525094817688500,1,0.0002,-0.0,-0.0,0.0,0.29735898139648337
1785525094837742700,1,0.0002,-0.0,-0.0,0.0,0.29735898139648337
1785525094857928000,1,0.0002,-0.0,-0.0,0.0,0.29735898139648337
1785525094877720400,1,0.0002,-0.0,-0.0,0.0,0.29735898139648337
1785525094898323100,1,0.0002,-0.0,-0.0,0.0,0.29735898139648337
1785525094918064600,1,0.0002,-0.0,-0.0,0.0,0.29735898139648337
1785525094937876200,1,0.0002,-0.0,-0.0,0.0,0.29735898139648337
1785525094958589900,1,0.0002,-0.0,-0.0,0.0,0.29735898139648337
1785525094977534000,1,0.0002,-0.0,-0.0,0.0,0.29735898139648337
1785525094998115300,1,0.0002,-0.0,-0.0,0.0,0.29735898139648337
1785525095017855200,1,0.0002,-0.0,-0.0,0.0,0.29735898139648337
1785525095038475800,1,0.0002,-0.0,-0.0,0.0,0.29735898139648337
1785525095058735200,1,0.0002,-0.0,-0.0,0.0,0.29735898139648337
1785525095077807600,1,0.0002,-0.0,0.5999700000029407,0.0,0.29735898139648337
1785525095098427800,1,0.0002,-0.0,1.1982269999498385,0.0,0.29735898139648337
1785525095117463100,1,0.0002,-0.0,1.7897369999263901,0.0,0.29735898139648337
1785525095138782100,1,0.0002,-0.0,2.400536999994074,0.0,0.29735898139648337
1785525095157539200,1,0.0002,-0.0,2.5,0.0,0.29735898139648337
1785525095177782700,1,0.0002,-0.0,1.8929559999378398,0.0,0.29735898139648337
1785525095197796600,1,0.0002,-0.0,1.2908499999321066,0.0,0.29735898139648337
1785525095217819000,1,0.0002,-0.0,0.6919179999749758,0.0,0.29735898139648337
1785525095238601200,1,0.0002,-0.0,0.08977599991339957,0.0,0.29735898139648337
1785525095257958400,1,0.0002,-0.0,-0.0,0.0,0.29735898139648337
1785525095277610100,1,0.0002,-0.0,-0.0,0.0,0.29735898139648337
1785525095298113400,1,0.0002,-0.0,-0.0,0.0,0.29735898139648337
1785525095318188600,1,0.0002,-0.0,-0.0,0.0,0.29735898139648337
1785525095338400900,1,0.0002,-0.0,-0.0,0.0,0.29735898139648337
1785525095357800400,1,0.0002,-0.0,-0.0,0.0,0.29735898139648337
1785525095377932900,1,0.0002,-0.0,-0.0,0.0,0.29735898139648337
1785525095398121000,1,0.0002,-0.0,-0.0,0.0,0.29735898139648337
1785525095417805600,1,0.0002,-0.0,-0.0,0.0,0.29735898139648337
1785525095438351300,1,0.0002,-0.0,-0.0,0.0,0.29735898139648337
1785525095458282400,1,0.0002,-0.0,-0.0,0.0,0.29735898139648337
1785525095477531600,1,0.0002,-0.0,-0.0,0.0,0.29735898139648337
1785525095497980500,1,0.0002,-0.0,-0.0,0.0,0.29735898139648337
1785525095517882800,1,0.0002,-0.0,-0.0,0.0,0.29735898139648337
1785525095537735800,1,0.0002,-0.0,-0.0,0.0,0.29735898139648337
1785525095557627300,1,0.0002,-0.0,-0.0,0.0,0.29735898139648337
1785525095577967700,1,0.0002,-0.0,-0.0,0.0,0.29735898139648337
1785525095597618100,1,0.0002,-0.0,-0.0,0.0,0.29735898139648337
1785525095617491600,1,0.0002,-0.0,-0.0,0.0,0.29735898139648337
1785525095637716000,1,0.0002,-0.0,-0.0,0.0,0.29735898139648337
1785525095658163400,1,0.0002,-0.0,-0.0,0.0,0.29735898139648337
1785525095678131000,1,0.0002,-0.0,-0.0,0.0,0.29735898139648337
1785525095698329000,1,0.0002,-0.0,0.6058230000417097,0.0,0.29735898139648337
1785525095717784300,1,0.0002,-0.0,1.2047160000292934,0.0,0.29735898139648337
1785525095737959200,1,0.0002,-0.0,1.810272000002442,0.0,0.29735898139648337
1785525095758072800,1,0.0002,-0.0,2.415348000031372,0.0,0.29735898139648337
1785525095777930200,1,0.0002,-0.0,1.8366390000664978,0.0,0.29735898139648337
1785525095797831500,1,0.0002,-0.0,1.2243390000367071,0.0,0.29735898139648337
1785525095818255000,1,0.0002,-0.0,0.6276960000468534,0.0,0.29735898139648337
1785525095837780900,1,0.0002,-0.0,0.025689000030979514,0.0,0.29735898139648337
1785525095857718000,1,0.0002,-0.0,-0.0,0.0,0.29735898139648337
1785525095878191900,1,0.0002,-0.0,-0.0,0.0,0.29735898139648337
1785525095897868700,1,0.0002,-0.0,-0.0,0.0,0.29735898139648337
1785525095918443500,1,0.0002,-0.0,-0.0,0.0,0.29735898139648337
1785525095937867800,1,0.0002,-0.0,-0.0,0.0,0.29735898139648337
1785525095958293700,1,0.0002,-0.0,-0.0,0.0,0.29735898139648337
1785525095978356000,1,0.0002,-0.0,-0.0,0.0,0.29735898139648337
1785525095998398200,1,0.0002,-0.0,-0.0,0.0,0.29735898139648337
1785525096018209700,1,0.0002,-0.0,-0.0,0.0,0.29735898139648337
1785525096037806100,1,0.0002,-0.0,-0.0,0.0,0.29735898139648337
1785525096058358200,1,0.0002,-0.0,-0.0,0.0,0.29735898139648337
1785525096078409500,1,0.0002,-0.0,-0.0,0.0,0.29735898139648337
1785525096098304000,1,0.0002,-0.0,-0.0,0.0,0.29735898139648337
1785525096117847000,1,0.0002,-0.0,-0.0,0.0,0.29735898139648337
1785525096137837100,1,0.0002,-0.0,-0.0,0.0,0.29735898139648337
1785525096157823000,1,0.0002,-0.0,-0.0,0.0,0.29735898139648337
1785525096178061400,1,0.0002,-0.0,-0.0,0.0,0.29735898139648337
1785525096197579200,1,0.0002,-0.0,-0.0,0.0,0.29735898139648337
1785525096217584900,1,0.0002,-0.0,-0.0,0.0,0.29735898139648337
1785525096237593200,1,0.0002,-0.0,-0.0,0.0,0.29735898139648337
1785525096257795400,1,0.0002,-0.0,-0.0,0.0,0.29735898139648337
1785525096278215400,1,0.0002,-0.0,-0.0,0.0,0.29735898139648337
1785525096298008800,1,0.0002,-0.0,-0.0,0.0,0.29735898139648337
1785525096317555200,1,0.0002,-0.0,-0.0,0.0,0.29735898139648337
1785525096338339700,1,0.0002,-0.0,-0.0,0.0,0.29735898139648337
1785525096357766400,1,0.0002,-0.0,-0.0,0.0,0.29735898139648337
1785525096377875100,1,0.0002,-0.0,-0.0,0.0,0.29735898139648337
1785525096398284900,1,0.0002,-0.0,-0.0,0.0,0.29735898139648337
1785525096418597500,1,0.0002,-0.0,-0.0,0.0,0.29735898139648337
1785525096438349300,1,0.0002,-0.0,-0.0,0.0,0.29735898139648337
1785525096457523400,1,0.0002,-0.0,-0.0,0.0,0.29735898139648337
1785525096478447500,1,0.0002,-0.0,-0.0,0.0,0.29735898139648337
1785525096498213600,1,0.0002,-0.0,-0.0,0.0,0.29735898139648337
1785525096517835500,1,0.0002,-0.0,-0.0,0.0,0.29735898139648337
1785525096537977500,1,0.0002,-0.0,-0.0,0.0,0.29735898139648337
1785525096558267700,1,0.0002,-0.0,-0.0,0.0,0.29735898139648337
1785525096577876800,1,0.0002,-0.0,-0.0,0.0,0.29735898139648337
1785525096598501200,1,0.0002,-0.0,-0.0,0.0,0.29735898139648337
1785525096617846200,1,0.0002,-0.0,-0.0,0.0,0.29735898139648337
1785525096638087800,1,0.0002,-0.0,-0.0,0.0,0.29735898139648337
1785525096657816000,1,0.0002,-0.0,-0.0,0.0,0.29735898139648337
1785525096678149600,1,0.0002,-0.0,-0.0,0.0,0.29735898139648337
1785525096698727500,1,0.0002,-0.0,-0.0,0.0,0.29735898139648337
1785525096718268400,1,0.0002,-0.0,-0.0,0.0,0.29735898139648337
1785525096737399300,1,0.0002,-0.0,-0.0,0.0,0.29735898139648337
1785525096758607000,1,0.0002,-0.0,-0.0,0.0,0.29735898139648337
1785525096777682600,1,0.0002,-0.0,-0.0,0.0,0.29735898139648337
1785525096797976400,1,0.0002,-0.0,-0.0,0.0,0.29735898139648337
1785525096817616600,1,0.0002,-0.0,-0.0,0.0,0.29735898139648337
1785525096838341800,1,0.0002,-0.0,-0.0,0.0,0.29735898139648337
1785525096857590500,1,0.0002,-0.0,-0.0,0.0,0.29735898139648337
1785525096878305000,1,0.0002,-0.0,-0.0,0.0,0.29735898139648337
1785525096897883200,1,0.0002,-0.0,-0.0,0.0,0.29735898139648337
1785525096917975400,1,0.0002,-0.0,-0.0,0.0,0.29735898139648337
1785525096937876900,1,0.0002,-0.0,-0.0,0.0,0.29735898139648337
1785525096958081200,1,0.0002,-0.0,-0.0,0.0,0.29735898139648337
1785525096977808800,1,0.0002,-0.0,-0.0,0.0,0.29735898139648337
1785525096998496700,1,0.0002,-0.0,-0.0,0.0,0.29735898139648337
1785525097018027600,1,0.0002,-0.0,-0.0,0.0,0.29735898139648337
1785525097037563400,1,0.0002,-0.0,-0.0,0.0,0.29735898139648337
1785525097057676700,1,0.0002,-0.0,-0.0,0.0,0.29735898139648337
1785525097077653600,1,0.0002,-0.0,0.5992260000130045,0.0,0.29735898139648337
1785525097097842300,1,0.0002,-0.0,1.2046200000622775,0.0,0.29735898139648337
1785525097118424200,1,0.0002,-0.0,1.8044519999966724,0.0,0.29735898139648337
1785525097138135100,1,0.0002,-0.0,2.3957069999960368,0.0,0.29735898139648337
1785525097157547500,1,0.0002,-0.0,2.5,0.0,0.29735898139648337
1785525097178089600,1,0.0002,-0.0,1.8989290000172332,0.0,0.29735898139648337
1785525097197864200,1,0.0002,-0.0,1.2886840000282973,0.0,0.29735898139648337
1785525097218363000,1,0.0002,-0.0,0.6907210000281339,0.0,0.29735898139648337
1785525097238295200,1,0.0002,-0.0,0.09663699998782249,0.0,0.29735898139648337
1785525097258616100,1,0.0002,-0.0,-0.0,0.0,0.29735898139648337
1785525097278429000,1,0.0002,-0.0,-0.0,0.0,0.29735898139648337
1785525097298337400,1,0.0002,-0.0,-0.0,0.0,0.29735898139648337
1785525097317930500,1,0.0002,-0.0,-0.0,0.0,0.29735898139648337
1785525097337714200,1,0.0002,-0.0,-0.0,0.0,0.29735898139648337
1785525097358629600,1,0.0002,-0.0,-0.0,0.0,0.29735898139648337
1785525097377673500,1,0.0002,-0.0,-0.0,0.0,0.29735898139648337
1785525097398109500,1,0.0002,-0.0,-0.0,0.0,0.29735898139648337
1785525097417591200,1,0.0002,-0.0,-0.0,0.0,0.29735898139648337
1785525097437920200,1,0.0002,-0.0,-0.0,0.0,0.29735898139648337
1785525097457640300,1,0.0002,-0.0,-0.0,0.0,0.29735898139648337
1785525097478066900,1,0.0002,-0.0,-0.0,0.0,0.29735898139648337
1785525097497568800,1,0.0002,-0.0,-0.0,0.0,0.29735898139648337
1785525097517842100,1,0.0002,-0.0,-0.0,0.0,0.29735898139648337
1785525097538649100,1,0.0002,-0.0,-0.0,0.0,0.29735898139648337
1785525097558151800,1,0.0002,-0.0,-0.0,0.0,0.29735898139648337
1785525097577605400,1,0.0002,-0.0,-0.0,0.0,0.29735898139648337
1785525097598027600,1,0.0002,-0.0,-0.0,0.0,0.29735898139648337
1785525097618350200,1,0.0002,-0.0,-0.0,0.0,0.29735898139648337
1785525097638362600,1,0.0002,-0.0,-0.0,0.0,0.29735898139648337
1785525097657833500,1,0.0002,-0.0,-0.0,0.0,0.29735898139648337
1785525097678227900,1,0.0002,-0.0,-0.0,0.0,0.29735898139648337
1785525097697821800,1,0.0002,-0.0,-0.0,0.0,0.29735898139648337
1785525097717932400,1,0.0002,-0.0,-0.0,0.0,0.29735898139648337
1785525097737428600,1,0.0002,-0.0,-0.0,0.0,0.29735898139648337
1785525097758498300,1,0.0002,-0.0,-0.0,0.0,0.29735898139648337
1785525097777604400,1,0.0002,-0.0,-0.0,0.0,0.29735898139648337
1785525097798352600,1,0.0002,-0.0,-0.0,0.0,0.29735898139648337
1785525097817968300,1,0.0002,-0.0,-0.0,0.0,0.29735898139648337
1785525097837694900,1,0.0002,-0.0,-0.0,0.0,0.29735898139648337
1785525097858025200,1,0.0002,-0.0,-0.0,0.0,0.29735898139648337
1785525097877462400,1,0.0002,-0.0,-0.0,0.0,0.29735898139648337
1785525097897708700,1,0.0002,-0.0,-0.0,0.0,0.29735898139648337
1785525097918431500,1,0.0002,-0.0,-0.0,0.0,0.29735898139648337
1785525097937808300,1,0.0002,-0.0,-0.0,0.0,0.29735898139648337
1785525097958373200,1,0.0002,-0.0,-0.0,0.0,0.29735898139648337
1785525097978291200,1,0.0002,-0.0,-0.0,0.0,0.29735898139648337
1785525097997726900,1,0.0002,-0.0,-0.0,0.0,0.29735898139648337
1785525098018309200,1,0.0002,-0.0,-0.0,0.0,0.29735898139648337
1785525098038200500,1,0.0002,-0.0,-0.0,0.0,0.29735898139648337
1785525098057905000,1,0.0002,-0.0,-0.0,0.0,0.29735898139648337
1785525098078225400,1,0.0002,-0.0,-0.0,0.0,0.29735898139648337
1785525098097969600,1,0.0002,-0.0,-0.0,0.0,0.29735898139648337
1785525098118506100,1,0.0002,-0.0,-0.0,0.0,0.29735898139648337
1785525098137780600,1,0.0002,-0.0,-0.0,0.0,0.29735898139648337
1785525098158207500,1,0.0002,-0.0,-0.0,0.0,0.29735898139648337
1785525098177867000,1,0.0002,-0.0,-0.0,0.0,0.29735898139648337
1785525098198278200,1,0.0002,-0.0,-0.0,0.0,0.29735898139648337
1785525098217450100,1,0.0002,-0.0,-0.0,0.0,0.29735898139648337
1785525098237566800,1,0.0002,-0.0,-0.0,0.0,0.29735898139648337
1785525098258564800,1,0.0002,-0.0,-0.0,0.0,0.29735898139648337
1785525098277855300,1,0.0002,-0.0,-0.0,0.0,0.29735898139648337
1785525098297608300,1,0.0002,-0.0,-0.0,0.0,0.29735898139648337
1785525098317888900,1,0.0002,-0.0,-0.0,0.0,0.29735898139648337
1785525098338409100,1,0.0002,-0.0,-0.0,0.0,0.29735898139648337
1785525098357650500,1,0.0002,-0.0,-0.0,0.0,0.29735898139648337
1785525098378068200,1,0.0002,-0.0,-0.0,0.0,0.29735898139648337
1785525098397814800,1,0.0002,-0.0,-0.0,0.0,0.29735898139648337
1785525098418059900,1,0.0002,-0.0,-0.0,0.0,0.29735898139648337
1785525098437494100,1,0.0002,-0.0,-0.0,0.0,0.29735898139648337
1785525098457754500,1,0.0002,-0.0,-0.0,0.0,0.29735898139648337
1785525098478524400,1,0.0002,-0.0,-0.0,0.0,0.29735898139648337
1785525098498180300,1,0.0002,-0.0,-0.0,0.0,0.29735898139648337
1785525098517750600,1,0.0002,-0.0,-0.0,0.0,0.29735898139648337
1785525098538347200,1,0.0002,-0.0,-0.0,0.0,0.29735898139648337
1785525098557827500,1,0.0002,-0.0,-0.0,0.0,0.29735898139648337
1785525098577887600,1,0.0002,-0.0,-0.0,0.0,0.29735898139648337
1785525098598314800,1,0.0002,-0.0,-0.0,0.0,0.29735898139648337
1785525098617634000,1,0.0002,-0.0,-0.0,0.0,0.29735898139648337
1785525098638337800,1,0.0002,-0.0,-0.0,0.0,0.29735898139648337
1785525098657743700,1,0.0002,-0.0,-0.0,0.0,0.29735898139648337
1785525098677980500,1,0.0002,-0.0,-0.0,0.0,0.29735898139648337
1785525098697759500,1,0.0002,-0.0,-0.0,0.0,0.29735898139648337
1785525098718539500,1,0.0002,-0.0,-0.0,0.0,0.29735898139648337
1785525098737578100,1,0.0002,-0.0,-0.0,0.0,0.29735898139648337
1785525098758352300,1,0.0002,-0.0,-0.0,0.0,0.29735898139648337
1785525098778244600,1,0.0002,-0.0,-0.0,0.0,0.29735898139648337
1785525098797470600,1,0.0002,-0.0,-0.0,0.0,0.29735898139648337
1785525098817635800,1,0.0002,-0.0,-0.0,0.0,0.29735898139648337
1785525098838345000,1,0.0002,-0.0,-0.0,0.0,0.29494224833082533
1785525098859058900,1,0.0002,-0.0,-0.0,0.0,0.2899590740616436
1785525098878394400,1,0.0002,-0.0,-0.0,0.0,0.282887349595737
1785525098897620500,1,0.0002,-0.0,-0.0,0.0,0.2733675415565544
1785525098918197300,1,0.0002,-0.0,-0.0,0.0,0.2633994915558746
1785525098938215100,1,0.0002,-0.0,-0.0,0.0,0.25576003272771564
1785525098957650800,1,0.0002,-0.0,-0.0,0.0,0.25058561331939144
1785525098977579000,1,0.0002,-0.0,-0.0,0.0,0.24779922232146315
1785525098998391800,1,0.0002,-0.0,-0.0,0.0,0.24741824461513942
1785525099018308000,1,0.0002,-0.0,-0.0,0.0,0.24741824461513942
1785525099037655400,1,0.0002,-0.0,-0.0,0.0,0.24502852957326499
1785525099058246600,1,0.0002,-0.0,-0.0,0.0,0.2402046072707607
1785525099077937100,1,0.0002,-0.0,-0.0,0.0,0.23315984530661857
1785525099097465600,1,0.0002,-0.0,-0.0,0.0,0.22838828257481283
1785525099117886300,1,0.0002,-0.0,-0.0,0.0,0.22603300739557824
1785525099138515600,1,0.0002,-0.0,-0.0,0.0,0.22603300739557824
1785525099157688100,1,0.0002,-0.0,-0.0,0.0,0.22603300739557824
1785525099177946200,1,0.0002,-0.0,-0.0,0.0,0.22603300739557824
1785525099198037300,1,0.0002,-0.0,-0.0,0.0,0.22603300739557824
1785525099218242800,1,0.0002,-0.0,-0.0,0.0,0.22603300739557824
1785525099238129200,1,0.0002,-0.0,-0.0,0.0,0.22603300739557824
1785525099257673800,1,0.0002,-0.0,-0.0,0.0,0.22603300739557824
1785525099278537600,1,0.0002,-0.0,-0.0,0.0,0.22603300739557824
1785525099297639600,1,0.0002,-0.0,-0.0,0.0,0.22603300739557824
1785525099317821200,1,0.0002,-0.0,-0.0,0.0,0.22603300739557824
1785525099338330200,1,0.0002,-0.0,-0.0,0.0,0.22603300739557824
1785525099358346600,1,0.0002,-0.0,-0.0,0.0,0.22603300739557824
1785525099377820400,1,0.0002,-0.0,-0.0,0.0,0.22603300739557824
1785525099397684600,1,0.0002,-0.0,-0.0,0.0,0.22603300739557824
1785525099417787300,1,0.0002,-0.0,-0.0,0.0,0.22603300739557824
1785525099438030500,1,0.0002,-0.0,-0.0,0.0,0.22603300739557824
1785525099457752200,1,0.0002,-0.0,-0.0,0.0,0.22603300739557824
1785525099478441600,1,0.0002,-0.0,-0.0,0.0,0.22603300739557824
1785525099498327200,1,0.0002,-0.0,-0.0,0.0,0.22603300739557824
1785525099517390700,1,0.0002,-0.0,-0.0,0.0,0.22603300739557824
1785525099537469300,1,0.0002,-0.0,-0.0,0.0,0.22603300739557824
1785525099558747400,1,0.0002,-0.0,-0.0,0.0,0.22603300739557824
1785525099577896600,1,0.0002,-0.0,-0.0,0.0,0.22603300739557824
1785525099598430600,1,0.0002,-0.0,-0.0,0.0,0.22603300739557824
1785525099618051200,1,0.0002,-0.0,-0.0,0.0,0.22837319279957477
1785525099637817900,1,0.0002,-0.0,-0.0,0.0,0.2332856748773498
1785525099658096900,1,0.0002,-0.0,-0.0,0.0,0.24033013259689506
1785525099678312700,1,0.0002,-0.0,-0.0,0.0,0.25011831541610113
1785525099698130800,1,0.0002,-0.0,-0.0,0.0,0.2572630700971915
1785525099717651900,1,0.0002,-0.0,-0.0,0.0,0.26213107124173923
1785525099738465800,1,0.0002,-0.0,-0.0,0.0,0.2645680520600092
1785525099758335400,1,0.0002,-0.0,-0.0,0.0,0.2645826536239439
1785525099778514800,1,0.0002,-0.0,-0.0,0.0,0.2645826536239439
1785525099797997400,1,0.0002,-0.0,-0.0,0.0,0.2645826536239439
1785525099817716300,1,0.0002,-0.0,-0.0,0.0,0.2645826536239439
1785525099837724100,1,0.0002,-0.0,-0.0,0.0,0.2645826536239439
1785525099857967500,1,0.0002,-0.0,-0.0,0.0,0.2645826536239439
1785525099878028000,1,0.0002,-0.0,-0.0,0.0,0.2645826536239439
1785525099897479600,1,0.0002,-0.0,-0.0,0.0,0.2645826536239439
1785525099917823600,1,0.0002,-0.0,-0.0,0.0,0.2645826536239439
1785525099937944400,1,0.0002,-0.0,-0.0,0.0,0.2645826536239439
1785525099957753200,1,0.0002,-0.0,-0.0,0.0,0.2645826536239439
1785525099978229400,1,0.0002,-0.0,-0.0,0.0,0.2645826536239439
1785525099997700000,1,0.0002,-0.0,-0.0,0.0,0.2645826536239439
1785525100018033200,1,0.0002,-0.0,-0.0,0.0,0.2645826536239439
1785525100037801900,1,0.0002,-0.0,-0.0,0.0,0.2645826536239439
1785525100058320500,1,0.0002,-0.0,-0.0,0.0,0.2645826536239439
1785525100077470900,1,0.0002,-0.0,-0.0,0.0,0.2645826536239439
1785525100097803500,1,0.0002,-0.0,-0.0,0.0,0.2645826536239439
1785525100118036100,1,0.0002,-0.0,-0.0,0.0,0.2645826536239439
1785525100138323400,1,0.0002,-0.0,-0.0,0.0,0.2645826536239439
1785525100157734000,1,0.0002,-0.0,-0.0,0.0,0.2645826536239439
1785525100178080100,1,0.0002,-0.0,-0.0,0.0,0.2645826536239439
1785525100197699300,1,0.0002,-0.0,-0.0,0.0,0.2645826536239439
1785525100218345100,1,0.0002,-0.0,-0.0,0.0,0.2645826536239439
1785525100237844500,1,0.0002,-0.0,-0.0,0.0,0.2645826536239439
1785525100258576500,1,0.0002,-0.0,-0.0,0.0,0.2645826536239439
1785525100278260200,1,0.0002,-0.0,-0.0,0.0,0.2645826536239439
1785525100297817600,1,0.0002,-0.0,-0.0,0.0,0.2645826536239439
1785525100318573700,1,0.0002,-0.0,-0.0,0.0,0.2645826536239439
1785525100338278200,1,0.0002,-0.0,-0.0,0.0,0.2645826536239439
1785525100358540600,1,0.0002,-0.0,-0.0,0.0,0.2645826536239439
1785525100377691100,1,0.0002,-0.0,-0.0,0.0,0.2645826536239439
1785525100398036200,1,0.0002,-0.0,-0.0,0.0,0.2645826536239439
1785525100417550300,1,0.0002,-0.0,-0.0,0.0,0.2645826536239439
1785525100437394500,1,0.0002,-0.0,-0.0,0.0,0.2645826536239439
1785525100457487800,1,0.0002,-0.0,-0.0,0.0,0.2645826536239439
1785525100478319900,1,0.0002,-0.0,-0.0,0.0,0.2645826536239439
1785525100498126600,1,0.0002,-0.0,-0.0,0.0,0.2645826536239439
1785525100518134500,1,0.0002,-0.0,-0.0,0.0,0.2645826536239439
1785525100538360800,1,0.0002,-0.0,-0.0,0.0,0.2645826536239439
1785525100557816800,1,0.0002,-0.0,-0.0,0.0,0.2645826536239439
1785525100578491900,1,0.0002,-0.0,-0.0,0.0,0.2645826536239439
1785525100598180300,1,0.0002,-0.0,-0.0,0.0,0.2645826536239439
1785525100617874300,1,0.0002,-0.0,-0.0,0.0,0.2645826536239439
1785525100637588400,1,0.0002,-0.0,-0.0,0.0,0.2645826536239439
1785525100657922600,1,0.0002,-0.0,-0.0,0.0,0.2645826536239439
1785525100678082700,1,0.0002,-0.0,-0.0,0.0,0.2645826536239439
1785525100698109500,1,0.0002,-0.0,-0.0,0.0,0.2645826536239439
1785525100717554600,1,0.0002,-0.0,-0.0,0.0,0.2645826536239439
1785525100738386900,1,0.0002,-0.0,-0.0,0.0,0.2645826536239439
1785525100757826500,1,0.0002,-0.0,-0.0,0.0,0.2645826536239439
1785525100777877100,1,0.0002,-0.0,-0.0,0.0,0.2645826536239439
1785525100797945400,1,0.0002,-0.0,-0.0,0.0,0.2645826536239439
1785525100818285700,1,0.0002,-0.0,-0.0,0.0,0.2645826536239439
1785525100838268700,1,0.0002,-0.0,-0.0,0.0,0.2645826536239439
1785525100858383400,1,0.0002,-0.0,-0.0,0.0,0.2645826536239439
1785525100877927700,1,0.0002,-0.0,-0.0,0.0,0.2645826536239439
1785525100897802200,1,0.0002,-0.0,-0.61199999992823,0.0,0.2645826536239439
1785525100918818900,1,0.0002,-0.0,-1.2113070000123116,0.0,0.2645826536239439
1785525100938380100,1,0.0002,-0.0,-1.8044369999915943,0.0,0.2645826536239439
1785525100957429900,1,0.0002,-0.0,-2.4009869999281364,0.0,0.2645826536239439
1785525100978226800,1,0.0002,-0.0,-2.5,0.0,0.2645826536239439
1785525100998072200,1,0.0002,-0.0,-2.5,0.0,0.2645826536239439
1785525101017896900,1,0.0002,-0.0,-2.5,0.0,0.2645826536239439
1785525101037892400,1,0.0002,-0.0,-2.5,0.0,0.2645826536239439
1785525101057695800,1,0.0002,-0.0,-2.5,0.0,0.2645826536239439
1785525101077966200,1,0.0002,-0.0,-2.5,0.0,0.2645826536239439
1785525101097696300,1,0.0002,-0.0,-1.8929769999886048,0.0,0.2645826536239439
1785525101117823800,1,0.0002,-0.0,-1.2893410000106087,0.0,0.2645826536239439
1785525101138035700,1,0.0002,-0.0,-0.6979600000340724,0.0,0.2645826536239439
1785525101157610700,1,0.0002,-0.0,-0.0954279999496066,0.0,0.2645826536239439
1785525101178363800,1,0.0002,-0.0,-0.0,0.0,0.2645826536239439
1785525101197615800,1,0.0002,-0.0,-0.0,0.0,0.2645826536239439
1785525101217834800,1,0.0002,-0.0,-0.0,0.0,0.2645826536239439
1785525101237549500,1,0.0002,-0.0,-0.0,0.0,0.2645826536239439
1785525101258666700,1,0.0002,-0.0,-0.0,0.0,0.2645826536239439
1785525101277781300,1,0.0002,-0.0,-0.0,0.0,0.2645826536239439
1785525101297505800,1,0.0002,-0.0,-0.0,0.0,0.2645826536239439
1785525101318130300,1,0.0002,-0.0,-0.0,0.0,0.2645826536239439
1785525101337745000,1,0.0002,-0.0,-0.0,0.0,0.2645826536239439
1785525101358338500,1,0.0002,-0.0,-0.0,0.0,0.2645826536239439
1785525101378088400,1,0.0002,-0.0,-0.0,0.0,0.2645826536239439
1785525101397652700,1,0.0002,-0.0,-0.0,0.0,0.2645826536239439
1785525101418400800,1,0.0002,-0.0,-0.0,0.0,0.2645826536239439
1785525101437694300,1,0.0002,-0.0,-0.0,0.0,0.2645826536239439
1785525101457872200,1,0.0002,-0.0,-0.0,0.0,0.2645826536239439
1785525101478486100,1,0.0002,-0.0,-0.0,0.0,0.2645826536239439
1785525101498303900,1,0.0002,-0.0,-0.0,0.0,0.2645826536239439
1785525101517835300,1,0.0002,-0.0,-0.0,0.0,0.2645826536239439
1785525101537377500,1,0.0002,-0.0,-0.0,0.0,0.2645826536239439
1785525101558379000,1,0.0002,-0.0,-0.0,0.0,0.2645826536239439
1785525101577641500,1,0.0002,-0.0,-0.0,0.0,0.2645826536239439
1785525101598168300,1,0.0002,-0.0,-0.0,0.0,0.2645826536239439
1785525101617542800,1,0.0002,-0.0,-0.0,0.0,0.2645826536239439
1785525101638457900,1,0.0002,-0.0,-0.0,0.0,0.2645826536239439
1785525101657989800,1,0.0002,-0.0,-0.0,0.0,0.2645826536239439
1785525101678414700,1,0.0002,-0.0,-0.0,0.0,0.2645826536239439
1785525101697569400,1,0.0002,-0.0,-0.0,0.0,0.2645826536239439
1785525101717933700,1,0.0002,-0.0,-0.0,0.0,0.2645826536239439
1785525101737764400,1,0.0002,-0.0,-0.0,0.0,0.2645826536239439
1785525101757483900,1,0.0002,-0.0,-0.0,0.0,0.2645826536239439
1785525101777933100,1,0.0002,-0.0,-0.0,0.0,0.2645826536239439
1785525101797427900,1,0.0002,-0.0,-0.0,0.0,0.2645826536239439
1785525101817813400,1,0.0002,-0.0,-0.0,0.0,0.2645826536239439
1785525101838227800,1,0.0002,-0.0,-0.0,0.0,0.2645826536239439
1785525101857786200,1,0.0002,-0.0,-0.0,0.0,0.2645826536239439
1785525101877912900,1,0.0002,-0.0,-0.0,0.0,0.2645826536239439
1785525101897657900,1,0.0002,-0.0,-0.0,0.0,0.2645826536239439
1785525101917767000,1,0.0002,-0.0,-0.0,0.0,0.2645826536239439
1785525101938016800,1,0.0002,-0.0,-0.0,0.0,0.2645826536239439
1785525101957415400,1,0.0002,-0.0,-0.0,0.0,0.2645826536239439
1785525101977788200,1,0.0002,-0.0,-0.0,0.0,0.2645826536239439
1785525101997891300,1,0.0002,-0.0,-0.0,0.0,0.2645826536239439
1785525102018110300,1,0.0002,-0.0,-0.0,0.0,0.2645826536239439
1785525102038311800,1,0.0002,-0.0,-0.0,0.0,0.2645826536239439
1785525102057531000,1,0.0002,-0.0,-0.0,0.0,0.2645826536239439
1785525102078228300,1,0.0002,-0.0,-0.0,0.0,0.2645826536239439
1785525102097643400,1,0.0002,-0.0,-0.0,0.0,0.2645826536239439
1785525102117586500,1,0.0002,-0.0,-0.0,0.0,0.2645826536239439
1785525102138535700,1,0.0002,-0.0,-0.0,0.0,0.2645826536239439
1785525102157758700,1,0.0002,-0.0,-0.0,0.0,0.2645826536239439
1785525102177510500,1,0.0002,-0.0,-0.0,0.0,0.2645826536239439
1785525102198128100,1,0.0002,-0.0,0.6031919999804813,0.0,0.2645826536239439
1785525102217874400,1,0.0002,-0.0,1.1956049999571405,0.0,0.2645826536239439
1785525102237815200,1,0.0002,-0.0,1.8089519999921322,0.0,0.2645826536239439
1785525102258298300,1,0.0002,-0.0,2.4083189999873866,0.0,0.2645826536239439
1785525102277881800,1,0.0002,-0.0,2.5,0.0,0.2645826536239439
1785525102298235300,1,0.0002,-0.0,2.5,0.0,0.2645826536239439
1785525102317835100,1,0.0002,-0.0,2.5,0.0,0.2645826536239439
1785525102338220200,1,0.0002,-0.0,2.5,0.0,0.2645826536239439
1785525102357387200,1,0.0002,-0.0,2.5,0.0,0.2645826536239439
1785525102378147800,1,0.0002,-0.0,1.8947409999964293,0.0,0.2645826536239439
1785525102397980900,1,0.0002,-0.0,1.297885000021779,0.0,0.2645826536239439
1785525102417659500,1,0.0002,-0.0,0.6916390000333195,0.0,0.2645826536239439
1785525102438280300,1,0.0002,-0.0,0.08841700004268205,0.0,0.2645826536239439
1785525102458572600,1,0.0002,-0.0,-0.0,0.0,0.2645826536239439
1785525102477426800,1,0.0002,-0.0,-0.0,0.0,0.2645826536239439
1785525102498164700,1,0.0002,-0.0,-0.0,0.0,0.2645826536239439
1785525102518381600,1,0.0002,-0.0,-0.0,0.0,0.2645826536239439
1785525102538312800,1,0.0002,-0.0,-0.0,0.0,0.2645826536239439
1785525102557839100,1,0.0002,-0.0,-0.0,0.0,0.2645826536239439
1785525102577685200,1,0.0002,-0.0,-0.0,0.0,0.2645826536239439
1785525102598157300,1,0.0002,-0.0,-0.0,0.0,0.2645826536239439
1785525102618447900,1,0.0002,-0.0,-0.0,0.0,0.2645826536239439
1785525102637485400,1,0.0002,-0.0,-0.0,0.0,0.2645826536239439
1785525102657508900,1,0.0002,-0.0,-0.0,0.0,0.2645826536239439
1785525102678230600,1,0.0002,-0.0,-0.0,0.0,0.2645826536239439
1785525102698041300,1,0.0002,-0.0,-0.0,0.0,0.2645826536239439
1785525102717575800,1,0.0002,-0.0,-0.0,0.0,0.2645826536239439
1785525102738274000,1,0.0002,-0.0,-0.0,0.0,0.2645826536239439
1785525102757781300,1,0.0002,-0.0,-0.0,0.0,0.2645826536239439
1785525102778221000,1,0.0002,-0.0,-0.0,0.0,0.2645826536239439
1785525102798047900,1,0.0002,-0.0,-0.0,0.0,0.2645826536239439
1785525102817856600,1,0.0002,-0.0,-0.0,0.0,0.2645826536239439
1785525102837963200,1,0.0002,-0.0,-0.0,0.0,0.2645826536239439
1785525102857464700,1,0.0002,-0.0,-0.0,0.0,0.2645826536239439
1785525102878421700,1,0.0002,-0.0,-0.0,0.0,0.2645826536239439
1785525102898369200,1,0.0002,-0.0,-0.0,0.0,0.2645826536239439
1785525102918016700,1,0.0002,-0.0,-0.0,0.0,0.2645826536239439
1785525102937465100,1,0.0002,-0.0,-0.0,0.0,0.2645826536239439
1785525102958456300,1,0.0002,-0.0,-0.0,0.0,0.2645826536239439
1785525102978089700,1,0.0002,-0.0,-0.0,0.0,0.2645826536239439
1785525102998679800,1,0.0002,-0.0,-0.0,0.0,0.2645826536239439
1785525103017724700,1,0.0002,-0.0,-0.0,0.0,0.2645826536239439
1785525103038182900,1,0.0002,-0.0,-0.0,0.0,0.2645826536239439
1785525103057607500,1,0.0002,-0.0,-0.0,0.0,0.2645826536239439
1785525103077957000,1,0.0002,-0.0,-0.0,0.0,0.2645826536239439
1785525103097554700,1,0.0002,-0.0,-0.0,0.0,0.2645826536239439
1785525103118132200,1,0.0002,-0.0,-0.0,0.0,0.2645826536239439
1785525103137611000,1,0.0002,-0.0,-0.0,0.0,0.2645826536239439
1785525103157618800,1,0.0002,-0.0,-0.0,0.0,0.2645826536239439
1785525103178460600,1,0.0002,-0.0,-0.0,0.0,0.2645826536239439
1785525103197414300,1,0.0002,-0.0,-0.0,0.0,0.2645826536239439
1785525103217768700,1,0.0002,-0.0,-0.0,0.0,0.2645826536239439
1785525103238368400,1,0.0002,-0.0,-0.0,0.0,0.2645826536239439
1785525103257890300,1,0.0002,-0.0,-0.0,0.0,0.2645826536239439
1785525103278237900,1,0.0002,-0.0,-0.0,0.0,0.2645826536239439
1785525103297642300,1,0.0002,-0.0,-0.0,0.0,0.2645826536239439
1785525103317485600,1,0.0002,-0.0,-0.0,0.0,0.2645826536239439
1785525103338190700,1,0.0002,-0.0,-0.0,0.0,0.2645826536239439
1785525103357739400,1,0.0002,-0.0,-0.0,0.0,0.2645826536239439
1785525103378782200,1,0.0002,-0.0,-0.0,0.0,0.2645826536239439
1785525103397603900,1,0.0002,-0.0,-0.0,0.0,0.2645826536239439
1785525103417820500,1,0.0002,-0.0,-0.0,0.0,0.2645826536239439
1785525103438078100,1,0.0002,-0.0,-0.0,0.0,0.2645826536239439
1785525103457502200,1,0.0002,-0.0,-0.0,0.0,0.2645826536239439
1785525103478203600,1,0.0002,-0.0,-0.0,0.0,0.2645826536239439
1785525103497698000,1,0.0002,-0.0,-0.0,0.0,0.2645826536239439
1785525103518391400,1,0.0002,-0.0,-0.0,0.0,0.2645826536239439
1785525103538081800,1,0.0002,-0.0,-0.0,0.0,0.2645826536239439
1785525103557763200,1,0.0002,-0.0,-0.0,0.0,0.2645826536239439
1785525103577929200,1,0.0002,-0.0,-0.0,0.0,0.2645826536239439
1785525103597979700,1,0.0002,-0.0,-0.0,0.0,0.2645826536239439
1785525103617556100,1,0.0002,-0.0,-0.0,0.0,0.2645826536239439
1785525103638204700,1,0.0002,-0.0,-0.0,0.0,0.2645826536239439
1785525103657728800,1,0.0002,-0.0,-0.6007770000360324,0.0,0.2645826536239439
1785525103678058000,1,0.0002,-0.0,-1.1957310000434518,0.0,0.2645826536239439
1785525103697682100,1,0.0002,-0.0,-1.7993309999656049,0.0,0.2645826536239439
1785525103717722600,1,0.0002,-0.0,-2.4010529999941355,0.0,0.2645826536239439
1785525103738203400,1,0.0002,-0.0,-2.5,0.0,0.2645826536239439
1785525103757533800,1,0.0002,-0.0,-2.5,0.0,0.2645826536239439
1785525103777863200,1,0.0002,-0.0,-2.5,0.0,0.2645826536239439
1785525103798329600,1,0.0002,-0.0,-2.5,0.0,0.2645826536239439
1785525103817868000,1,0.0002,-0.0,-2.5,0.0,0.2645826536239439
1785525103837691700,1,0.0002,-0.0,-2.5,0.0,0.2645826536239439
1785525103857806100,1,0.0002,-0.0,-2.5,0.0,0.2645826536239439
1785525103878353000,1,0.0002,-0.0,-1.8989409999994677,0.0,0.2645826536239439
1785525103897377100,1,0.0002,-0.0,-1.3122520000615623,0.0,0.2645826536239439
1785525103917679800,1,0.0002,-0.0,-0.7039719999738736,0.0,0.2645826536239439
1785525103938310800,1,0.0002,-0.0,-0.09997599998314399,0.0,0.2645826536239439
1785525103958276600,1,0.0002,-0.0,-0.0,0.0,0.2645826536239439
1785525103977426700,1,0.0002,-0.0,-0.0,0.0,0.2645826536239439
1785525103997686200,1,0.0002,-0.0,-0.0,0.0,0.2645826536239439
1785525104017791800,1,0.0002,-0.0,-0.0,0.0,0.2645826536239439
1785525104038491200,1,0.0002,-0.0,-0.0,0.0,0.2645826536239439
1785525104058078100,1,0.0002,-0.0,-0.0,0.0,0.2645826536239439
1785525104077597100,1,0.0002,-0.0,-0.0,0.0,0.2645826536239439
1785525104097958100,1,0.0002,-0.0,-0.0,0.0,0.2645826536239439
1785525104117693600,1,0.0002,-0.0,-0.0,0.0,0.2645826536239439
1785525104137592800,1,0.0002,-0.0,-0.0,0.0,0.2645826536239439
1785525104157683900,1,0.0002,-0.0,-0.0,0.0,0.2645826536239439
1785525104177616400,1,0.0002,-0.0,-0.0,0.0,0.2645826536239439
1785525104198055400,1,0.0002,-0.0,-0.0,0.0,0.2645826536239439
1785525104217868400,1,0.0002,-0.0,-0.0,0.0,0.2645826536239439
1785525104264658100,1,0.0002,-0.0,-0.0,0.0,0.2645826536239439
1785525104284833300,1,0.0002,-0.0,-0.0,0.0,0.2645826536239439
1785525104305037700,1,0.0002,-0.0,-0.0,0.0,0.2645826536239439
1785525104324315700,1,0.0002,-0.0,-0.0,0.0,0.2645826536239439
1785525104345062000,1,0.0002,-0.0,-0.0,0.0,0.2645826536239439
1785525104364421400,1,0.0002,-0.0,-0.0,0.0,0.2645826536239439
1785525104384520900,1,0.0002,-0.0,-0.0,0.0,0.2645826536239439
1785525104404711500,1,0.0002,-0.0,-0.0,0.0,0.2645826536239439
1785525104424520100,1,0.0002,-0.0,-0.0,0.0,0.2645826536239439
1785525104445364600,1,0.0002,-0.0,-0.0,0.0,0.2645826536239439
1785525104464711000,1,0.0002,-0.0,-0.0,0.0,0.2645826536239439
1785525104484237600,1,0.0002,-0.0,-0.0,0.0,0.2645826536239439
1785525104504121800,1,0.0002,-0.0,-0.0,0.0,0.2645826536239439
1785525104525136100,1,0.0002,-0.0,-0.0,0.0,0.2645826536239439
1785525104544753700,1,0.0002,-0.0,-0.0,0.0,0.2645826536239439
1785525104564130000,1,0.0002,-0.0,-0.0,0.0,0.2645826536239439
1785525104584526600,1,0.0002,-0.0,-0.0,0.0,0.2645826536239439
1785525104604663700,1,0.0002,-0.0,-0.0,0.0,0.2645826536239439
1785525104624944200,1,0.0002,-0.0,-0.0,0.0,0.2645826536239439
1785525104644238000,1,0.0002,-0.0,-0.0,0.0,0.2645826536239439
1785525104665182800,1,0.0002,-0.0,-0.0,0.0,0.2645826536239439
1785525104684296100,1,0.0002,-0.0,-0.0,0.0,0.2645826536239439
1785525104704994400,1,0.0002,-0.0,-0.0,0.0,0.2645826536239439
1785525104724761300,1,0.0002,-0.0,-0.0,0.0,0.2645826536239439
1785525104744107500,1,0.0002,-0.0,-0.0,0.0,0.2645826536239439
1785525104764621500,1,0.0002,-0.0,-0.0,0.0,0.2645826536239439
1785525104784094500,1,0.0002,-0.0,-0.0,0.0,0.2645826536239439
1785525104805105700,1,0.0002,-0.0,-0.0,0.0,0.2645826536239439
1785525104824887500,1,0.0002,-0.0,-0.0,0.0,0.2645826536239439
1785525104844167900,1,0.0002,-0.0,-0.0,0.0,0.2645826536239439
1785525104864105200,1,0.0002,-0.0,-0.0,0.0,0.2645826536239439
1785525104884275000,1,0.0002,-0.0,-0.0,0.0,0.2645826536239439
1785525104904805200,1,0.0002,-0.0,-0.0,0.0,0.2645826536239439
1785525104925104800,1,0.0002,-0.0,-0.0,0.0,0.2645826536239439
1785525104944426000,1,0.0002,-0.0,-0.0,0.0,0.2645826536239439
1785525104964674000,1,0.0002,-0.0,-0.0,0.0,0.2645826536239439
1785525104984441800,1,0.0002,-0.0,-0.0,0.0,0.2645826536239439
1785525105004348400,1,0.0002,-0.0,-0.0,0.0,0.2645826536239439
1785525105025031200,1,0.0002,-0.0,-0.0,0.0,0.2645826536239439
1785525105045053800,1,0.0002,-0.0,-0.0,0.0,0.2645826536239439
1785525105064481600,1,0.0002,-0.0,-0.0,0.0,0.2645826536239439
1785525105084927000,1,0.0002,-0.0,-0.0,0.0,0.2645826536239439
1785525105105463600,1,0.0002,-0.0,-0.0,0.0,0.2645826536239439
1785525105124690100,1,0.0002,-0.0,-0.0,0.0,0.2645826536239439
1785525105145037200,1,0.0002,-0.0,-0.0,0.0,0.2645826536239439
1785525105164193100,1,0.0002,-0.0,-0.0,0.0,0.2645826536239439
1785525105184175500,1,0.0002,-0.0,0.6005099999674712,0.0,0.2645826536239439
1785525105204972700,1,0.0002,-0.0,1.208970000006957,0.0,0.2645826536239439
1785525105224211300,1,0.0002,-0.0,1.8007740000393824,0.0,0.2645826536239439
1785525105244271800,1,0.0002,-0.0,2.4027449999994133,0.0,0.2645826536239439
1785525105265403200,1,0.0002,-0.0,2.5,0.0,0.2645826536239439
1785525105284377700,1,0.0002,-0.0,1.9030089999796473,0.0,0.2645826536239439
1785525105304732700,1,0.0002,-0.0,1.308307000035711,0.0,0.2645826536239439
1785525105324721100,1,0.0002,-0.0,0.7117870000001858,0.0,0.2645826536239439
1785525105344986900,1,0.0002,-0.0,0.10072600001876708,0.0,0.2645826536239439
1785525105364989600,1,0.0002,-0.0,-0.0,0.0,0.2645826536239439
1785525105385019500,1,0.0002,-0.0,-0.0,0.0,0.2645826536239439
1785525105404749100,1,0.0002,-0.0,-0.0,0.0,0.2645826536239439
1785525105424368800,1,0.0002,-0.0,-0.0,0.0,0.2645826536239439
1785525105444270400,1,0.0002,-0.0,-0.0,0.0,0.2645826536239439
1785525105464904800,1,0.0002,-0.0,-0.0,0.0,0.2645826536239439
1785525105485073000,1,0.0002,-0.0,-0.0,0.0,0.2645826536239439
1785525105504325300,1,0.0002,-0.0,-0.0,0.0,0.2645826536239439
1785525105524956000,1,0.0002,-0.0,-0.0,0.0,0.2645826536239439
1785525105544382100,1,0.0002,-0.0,-0.0,0.0,0.2645826536239439
1785525105564372400,1,0.0002,-0.0,-0.0,0.0,0.2645826536239439
1785525105584656800,1,0.0002,-0.0,-0.0,0.0,0.2645826536239439
1785525105604376800,1,0.0002,-0.0,-0.0,0.0,0.2645826536239439
1785525105625095000,1,0.0002,-0.0,-0.0,0.0,0.2645826536239439
1785525105644590900,1,0.0002,-0.0,-0.0,0.0,0.2645826536239439
1785525105664157700,1,0.0002,-0.0,-0.0,0.0,0.2645826536239439
1785525105684242200,1,0.0002,-0.0,-0.0,0.0,0.2645826536239439
1785525105704231600,1,0.0002,-0.0,-0.0,0.0,0.2645826536239439
1785525105724526900,1,0.0002,-0.0,-0.0,0.0,0.2645826536239439
1785525105745318900,1,0.0002,-0.0,-0.0,0.0,0.2645826536239439
1785525105764284000,1,0.0002,-0.0,-0.0,0.0,0.2645826536239439
1785525105784121300,1,0.0002,-0.0,-0.0,0.0,0.2645826536239439
1785525105805006200,1,0.0002,-0.0,-0.0,0.0,0.2645826536239439
1785525105824919500,1,0.0002,-0.0,-0.0,0.0,0.2645826536239439
1785525105844141000,1,0.0002,-0.0,-0.0,0.0,0.2645826536239439
1785525105864317500,1,0.0002,-0.0,-0.0,0.0,0.2645826536239439
1785525105885042800,1,0.0002,-0.0,-0.0,0.0,0.2645826536239439
1785525105904273200,1,0.0002,-0.0,-0.0,0.0,0.2645826536239439
1785525105924484800,1,0.0002,-0.0,-0.0,0.0,0.2645826536239439
1785525105944517700,1,0.0002,-0.0,-0.0,0.0,0.2645826536239439
1785525105964152500,1,0.0002,-0.0,-0.0,0.0,0.2645826536239439
1785525105985089500,1,0.0002,-0.0,-0.0,0.0,0.2645826536239439
1785525106004435700,1,0.0002,-0.0,-0.0,0.0,0.2645826536239439
1785525106025036500,1,0.0002,-0.0,-0.0,0.0,0.2645826536239439
1785525106045019900,1,0.0002,-0.0,-0.0,0.0,0.2645826536239439
1785525106064432100,1,0.0002,-0.0,-0.0,0.0,0.2645826536239439
1785525106085128800,1,0.0002,-0.0,-0.0,0.0,0.2645826536239439
1785525106104227400,1,0.0002,-0.0,-0.0,0.0,0.2645826536239439
1785525106124973800,1,0.0002,-0.0,-0.0,0.0,0.2645826536239439
1785525106144423100,1,0.0002,-0.0,-0.0,0.0,0.2645826536239439
1785525106164668200,1,0.0002,-0.0,-0.0,0.0,0.2645826536239439
1785525106184999000,1,0.0002,-0.0,-0.0,0.0,0.2645826536239439
1785525106205520000,1,0.0002,-0.0,-0.0,0.0,0.2645826536239439
1785525106224951200,1,0.0002,-0.0,-0.0,0.0,0.2645826536239439
1785525106244656000,1,0.0002,-0.0,-0.0,0.0,0.2645826536239439
1785525106264895400,1,0.0002,-0.0,-0.0,0.0,0.2645826536239439
1785525106284577700,1,0.0002,-0.0,-0.0,0.0,0.2645826536239439
1785525106305168800,1,0.0002,-0.0,-0.0,0.0,0.2645826536239439
1785525106325011200,1,0.0002,-0.0,-0.0,0.0,0.2645826536239439
1785525106345472400,1,0.0002,-0.0,-0.0,0.0,0.2645826536239439
1785525106364600400,1,0.0002,-0.0,-0.0,0.0,0.2645826536239439
1785525106384571700,1,0.0002,-0.0,-0.0,0.0,0.2645826536239439
1785525106405043400,1,0.0002,-0.0,-0.0,0.0,0.2645826536239439
1785525106424457800,1,0.0002,-0.0,-0.0,0.0,0.2645826536239439
1785525106444458900,1,0.0002,-0.0,-0.0,0.0,0.2645826536239439
1785525106464841500,1,0.0002,-0.0,-0.0,0.0,0.2645826536239439
1785525106484376600,1,0.0002,-0.0,-0.0,0.0,0.2645826536239439
1785525106504821900,1,0.0002,-0.0,-0.0,0.0,0.2645826536239439
1785525106524698000,1,0.0002,-0.0,-0.0,0.0,0.2645826536239439
1785525106544300300,1,0.0002,-0.0,-0.0,0.0,0.2645826536239439
1785525106564650400,1,0.0002,-0.0,-0.0,0.0,0.2645826536239439
1785525106584160100,1,0.0002,-0.0,-0.0,0.0,0.2645826536239439
1785525106605325100,1,0.0002,-0.0,-0.0,0.0,0.2645826536239439
1785525106624830100,1,0.0002,-0.0,-0.0,0.0,0.2645826536239439
1785525106644132300,1,0.0002,-0.0,-0.0,0.0,0.2645826536239439
1785525106664463700,1,0.0002,-0.0,-0.0,0.0,0.2645826536239439
1785525106685205200,1,0.0002,-0.0,-0.0,0.0,0.2645826536239439
1785525106704573600,1,0.0002,-0.0,-0.0,0.0,0.2645826536239439
1785525106724906700,1,0.0002,-0.0,-0.0,0.0,0.2645826536239439
1785525106745077400,1,0.0002,-0.0,-0.0,0.0,0.2645826536239439
1785525106764883200,1,0.0002,-0.0,-0.0,0.0,0.2645826536239439
1785525106785020100,1,0.0002,-0.0,-0.0,0.0,0.2645826536239439
1785525106804873800,1,0.0002,-0.0,-0.0,0.0,0.2645826536239439
1785525106824763300,1,0.0002,-0.0,0.5929019999894081,0.0,0.2645826536239439
1785525106844909400,1,0.0002,-0.0,1.196447999936936,0.0,0.2645826536239439
1785525106864814200,1,0.0002,-0.0,0.6001859999014414,0.0,0.2645826536239439
1785525106884380100,1,0.0002,-0.0,-0.0,0.0,0.2645826536239439
1785525106904767100,1,0.0002,-0.0,-0.0,0.0,0.2645826536239439
1785525106924862600,1,0.0002,-0.0,-0.0,0.0,0.2645826536239439
1785525106944346400,1,0.0002,-0.0,-0.0,0.0,0.2645826536239439
1785525106965285600,1,0.0002,-0.0,-0.0,0.0,0.2645826536239439
1785525106985101200,1,0.0002,-0.0,-0.0,0.0,0.2645826536239439
1785525107004618800,1,0.0002,-0.0,-0.0,0.0,0.2645826536239439
1785525107024363400,1,0.0002,-0.0,-0.0,0.0,0.2645826536239439
1785525107045005400,1,0.0002,-0.0,-0.0,0.0,0.2645826536239439
1785525107064801600,1,0.0002,-0.0,-0.0,0.0,0.2645826536239439
1785525107085245700,1,0.0002,-0.0,-0.0,0.0,0.2645826536239439
1785525107104834900,1,0.0002,-0.0,-0.0,0.0,0.2645826536239439
1785525107125137300,1,0.0002,-0.0,-0.0,0.0,0.2645826536239439
1785525107144399400,1,0.0002,-0.0,-0.0,0.0,0.2645826536239439
1785525107165065200,1,0.0002,-0.0,-0.0,0.0,0.2645826536239439
1785525107185360400,1,0.0002,-0.0,-0.0,0.0,0.2645826536239439
1785525107204537400,1,0.0002,-0.0,-0.0,0.0,0.2645826536239439
1785525107224822100,1,0.0002,-0.0,-0.0,0.0,0.2645826536239439
1785525107244154800,1,0.0002,-0.0,-0.0,0.0,0.2645826536239439
1785525107265094300,1,0.0002,-0.0,-0.0,0.0,0.2645826536239439
1785525107285151800,1,0.0002,-0.0,-0.0,0.0,0.2645826536239439
1785525107304077000,1,0.0002,-0.0,-0.0,0.0,0.2645826536239439
1785525107324458100,1,0.0002,-0.0,-0.0,0.0,0.2645826536239439
1785525107344599800,1,0.0002,-0.0,-0.0,0.0,0.2645826536239439
1785525107364405600,1,0.0002,-0.0,-0.0,0.0,0.2645826536239439
1785525107384413000,1,0.0002,-0.0,-0.0,0.0,0.2645826536239439
1785525107405414300,1,0.0002,-0.0,-0.0,0.0,0.2645826536239439
1785525107425100200,1,0.0002,-0.0,-0.0,0.0,0.2645826536239439
1785525107444934300,1,0.0002,-0.0,-0.0,0.0,0.2645826536239439
1785525107464100500,1,0.0002,-0.0,-0.0,0.0,0.2645826536239439
1785525107484260500,1,0.0002,-0.0,-0.0,0.0,0.2645826536239439
1785525107504581700,1,0.0002,-0.0,-0.0,0.0,0.2645826536239439
1785525107524986400,1,0.0002,-0.0,-0.0,0.0,0.2645826536239439
1785525107544885600,1,0.0002,-0.0,-0.0,0.0,0.2645826536239439
1785525107564809400,1,0.0002,-0.0,-0.0,0.0,0.2645826536239439
1785525107584177100,1,0.0002,-0.0,-0.0,0.0,0.2645826536239439
1785525107605220600,1,0.0002,-0.0,-0.0,0.0,0.2645826536239439
1785525107624364700,1,0.0002,-0.0,-0.0,0.0,0.2645826536239439
1785525107645300800,1,0.0002,-0.0,-0.0,0.0,0.2645826536239439
1785525107664488900,1,0.0002,-0.0,-0.0,0.0,0.2645826536239439
1785525107685084300,1,0.0002,-0.0,-0.0,0.0,0.2645826536239439
1785525107705283700,1,0.0002,-0.0,-0.0,0.0,0.2645826536239439
1785525107724251000,1,0.0002,-0.0,-0.0,0.0,0.2645826536239439
1785525107744956300,1,0.0002,-0.0,-0.0,0.0,0.2645826536239439
1785525107765407700,1,0.0002,-0.0,-0.0,0.0,0.2645826536239439
1785525107784774000,1,0.0002,-0.0,-0.0,0.0,0.2645826536239439
1785525107805126200,1,0.0002,-0.0,-0.0,0.0,0.2645826536239439
1785525107824105000,1,0.0002,-0.0,-0.0,0.0,0.2645826536239439
1785525107844807700,1,0.0002,-0.0,-0.0,0.0,0.2645826536239439
1785525107864330400,1,0.0002,-0.0,-0.0,0.0,0.2645826536239439
1785525107885225600,1,0.0002,-0.0,-0.0,0.0,0.2645826536239439
1785525107904502200,1,0.0002,-0.0,-0.0,0.0,0.2645826536239439
1785525107925261900,1,0.0002,-0.0,-0.0,0.0,0.2645826536239439
1785525107944541700,1,0.0002,-0.0,-0.0,0.0,0.2645826536239439
1785525107964751800,1,0.0002,-0.0,-0.0,0.0,0.2645826536239439
1785525107984433900,1,0.0002,-0.0,-0.0,0.0,0.2645826536239439
1785525108004910700,1,0.0002,-0.0,-0.0,0.0,0.2645826536239439
1785525108024325600,1,0.0002,-0.0,-0.0,0.0,0.2645826536239439
1785525108044834100,1,0.0002,-0.0,-0.0,0.0,0.2645826536239439
1785525108064230300,1,0.0002,-0.0,-0.0,0.0,0.2645826536239439
1785525108084310200,1,0.0002,-0.0,-0.0,0.0,0.2645826536239439
1785525108104838200,1,0.0002,-0.0,-0.0,0.0,0.2645826536239439
1785525108124420300,1,0.0002,-0.0,-0.0,0.0,0.2645826536239439
1785525108144837700,1,0.0002,-0.0,-0.0,0.0,0.2645826536239439
1785525108164091500,1,0.0002,-0.0,-0.0,0.0,0.2645826536239439
1785525108184290300,1,0.0002,-0.0,-0.0,0.0,0.2645826536239439
1785525108204574600,1,0.0002,-0.0,-0.0,0.0,0.2645826536239439
1785525108225043700,1,0.0002,-0.0,-0.0,0.0,0.2645826536239439
1785525108244366100,1,0.0002,-0.0,-0.0,0.0,0.2645826536239439
1785525108264440100,1,0.0002,-0.0,-0.0,0.0,0.2645826536239439
1785525108284088700,1,0.0002,-0.0,-0.0,0.0,0.2645826536239439
1785525108305098500,1,0.0002,-0.0,-0.0,0.0,0.2645826536239439
1785525108325654100,1,0.0002,-0.0,-0.0,0.0,0.2645826536239439
1785525108344802700,1,0.0002,-0.0,-0.0,0.0,0.2645826536239439
1785525108364110800,1,0.0002,-0.0,-0.0,0.0,0.2645826536239439
1785525108384676400,1,0.0002,-0.0,-0.0,0.0,0.2645826536239439
1785525108404449600,1,0.0002,-0.0,-0.0,0.0,0.2645826536239439
1785525108424892500,1,0.0002,-0.0,-0.0,0.0,0.2645826536239439
1785525108444849400,1,0.0002,-0.0,-0.0,0.0,0.2645826536239439
1785525108465368700,1,0.0002,-0.0,-0.0,0.0,0.2645826536239439
1785525108484585800,1,0.0002,-0.0,-0.0,0.0,0.2645826536239439
1785525108505144000,1,0.0002,-0.0,-0.0,0.0,0.2645826536239439
1785525108524872700,1,0.0002,-0.0,-0.0,0.0,0.2645826536239439
1785525108544561100,1,0.0002,-0.0,-0.0,0.0,0.2645826536239439
1785525108564695200,1,0.0002,-0.0,-0.0,0.0,0.2645826536239439
1785525108584448100,1,0.0002,-0.0,-0.0,0.0,0.2645826536239439
1785525108605003300,1,0.0002,-0.0,-0.0,0.0,0.2645826536239439
1785525108624291600,1,0.0002,-0.0,-0.0,0.0,0.2645826536239439
1785525108645260000,1,0.0002,-0.0,-0.0,0.0,0.2645826536239439
1785525108664840100,1,0.0002,-0.0,-0.0,0.0,0.2645826536239439
1785525108684346000,1,0.0002,-0.0,-0.0,0.0,0.2645826536239439
1785525108704920900,1,0.0002,-0.0,-0.0,0.0,0.2645826536239439
1785525108724250500,1,0.0002,-0.0,-0.0,0.0,0.2645826536239439
1785525108744394800,1,0.0002,-0.0,-0.0,0.0,0.2645826536239439
1785525108764515800,1,0.0002,-0.0,-0.0,0.0,0.2645826536239439
1785525108784265800,1,0.0002,-0.0,-0.0,0.0,0.2645826536239439
1785525108805121800,1,0.0002,-0.0,-0.0,0.0,0.2645826536239439
1785525108825006800,1,0.0002,-0.0,-0.0,0.0,0.2645826536239439
1785525108844183100,1,0.0002,-0.0,-0.0,0.0,0.2645826536239439
1785525108864875900,1,0.0002,-0.0,-0.0,0.0,0.2645826536239439
1785525108884746100,1,0.0002,-0.0,-0.0,0.0,0.2645826536239439
1785525108904889700,1,0.0002,-0.0,-0.0,0.0,0.2645826536239439
1785525108924504000,1,0.0002,-0.0,-0.0,0.0,0.2645826536239439
1785525108944657700,1,0.0002,-0.0,-0.0,0.0,0.2645826536239439
1785525108964431500,1,0.0002,-0.0,-0.0,0.0,0.2645826536239439
1785525108984095300,1,0.0002,-0.0,-0.0,0.0,0.2645826536239439
1785525109004239400,1,0.0002,-0.0,-0.0,0.0,0.2645826536239439
1785525109024693300,1,0.0002,-0.0,-0.0,0.0,0.2645826536239439
1785525109044502900,1,0.0002,-0.0,-0.0,0.0,0.2645826536239439
1785525109064916800,1,0.0002,-0.0,-0.0,0.0,0.2645826536239439
1785525109084967300,1,0.0002,-0.0,-0.0,0.0,0.2645826536239439
1785525109104815400,1,0.0002,-0.0,-0.0,0.0,0.2645826536239439
1785525109124928000,1,0.0002,-0.0,-0.0,0.0,0.2645826536239439
1785525109144151200,1,0.0002,-0.0,-0.0,0.0,0.2645826536239439
1785525109164582300,1,0.0002,-0.0,-0.0,0.0,0.2645826536239439
1785525109184973900,1,0.0002,-0.0,-0.0,0.0,0.2645826536239439
1785525109204381100,1,0.0002,-0.0,-0.0,0.0,0.2645826536239439
1785525109224130400,1,0.0002,-0.0,-0.0,0.0,0.2645826536239439
1785525109244594400,1,0.0002,-0.0,-0.0,0.0,0.2645826536239439
1785525109264936000,1,0.0002,-0.0,-0.0,0.0,0.2645826536239439
1785525109284542000,1,0.0002,-0.0,-0.0,0.0,0.2645826536239439
1785525109304978100,1,0.0002,-0.0,-0.0,0.0,0.2645826536239439
1785525109324827600,1,0.0002,-0.0,-0.0,0.0,0.2645826536239439
1785525109344991200,1,0.0002,-0.0,-0.0,0.0,0.2645826536239439
1785525109364378000,1,0.0002,-0.0,-0.0,0.0,0.2645826536239439
1785525109385049900,1,0.0002,-0.0,-0.0,0.0,0.2645826536239439
1785525109405219800,1,0.0002,-0.0,-0.0,0.0,0.26216994083362166
1785525109424393200,1,0.0002,-0.0,-0.0,0.0,0.25739672717131323
1785525109445188400,1,0.0002,-0.0,-0.0,0.0,0.25012268471441423
1785525109464504400,1,0.0002,-0.0,-0.0,0.0,0.24053559448522202
1785525109485048400,1,0.0002,-0.0,-0.0,0.0,0.23337257747876883
1785525109504544300,1,0.0002,-0.0,-0.0,0.0,0.2285119278672455
1785525109524706900,1,0.0002,-0.0,-0.0,0.0,0.22610849218719142
1785525109544849600,1,0.0002,-0.0,-0.0,0.0,0.22606603852842264
1785525109564243900,1,0.0002,-0.0,-0.0,0.0,0.22606603852842264
1785525109584433000,1,0.0002,-0.0,-0.0,0.0,0.22606603852842264
1785525109604461400,1,0.0002,-0.0,-0.0,0.0,0.22606603852842264
1785525109624407100,1,0.0002,-0.0,-0.0,0.0,0.22606603852842264
1785525109645103400,1,0.0002,-0.0,-0.0,0.0,0.22606603852842264
1785525109664185700,1,0.0002,-0.0,-0.0,0.0,0.22606603852842264
1785525109684533800,1,0.0002,-0.0,-0.0,0.0,0.22606603852842264
1785525109704987600,1,0.0002,-0.0,-0.0,0.0,0.22606603852842264
1785525109724509100,1,0.0002,-0.0,-0.0,0.0,0.22606603852842264
1785525109744939100,1,0.0002,-0.0,-0.0,0.0,0.22606603852842264
1785525109764517000,1,0.0002,-0.0,-0.0,0.0,0.22606603852842264
1785525109784333400,1,0.0002,-0.0,-0.0,0.0,0.22606603852842264
1785525109804966500,1,0.0002,-0.0,-0.0,0.0,0.22606603852842264
1785525109824259300,1,0.0002,-0.0,-0.0,0.0,0.22606603852842264
1785525109845062000,1,0.0002,-0.0,-0.0,0.0,0.22606603852842264
1785525109864218700,1,0.0002,-0.0,-0.0,0.0,0.22606603852842264
1785525109884809700,1,0.0002,-0.0,-0.0,0.0,0.22606603852842264
1785525109904515600,1,0.0002,-0.0,-0.0,0.0,0.22606603852842264
1785525109925194000,1,0.0002,-0.0,-0.0,0.0,0.22606603852842264
1785525109944719800,1,0.0002,-0.0,-0.0,0.0,0.22606603852842264
1785525109964124200,1,0.0002,-0.0,-0.0,0.0,0.22606603852842264
1785525109984859600,1,0.0002,-0.0,-0.0,0.0,0.22606603852842264
1785525110005229300,1,0.0002,-0.0,-0.0,0.0,0.22606603852842264
1785525110024371400,1,0.0002,-0.0,-0.0,0.0,0.22606603852842264
1785525110044396700,1,0.0002,-0.0,-0.0,0.0,0.22606603852842264
1785525110064318100,1,0.0002,-0.0,-0.0,0.0,0.22606603852842264
1785525110084443300,1,0.0002,-0.0,-0.0,0.0,0.22606603852842264
1785525110104688200,1,0.0002,-0.0,-0.0,0.0,0.22606603852842264
1785525110124914200,1,0.0002,-0.0,-0.0,0.0,0.22606603852842264
1785525110144715000,1,0.0002,-0.0,-0.0,0.0,0.22606603852842264
1785525110164806200,1,0.0002,-0.0,-0.0,0.0,0.22606603852842264
1785525110184487600,1,0.0002,-0.0,-0.0,0.0,0.22606603852842264
1785525110204347100,1,0.0002,-0.0,-0.0,0.0,0.22606603852842264
1785525110225109800,1,0.0002,-0.0,-0.0,0.0,0.22606603852842264
1785525110244096700,1,0.0002,-0.0,-0.0,0.0,0.22606603852842264
1785525110264971300,1,0.0002,-0.0,-0.0,0.0,0.22606603852842264
1785525110284133500,1,0.0002,-0.0,-0.0,0.0,0.22606603852842264
1785525110304926200,1,0.0002,-0.0,-0.0,0.0,0.22606603852842264
1785525110324320800,1,0.0002,-0.0,-0.0,0.0,0.22606603852842264
1785525110344577400,1,0.0002,-0.0,-0.0,0.0,0.22606603852842264
1785525110365244300,1,0.0002,-0.0,-0.0,0.0,0.22606603852842264
1785525110384791900,1,0.0002,-0.0,-0.0,0.0,0.22606603852842264
1785525110404306100,1,0.0002,-0.0,-0.0,0.0,0.22606603852842264
1785525110424936600,1,0.0002,-0.0,-0.0,0.0,0.22606603852842264
1785525110444492300,1,0.0002,-0.0,-0.0,0.0,0.22606603852842264
1785525110464051800,1,0.0002,-0.0,-0.0,0.0,0.22606603852842264
1785525110484581600,1,0.0002,-0.0,-0.0,0.0,0.22606603852842264
1785525110505228800,1,0.0002,-0.0,-0.0,0.0,0.22606603852842264
1785525110524735100,1,0.0002,-0.0,-0.0,0.0,0.22606603852842264
1785525110544250800,1,0.0002,-0.0,-0.0,0.0,0.22606603852842264
1785525110564191000,1,0.0002,-0.0,-0.0,0.0,0.22606603852842264
1785525110584854000,1,0.0002,-0.0,-0.0,0.0,0.22606603852842264
1785525110605446300,1,0.0002,-0.0,-0.0,0.0,0.22606603852842264
1785525110624517400,1,0.0002,-0.0,-0.0,0.0,0.22606603852842264
1785525110644766000,1,0.0002,-0.0,-0.0,0.0,0.22606603852842264
1785525110664552900,1,0.0002,-0.0,-0.0,0.0,0.22606603852842264
1785525110684110700,1,0.0002,-0.0,-0.0,0.0,0.22606603852842264
1785525110705031100,1,0.0002,-0.0,-0.0,0.0,0.22606603852842264
1785525110724834100,1,0.0002,-0.0,-0.0,0.0,0.22606603852842264
1785525110744222300,1,0.0002,-0.0,-0.0,0.0,0.22606603852842264
1785525110765028600,1,0.0002,-0.0,-0.0,0.0,0.22850280224944042
1785525110784906500,1,0.0002,-0.0,-0.0,0.0,0.2333368615747692
1785525110804433700,1,0.0002,-0.0,-0.0,0.0,0.2405697908115099
1785525110825346400,1,0.0002,-0.0,-0.0,0.0,0.25023159345988166
1785525110845218300,1,0.0002,-0.0,-0.0,0.0,0.2602275934605648
1785525110864546000,1,0.0002,-0.0,-0.0,0.0,0.26784021528865615
1785525110885293000,1,0.0002,-0.0,-0.0,0.0,0.2730199860465155
1785525110905033800,1,0.0002,-0.0,-0.0,0.0,0.27582829083583293
1785525110924217600,1,0.0002,-0.0,-0.0,0.0,0.27625445000653936
1785525110944860800,1,0.0002,-0.0,-0.0,0.0,0.27625445000653936
1785525110964973600,1,0.0002,-0.0,-0.0,0.0,0.27625445000653936
1785525110984057900,1,0.0002,-0.0,-0.0,0.0,0.27625445000653936
1785525111005280800,1,0.0002,-0.0,-0.0,0.0,0.27625445000653936
1785525111024895200,1,0.0002,-0.0,-0.0,0.0,0.27625445000653936
1785525111044690000,1,0.0002,-0.0,-0.0,0.0,0.27625445000653936
1785525111064467400,1,0.0002,-0.0,-0.0,0.0,0.27625445000653936
1785525111084270000,1,0.0002,-0.0,-0.0,0.0,0.27625445000653936
1785525111104671300,1,0.0002,-0.0,-0.0,0.0,0.27625445000653936
1785525111124553800,1,0.0002,-0.0,-0.0,0.0,0.27625445000653936
1785525111144903000,1,0.0002,-0.0,-0.0,0.0,0.27625445000653936
1785525111164837400,1,0.0002,-0.0,-0.0,0.0,0.27625445000653936
1785525111184975800,1,0.0002,-0.0,-0.0,0.0,0.27625445000653936
1785525111204576900,1,0.0002,-0.0,-0.0,0.0,0.27625445000653936
1785525111225257900,1,0.0002,-0.0,-0.0,0.0,0.27625445000653936
1785525111244473100,1,0.0002,-0.0,-0.0,0.0,0.27625445000653936
1785525111264678600,1,0.0002,-0.0,-0.0,0.0,0.27625445000653936
1785525111284238100,1,0.0002,-0.0,-0.0,0.0,0.27625445000653936
1785525111304871200,1,0.0002,-0.0,-0.0,0.0,0.27625445000653936
1785525111325009000,1,0.0002,-0.0,-0.0,0.0,0.27625445000653936
1785525111344168000,1,0.0002,-0.0,-0.0,0.0,0.27625445000653936
1785525111364079000,1,0.0002,-0.0,-0.0,0.0,0.27625445000653936
1785525111385026800,1,0.0002,-0.0,-0.0,0.0,0.27625445000653936
1785525111404959200,1,0.0002,-0.0,-0.0,0.0,0.27625445000653936
1785525111424817000,1,0.0002,-0.0,-0.0,0.0,0.27625445000653936
1785525111444853300,1,0.0002,-0.0,-0.0,0.0,0.27625445000653936
1785525111464541500,1,0.0002,-0.0,-0.0,0.0,0.27625445000653936
1785525111484987200,1,0.0002,-0.0,-0.0,0.0,0.27625445000653936
1785525111504233200,1,0.0002,-0.0,-0.0,0.0,0.27625445000653936
1785525111524442200,1,0.0002,-0.0,-0.0,0.0,0.27625445000653936
1785525111544607100,1,0.0002,-0.0,-0.0,0.0,0.27625445000653936
1785525111564926700,1,0.0002,-0.0,-0.0,0.0,0.27625445000653936
1785525111584356900,1,0.0002,-0.0,-0.0,0.0,0.27625445000653936
1785525111604726100,1,0.0002,-0.0,-0.0,0.0,0.27625445000653936
1785525111624439400,1,0.0002,-0.0,-0.0,0.0,0.27625445000653936
1785525111644821300,1,0.0002,-0.0,-0.0,0.0,0.27625445000653936
1785525111664185500,1,0.0002,-0.0,-0.0,0.0,0.27625445000653936
1785525111684315600,1,0.0002,-0.0,-0.0,0.0,0.27625445000653936
1785525111704225300,1,0.0002,-0.0,-0.0,0.0,0.27625445000653936
1785525111725055800,1,0.0002,-0.0,-0.0,0.0,0.27625445000653936
1785525111744350000,1,0.0002,-0.0,-0.0,0.0,0.27625445000653936
1785525111764756100,1,0.0002,-0.0,-0.0,0.0,0.27625445000653936
1785525111785429400,1,0.0002,-0.0,-0.0,0.0,0.27625445000653936
1785525111804928500,1,0.0002,-0.0,-0.0,0.0,0.27625445000653936
1785525111824536700,1,0.0002,-0.0,-0.0,0.0,0.27625445000653936
1785525111844990000,1,0.0002,-0.0,-0.0,0.0,0.27625445000653936
1785525111864141900,1,0.0002,-0.0,-0.0,0.0,0.27625445000653936
1785525111884864800,1,0.0002,-0.0,-0.0,0.0,0.27625445000653936
1785525111904224800,1,0.0002,-0.0,-0.0,0.0,0.27625445000653936
1785525111924869400,1,0.0002,-0.0,-0.0,0.0,0.27625445000653936
1785525111944824300,1,0.0002,-0.0,-0.0,0.0,0.27625445000653936
1785525111964294400,1,0.0002,-0.0,-0.0,0.0,0.27625445000653936
1785525111984503500,1,0.0002,-0.0,-0.0,0.0,0.27625445000653936
1785525112004106300,1,0.0002,-0.0,-0.0,0.0,0.27625445000653936
1785525112024815700,1,0.0002,-0.0,-0.0,0.0,0.27625445000653936
1785525112044509500,1,0.0002,-0.0,-0.0,0.0,0.27625445000653936
1785525112065154500,1,0.0002,-0.0,-0.0,0.0,0.27625445000653936
1785525112084563200,1,0.0002,-0.0,-0.0,0.0,0.27625445000653936
1785525112104305100,1,0.0002,-0.0,-0.0,0.0,0.27625445000653936
1785525112124561400,1,0.0002,-0.0,-0.0,0.0,0.27625445000653936
1785525112144162000,1,0.0002,-0.0,-0.0,0.0,0.27625445000653936
1785525112164562200,1,0.0002,-0.0,-0.0,0.0,0.27625445000653936
1785525112184847000,1,0.0002,-0.0,-0.0,0.0,0.27625445000653936
1785525112204273600,1,0.0002,-0.0,-0.0,0.0,0.27625445000653936
1785525112224324700,1,0.0002,-0.0,-0.0,0.0,0.27625445000653936
1785525112245303600,1,0.0002,-0.0,-0.0,0.0,0.27625445000653936
1785525112264242800,1,0.0002,-0.0,-0.0,0.0,0.27625445000653936
1785525112285184500,1,0.0002,-0.0,-0.0,0.0,0.27625445000653936
1785525112304090200,1,0.0002,-0.0,-0.0,0.0,0.27625445000653936
1785525112324282900,1,0.0002,-0.0,-0.0,0.0,0.27625445000653936
1785525112344843600,1,0.0002,-0.0,-0.0,0.0,0.27625445000653936
1785525112364394900,1,0.0002,-0.0,-0.0,0.0,0.27625445000653936
1785525112384383100,1,0.0002,-0.0,-0.0,0.0,0.27625445000653936
1785525112404452600,1,0.0002,-0.0,-0.0,0.0,0.27625445000653936
1785525112425318800,1,0.0002,-0.0,-0.0,0.0,0.27625445000653936
1785525112444385200,1,0.0002,-0.0,-0.0,0.0,0.27625445000653936
1785525112464649900,1,0.0002,-0.0,-0.0,0.0,0.27625445000653936
1785525112484523100,1,0.0002,-0.0,-0.0,0.0,0.27625445000653936
1785525112504777000,1,0.0002,-0.0,-0.0,0.0,0.27625445000653936
1785525112524560700,1,0.0002,-0.0,-0.0,0.0,0.27625445000653936
1785525112544209900,1,0.0002,-0.0,-0.0,0.0,0.27625445000653936
1785525112564570400,1,0.0002,-0.0,-0.0,0.0,0.27625445000653936
1785525112584986800,1,0.0002,-0.0,-0.0,0.0,0.27625445000653936
1785525112604529700,1,0.0002,-0.0,-0.0,0.0,0.27625445000653936
1785525112624270700,1,0.0002,-0.0,-0.0,0.0,0.27625445000653936
1785525112644817000,1,0.0002,-0.0,-0.0,0.0,0.27625445000653936
1785525112665080700,1,0.0002,-0.0,-0.0,0.0,0.27625445000653936
1785525112684562100,1,0.0002,-0.0,-0.0,0.0,0.27625445000653936
1785525112704716600,1,0.0002,-0.0,-0.0,0.0,0.27625445000653936
1785525112724156100,1,0.0002,-0.0,-0.0,0.0,0.27625445000653936
1785525112745144400,1,0.0002,-0.0,-0.0,0.0,0.27625445000653936
1785525112764855400,1,0.0002,-0.0,-0.0,0.0,0.27625445000653936
1785525112784168300,1,0.0002,-0.0,-0.0,0.0,0.27625445000653936
1785525112804166100,1,0.0002,-0.0,-0.0,0.0,0.27625445000653936
1785525112824946500,1,0.0002,-0.0,-0.0,0.0,0.27625445000653936
1785525112844184300,1,0.0002,-0.0,-0.0,0.0,0.27625445000653936
1785525112864637400,1,0.0002,-0.0,-0.0,0.0,0.27625445000653936
1785525112884236200,1,0.0002,-0.0,-0.0,0.0,0.27625445000653936
1785525112904225300,1,0.0002,-0.0,-0.0,0.0,0.27625445000653936
1785525112925308800,1,0.0002,-0.0,-0.0,0.0,0.27625445000653936
1785525112944302600,1,0.0002,-0.0,-0.0,0.0,0.27625445000653936
1785525112964549500,1,0.0002,-0.0,-0.0,0.0,0.27625445000653936
1785525112984051200,1,0.0002,-0.0,-0.0,0.0,0.27625445000653936
1785525113004811100,1,0.0002,-0.0,-0.0,0.0,0.27625445000653936
1785525113024582100,1,0.0002,-0.0,-0.0,0.0,0.27625445000653936
1785525113044522000,1,0.0002,-0.0,-0.0,0.0,0.27625445000653936
1785525113065248400,1,0.0002,-0.0,-0.0,0.0,0.27625445000653936
1785525113084046300,1,0.0002,-0.0,-0.0,0.0,0.27625445000653936
1785525113104301600,1,0.0002,-0.0,-0.0,0.0,0.2787143876256404
1785525113124686500,1,0.0002,-0.0,-0.0,0.0,0.28345858464985385
1785525113144115500,1,0.0002,-0.0,-0.0,0.0,0.2906850644945207
1785525113164977400,1,0.0002,-0.0,-0.0,0.0,0.30037655419261927
1785525113184402600,1,0.0002,-0.0,-0.0,0.0,0.307637057179905
1785525113205122100,1,0.0002,-0.0,-0.0,0.0,0.31242444358190236
1785525113224308400,1,0.0002,-0.0,-0.0,0.0,0.3148493956625444
1785525113244802200,1,0.0002,-0.0,-0.0,0.0,0.3148873510480089
1785525113264190700,1,0.0002,-0.0,-0.0,0.0,0.3148873510480089
1785525113284997100,1,0.0002,-0.0,-0.0,0.0,0.3148873510480089
1785525113304837100,1,0.0002,-0.0,-0.0,0.0,0.3148873510480089
1785525113325191400,1,0.0002,-0.0,-0.0,0.0,0.3148873510480089
1785525113344413400,1,0.0002,-0.0,-0.0,0.0,0.3148873510480089
1785525113365138300,1,0.0002,-0.0,-0.0,0.0,0.3148873510480089
1785525113384048100,1,0.0002,-0.0,-0.0,0.0,0.3148873510480089
1785525113404808200,1,0.0002,-0.0,-0.0,0.0,0.3148873510480089
1785525113424449500,1,0.0002,-0.0,-0.0,0.0,0.3148873510480089
1785525113444785600,1,0.0002,-0.0,-0.0,0.0,0.3148873510480089
1785525113464681100,1,0.0002,-0.0,-0.0,0.0,0.3148873510480089
1785525113484780300,1,0.0002,-0.0,-0.0,0.0,0.3148873510480089
1785525113504331600,1,0.0002,-0.0,-0.0,0.0,0.3148873510480089
1785525113524254100,1,0.0002,-0.0,-0.0,0.0,0.3148873510480089
1785525113544177100,1,0.0002,-0.0,-0.0,0.0,0.3148873510480089
1785525113564414700,1,0.0002,-0.0,-0.0,0.0,0.3148873510480089
1785525113584657100,1,0.0002,-0.0,-0.0,0.0,0.3148873510480089
1785525113604470900,1,0.0002,-0.0,-0.0,0.0,0.3148873510480089
1785525113624993600,1,0.0002,-0.0,-0.0,0.0,0.3148873510480089
1785525113644226700,1,0.0002,-0.0,-0.0,0.0,0.3148873510480089
1785525113664433100,1,0.0002,-0.0,-0.0,0.0,0.3148873510480089
1785525113684108500,1,0.0002,-0.0,-0.0,0.0,0.3148873510480089
1785525113704888100,1,0.0002,-0.0,-0.0,0.0,0.3148873510480089
1785525113724517700,1,0.0002,-0.0,-0.0,0.0,0.3148873510480089
1785525113744107900,1,0.0002,-0.0,-0.0,0.0,0.3148873510480089
1785525113764546700,1,0.0002,-0.0,-0.0,0.0,0.3148873510480089
1785525113784472300,1,0.0002,-0.0,-0.0,0.0,0.3148873510480089
1785525113804956800,1,0.0002,-0.0,-0.0,0.0,0.3148873510480089
1785525113824490500,1,0.0002,-0.0,-0.0,0.0,0.3148873510480089
1785525113844162400,1,0.0002,-0.0,-0.0,0.0,0.3148873510480089
1785525113864120900,1,0.0002,-0.0,-0.0,0.0,0.3148873510480089
1785525113885270500,1,0.0002,-0.0,-0.0,0.0,0.3148873510480089
1785525113904536200,1,0.0002,-0.0,-0.0,0.0,0.3148873510480089
1785525113925055600,1,0.0002,-0.0,-0.0,0.0,0.3148873510480089
1785525113945010800,1,0.0002,-0.0,-0.0,0.0,0.3148873510480089
1785525113964950100,1,0.0002,-0.0,-0.0,0.0,0.3148873510480089
1785525113984816200,1,0.0002,-0.0,-0.0,0.0,0.3148873510480089
1785525114005166100,1,0.0002,-0.0,-0.0,0.0,0.3148873510480089
1785525114024982200,1,0.0002,-0.0,-0.0,0.0,0.3148873510480089
1785525114044870400,1,0.0002,-0.0,-0.0,0.0,0.3148873510480089
1785525114064988200,1,0.0002,-0.0,-0.0,0.0,0.3148873510480089
1785525114084529400,1,0.0002,-0.0,-0.0,0.0,0.3148873510480089
1785525114105058500,1,0.0002,-0.0,-0.0,0.0,0.3148873510480089
1785525114124926000,1,0.0002,-0.0,-0.0,0.0,0.3148873510480089
1785525114144139800,1,0.0002,-0.0,-0.0,0.0,0.3148873510480089
1785525114164483600,1,0.0002,-0.0,-0.0,0.0,0.3148873510480089
1785525114184226900,1,0.0002,-0.0,-0.0,0.0,0.3148873510480089
1785525114204233400,1,0.0002,-0.0,-0.0,0.0,0.3148873510480089
1785525114225544900,1,0.0002,-0.0,-0.0,0.0,0.3148873510480089
1785525114244562800,1,0.0002,-0.0,-0.0,0.0,0.3124941142764854
1785525114264819400,1,0.0002,-0.0,-0.0,0.0,0.30778808005565
1785525114285149100,1,0.0002,-0.0,-0.0,0.0,0.30055207834770425
1785525114304125300,1,0.0002,-0.0,-0.0,0.0,0.2958096664727033
1785525114324705600,1,0.0002,-0.0,-0.0,0.0,0.29338495625067484
1785525114344153600,1,0.0002,-0.0,-0.0,0.0,0.29336814070656414
1785525114364941500,1,0.0002,-0.0,-0.0,0.0,0.29336814070656414
1785525114385230400,1,0.0002,-0.0,-0.0,0.0,0.29336814070656414
1785525114404325500,1,0.0002,-0.0,-0.0,0.0,0.29336814070656414
1785525114424211700,1,0.0002,-0.0,-0.0,0.0,0.29336814070656414
1785525114444090200,1,0.0002,-0.0,-0.0,0.0,0.29336814070656414
1785525114465085000,1,0.0002,-0.0,-0.0,0.0,0.29336814070656414
1785525114484381800,1,0.0002,-0.0,-0.0,0.0,0.29336814070656414
1785525114504745800,1,0.0002,-0.0,-0.0,0.0,0.29336814070656414
1785525114524531100,1,0.0002,-0.0,-0.0,0.0,0.29336814070656414
1785525114545052800,1,0.0002,-0.0,-0.0,0.0,0.29336814070656414
1785525114564563800,1,0.0002,-0.0,-0.0,0.0,0.29336814070656414
1785525114585265600,1,0.0002,-0.0,-0.0,0.0,0.29336814070656414
1785525114604237200,1,0.0002,-0.0,-0.0,0.0,0.29336814070656414
1785525114624938300,1,0.0002,-0.0,-0.0,0.0,0.29336814070656414
1785525114644665400,1,0.0002,-0.0,-0.0,0.0,0.29336814070656414
1785525114664306500,1,0.0002,-0.0,-0.0,0.0,0.29336814070656414
1785525114685005600,1,0.0002,-0.0,-0.0,0.0,0.29336814070656414
1785525114705052200,1,0.0002,-0.0,-0.0,0.0,0.29336814070656414
1785525114725126100,1,0.0002,-0.0,-0.0,0.0,0.29336814070656414
1785525114744947500,1,0.0002,-0.0,-0.0,0.0,0.29336814070656414
1785525114764828100,1,0.0002,-0.0,-0.0,0.0,0.29336814070656414
1785525114784687700,1,0.0002,-0.0,-0.0,0.0,0.29103818209076926
1785525114804221800,1,0.0002,-0.0,-0.0,0.0,0.28621177608368187
1785525114824953600,1,0.0002,-0.0,-0.0,0.0,0.27899455434897646
1785525114845244500,1,0.0002,-0.0,-0.0,0.0,0.269406646849349
1785525114864423800,1,0.0002,-0.0,-0.0,0.0,0.25933359684950275
1785525114884744800,1,0.0002,-0.0,-0.0,0.0,0.25163985407911843
1785525114905043400,1,0.0002,-0.0,-0.0,0.0,0.2465539528076328
1785525114924339300,1,0.0002,-0.0,-0.0,0.0,0.2437363513977108
1785525114945365800,1,0.0002,-0.0,-0.0,0.0,0.24334964197104356
1785525114964135600,1,0.0002,-0.0,-0.0,0.0,0.24334964197104356
1785525114984522300,1,0.0002,-0.0,-0.0,0.0,0.24334964197104356
1785525115004866700,1,0.0002,-0.0,-0.0,0.0,0.24334964197104356
1785525115024885100,1,0.0002,-0.0,-0.0,0.0,0.24334964197104356
1785525115044996200,1,0.0002,-0.0,-0.0,0.0,0.24334964197104356
1785525115064529300,1,0.0002,-0.0,-0.0,0.0,0.24334964197104356
1785525115084978800,1,0.0002,-0.0,-0.0,0.0,0.24334964197104356
1785525115105168900,1,0.0002,-0.0,-0.0,0.0,0.24334964197104356
1785525115125004000,1,0.0002,-0.0,-0.0,0.0,0.24334964197104356
1785525115144317700,1,0.0002,-0.0,-0.0,0.0,0.24334964197104356
1785525115164477100,1,0.0002,-0.0,-0.0,0.0,0.24334964197104356
1785525115184958200,1,0.0002,-0.0,-0.0,0.0,0.24334964197104356
1785525115204108300,1,0.0002,-0.0,-0.0,0.0,0.24334964197104356
1785525115224936500,1,0.0002,-0.0,-0.0,0.0,0.24334964197104356
1785525115244516200,1,0.0002,-0.0,-0.0,0.0,0.24334964197104356
1785525115265031500,1,0.0002,-0.0,-0.0,0.0,0.24334964197104356
1785525115284936200,1,0.0002,-0.0,-0.0,0.0,0.24334964197104356
1785525115304272300,1,0.0002,-0.0,-0.0,0.0,0.24334964197104356
1785525115325160500,1,0.0002,-0.0,-0.0,0.0,0.24580532930597299
1785525115344583800,1,0.0002,-0.0,-0.0,0.0,0.25066391927543236
1785525115364789300,1,0.0002,-0.0,-0.0,0.0,0.2577612185038012
1785525115385348700,1,0.0002,-0.0,-0.0,0.0,0.2675427730996329
1785525115404712300,1,0.0002,-0.0,-0.0,0.0,0.2773405730990657
1785525115424411900,1,0.0002,-0.0,-0.0,0.0,0.2874539231001858
1785525115444597900,1,0.0002,-0.0,-0.0,0.0,0.29729377309966587
1785525115464440300,1,0.0002,-0.0,-0.0,0.0,0.30746687309918563
1785525115485032100,1,0.0002,-0.0,-0.0,0.0,0.31751232309987465
1785525115504533400,1,0.0002,-0.0,-0.0,0.0,0.3275108230995851
1785525115525225400,1,0.0002,-0.0,-0.0,0.0,0.3373994230991979
1785525115544387800,1,0.0002,-0.0,-0.0,0.0,0.34744712309882964
1785525115564584500,1,0.0002,-0.0,-0.0,0.0,0.35728877309928286
1785525115584824900,1,0.0002,-0.0,-0.0,0.0,0.3672752730985689
1785525115604445000,1,0.0002,-0.0,-0.0,0.0,0.3774929230989823
1785525115624529100,1,0.0002,-0.0,-0.0,0.0,0.3875148730989917
1785525115644710500,1,0.0002,-0.0,-0.0,0.0,0.3972901230995216
1785525115664716100,1,0.0002,-0.0,-0.0,0.0,0.40735067309877415
1785525115684126900,1,0.0002,-0.0,-0.0,0.0,0.4173117230989032
1785525115705025400,1,0.0002,-0.0,-0.0,0.0,0.4273441730988292
1785525115724732200,1,0.0002,-0.0,-0.0,0.0,0.43736267309985344
1785525115744351100,1,0.0002,-0.0,-0.0,0.0,0.4449967076616554
1785525115764706700,1,0.0002,-0.0,-0.0,0.0,0.4501614429750553
1785525115784502400,1,0.0002,-0.0,-0.0,0.0,0.45296746744915917
1785525115804079200,1,0.0002,-0.0,-0.0,0.0,0.4533774410609644
1785525115824278000,1,0.0002,-0.0,-0.0,0.0,0.4533774410609644
1785525115844255700,1,0.0002,-0.0,-0.0,0.0,0.4533774410609644
1785525115864979200,1,0.0002,-0.0,-0.0,0.0,0.4533774410609644
1785525115885044100,1,0.0002,-0.0,-0.0,0.0,0.4533774410609644
1785525115904746400,1,0.0002,-0.0,-0.0,0.0,0.4533774410609644
1785525115924919800,1,0.0002,-0.0,-0.0,0.0,0.4533774410609644
1785525115945098100,1,0.0002,-0.0,-0.0,0.0,0.4533774410609644
1785525115964547600,1,0.0002,-0.0,-0.0,0.0,0.4533774410609644
1785525115984102700,1,0.0002,-0.0,-0.0,0.0,0.4533774410609644
1785525116004701900,1,0.0002,-0.0,-0.0,0.0,0.4533774410609644
1785525116024439600,1,0.0002,-0.0,-0.0,0.0,0.4533774410609644
1785525116044146700,1,0.0002,-0.0,-0.0,0.0,0.4533774410609644
1785525116064653500,1,0.0002,-0.0,-0.0,0.0,0.4533774410609644
1785525116084314400,1,0.0002,-0.0,-0.0,0.0,0.4533774410609644
1785525116105151400,1,0.0002,-0.0,-0.0,0.0,0.4533774410609644
1785525116124745400,1,0.0002,-0.0,-0.0,0.0,0.4533774410609644
1785525116144258900,1,0.0002,-0.0,-0.0,0.0,0.4533774410609644
1785525116164581000,1,0.0002,-0.0,-0.0,0.0,0.4533774410609644
1785525116184413600,1,0.0002,-0.0,-0.0,0.0,0.4533774410609644
1785525116204948700,1,0.0002,-0.0,-0.0,0.0,0.4533774410609644
1785525116224421400,1,0.0002,-0.0,-0.0,0.0,0.4533774410609644
1785525116245255000,1,0.0002,-0.0,-0.0,0.0,0.4533774410609644
1785525116264130000,1,0.0002,-0.0,-0.0,0.0,0.4533774410609644
1785525116284562300,1,0.0002,-0.0,-0.0,0.0,0.4533774410609644
1785525116304276100,1,0.0002,-0.0,-0.0,0.0,0.4533774410609644
1785525116325131800,1,0.0002,-0.0,-0.0,0.0,0.4533774410609644
1785525116344896400,1,0.0002,-0.0,-0.0,0.0,0.4533774410609644
1785525116364832700,1,0.0002,-0.0,-0.0,0.0,0.4533774410609644
1785525116384303200,1,0.0002,-0.0,-0.0,0.0,0.4533774410609644
1785525116405009300,1,0.0002,-0.0,-0.0,0.0,0.4533774410609644
1785525116425292900,1,0.0002,-0.0,-0.0,0.0,0.4533774410609644
1785525116445014000,1,0.0002,-0.0,-0.0,0.0,0.4533774410609644
1785525116464913100,1,0.0002,-0.0,-0.0,0.0,0.4533774410609644
1785525116485392900,1,0.0002,-0.0,-0.0,0.0,0.45088752632426893
1785525116504179300,1,0.0002,-0.0,-0.0,0.0,0.44615369228886836
1785525116525119700,1,0.0002,-0.0,-0.0,0.0,0.43887087814339243
1785525116544530000,1,0.0002,-0.0,-0.0,0.0,0.4291261353393432
1785525116565025900,1,0.0002,-0.0,-0.0,0.0,0.41913738533929545
1785525116584887600,1,0.0002,-0.0,-0.0,0.0,0.41165806907844854
1785525116605002100,1,0.0002,-0.0,-0.0,0.0,0.40633995543996165
1785525116624085700,1,0.0002,-0.0,-0.0,0.0,0.40354766914545553
1785525116645120400,1,0.0002,-0.0,-0.0,0.0,0.403128550691956
1785525116664902800,1,0.0002,-0.0,-0.0,0.0,0.403128550691956
1785525116684110300,1,0.0002,-0.0,-0.0,0.0,0.403128550691956
1785525116705095300,1,0.0002,-0.0,-0.0,0.0,0.403128550691956
1785525116724320900,1,0.0002,-0.0,-0.0,0.0,0.403128550691956
1785525116745127000,1,0.0002,-0.0,-0.0,0.0,0.403128550691956
1785525116765151000,1,0.0002,-0.0,-0.0,0.0,0.403128550691956
1785525116784115900,1,0.0002,-0.0,-0.0,0.0,0.403128550691956
1785525116804201800,1,0.0002,-0.0,-0.0,0.0,0.403128550691956
1785525116825440300,1,0.0002,-0.0,-0.0,0.0,0.403128550691956
1785525116844657300,1,0.0002,-0.0,-0.0,0.0,0.403128550691956
1785525116864879000,1,0.0002,-0.0,-0.0,0.0,0.403128550691956
1785525116884546100,1,0.0002,-0.0,-0.0,0.0,0.403128550691956
1785525116904880400,1,0.0002,-0.0,-0.0,0.0,0.403128550691956
1785525116924923600,1,0.0002,-0.0,-0.0,0.0,0.403128550691956
1785525116945230500,1,0.0002,-0.0,-0.0,0.0,0.403128550691956
1785525116964519200,1,0.0002,-0.0,-0.0,0.0,0.403128550691956
1785525116984655400,1,0.0002,-0.0,-0.0,0.0,0.403128550691956
1785525117004412600,1,0.0002,-0.0,-0.0,0.0,0.403128550691956
1785525117024751000,1,0.0002,-0.0,-0.0,0.0,0.403128550691956
1785525117044367800,1,0.0002,-0.0,-0.0,0.0,0.403128550691956
1785525117064047400,1,0.0002,-0.0,-0.0,0.0,0.403128550691956
1785525117084442000,1,0.0002,-0.0,-0.0,0.0,0.403128550691956
1785525117104712900,1,0.0002,-0.0,-0.0,0.0,0.403128550691956
1785525117124853500,1,0.0002,-0.0,-0.0,0.0,0.403128550691956
1785525117145006600,1,0.0002,-0.0,-0.0,0.0,0.403128550691956
1785525117164258600,1,0.0002,-0.0,-0.0,0.0,0.403128550691956
1785525117185169600,1,0.0002,-0.0,0.6030089998967014,0.0,0.403128550691956
1785525117204885000,1,0.0002,-0.0,1.196471999901405,0.0,0.403128550691956
1785525117224722600,1,0.0002,-0.0,1.7950799999016454,0.0,0.403128550691956
1785525117244974200,1,0.0002,-0.0,2.4063059999389225,0.0,0.403128550691956
1785525117264401800,1,0.0002,-0.0,2.5,0.0,0.403128550691956
1785525117285128900,1,0.0002,-0.0,2.5,0.0,0.403128550691956
1785525117304366400,1,0.0002,-0.0,2.5,0.0,0.403128550691956
1785525117324305600,1,0.0002,-0.0,2.5,0.0,0.403128550691956
1785525117344950000,1,0.0002,-0.0,1.903459000022849,0.0,0.403128550691956
1785525117364739600,1,0.0002,-0.0,1.3024930000756285,0.0,0.403128550691956
1785525117384697300,1,0.0002,-0.0,0.7080279999718186,0.0,0.403128550691956
1785525117404138000,1,0.0002,-0.0,0.10540899998886744,0.0,0.403128550691956
1785525117425158200,1,0.0002,-0.0,-0.0,0.0,0.403128550691956
1785525117444314000,1,0.0002,-0.0,-0.0,0.0,0.403128550691956
1785525117464834800,1,0.0002,-0.0,-0.0,0.0,0.403128550691956
1785525117485354100,1,0.0002,-0.0,-0.0,0.0,0.403128550691956
1785525117504335500,1,0.0002,-0.0,-0.0,0.0,0.403128550691956
1785525117524909200,1,0.0002,-0.0,-0.0,0.0,0.403128550691956
1785525117544189300,1,0.0002,-0.0,-0.0,0.0,0.403128550691956
1785525117564204000,1,0.0002,-0.0,-0.0,0.0,0.403128550691956
1785525117584357300,1,0.0002,-0.0,-0.0,0.0,0.403128550691956
1785525117604518100,1,0.0002,-0.0,-0.0,0.0,0.403128550691956
1785525117624830300,1,0.0002,-0.0,-0.0,0.0,0.403128550691956
1785525117644536600,1,0.0002,-0.0,-0.0,0.0,0.403128550691956
1785525117664544400,1,0.0002,-0.0,-0.0,0.0,0.403128550691956
1785525117684282200,1,0.0002,-0.0,-0.0,0.0,0.403128550691956
1785525117704858100,1,0.0002,-0.0,-0.0,0.0,0.403128550691956
1785525117724251600,1,0.0002,-0.0,-0.0,0.0,0.403128550691956
1785525117744752400,1,0.0002,-0.0,-0.0,0.0,0.403128550691956
1785525117764698100,1,0.0002,-0.0,-0.0,0.0,0.403128550691956
1785525117784346200,1,0.0002,-0.0,-0.0,0.0,0.403128550691956
1785525117805127100,1,0.0002,-0.0,-0.0,0.0,0.400689585810997
1785525117824226500,1,0.0002,-0.0,-0.0,0.0,0.39594296052999783
1785525117844752200,1,0.0002,-0.0,-0.0,0.0,0.38877166160225796
1785525117864513800,1,0.0002,-0.0,-0.0,0.0,0.3790288238469229
1785525117884574600,1,0.0002,-0.0,-0.0,0.0,0.36899077384619244
1785525117904037700,1,0.0002,-0.0,-0.0,0.0,0.35926447384549914
1785525117924859700,1,0.0002,-0.0,-0.0,0.0,0.35160236802185885
1785525117945121800,1,0.0002,-0.0,-0.0,0.0,0.3464000211816492
1785525117964843600,1,0.0002,-0.0,-0.0,0.0,0.3436632108248377
1785525117984212100,1,0.0002,-0.0,-0.0,0.0,0.3432825383276337
1785525118004743200,1,0.0002,-0.0,-0.0,0.0,0.3432825383276337
1785525118024431100,1,0.0002,-0.0,-0.0,0.0,0.3432825383276337
1785525118045014100,1,0.0002,-0.0,-0.0,0.0,0.3432825383276337
1785525118064925900,1,0.0002,-0.0,-0.0,0.0,0.3432825383276337
1785525118084797500,1,0.0002,-0.0,-0.0,0.0,0.3432825383276337
1785525118105291900,1,0.0002,-0.0,-0.0,0.0,0.3432825383276337
1785525118125001700,1,0.0002,-0.0,-0.0,0.0,0.3432825383276337
1785525118144842100,1,0.0002,-0.0,-0.0,0.0,0.3432825383276337
1785525118164279800,1,0.0002,-0.0,-0.0,0.0,0.3432825383276337
1785525118185200400,1,0.0002,-0.0,-0.0,0.0,0.3432825383276337
1785525118204560200,1,0.0002,-0.0,-0.0,0.0,0.3432825383276337
1785525118224824300,1,0.0002,-0.0,-0.0,0.0,0.3432825383276337
1785525118245148700,1,0.0002,-0.0,-0.0,0.0,0.3432825383276337
1785525118264935800,1,0.0002,-0.0,-0.0,0.0,0.3432825383276337
1785525118284428600,1,0.0002,-0.0,-0.0,0.0,0.3432825383276337
1785525118304721100,1,0.0002,-0.0,-0.0,0.0,0.3432825383276337
1785525118324773100,1,0.0002,-0.0,-0.0,0.0,0.3432825383276337
1785525118344154900,1,0.0002,-0.0,-0.0,0.0,0.3432825383276337
1785525118365184900,1,0.0002,-0.0,-0.0,0.0,0.3432825383276337
1785525118384236800,1,0.0002,-0.0,-0.0,0.0,0.3432825383276337
1785525118405031400,1,0.0002,-0.0,-0.0,0.0,0.3432825383276337
1785525118425017700,1,0.0002,-0.0,-0.0,0.0,0.3432825383276337
1785525118444962800,1,0.0002,-0.0,-0.0,0.0,0.34094922059983884
1785525118464347300,1,0.0002,-0.0,-0.0,0.0,0.3361447830951124
1785525118485138400,1,0.0002,-0.0,-0.0,0.0,0.3288881431120887
1785525118504930200,1,0.0002,-0.0,-0.0,0.0,0.319498691353737
1785525118524203700,1,0.0002,-0.0,-0.0,0.0,0.309475391352543
1785525118544265100,1,0.0002,-0.0,-0.0,0.0,0.2994391413527857
1785525118564229600,1,0.0002,-0.0,-0.0,0.0,0.2918499677360994
1785525118584925200,1,0.0002,-0.0,-0.0,0.0,0.28664779717711536
1785525118604101500,1,0.0002,-0.0,-0.0,0.0,0.28384259170963994
1785525118624370200,1,0.0002,-0.0,-0.0,0.0,0.2834507429073856
1785525118644767600,1,0.0002,-0.0,-0.0,0.0,0.2806952200654893
1785525118664178400,1,0.0002,-0.0,-0.0,0.0,0.2755567683847098
1785525118684351000,1,0.0002,-0.0,-0.0,0.0,0.26791025285780456
1785525118704234500,1,0.0002,-0.0,-0.0,0.0,0.2627428754617901
1785525118725041800,1,0.0002,-0.0,-0.0,0.0,0.259946307405988
1785525118745109100,1,0.0002,-0.0,-0.0,0.0,0.2595835552529289
1785525118764612600,1,0.0002,-0.0,-0.0,0.0,0.2595835552529289
1785525118784517400,1,0.0002,-0.0,-0.0,0.0,0.2595835552529289
1785525118804186900,1,0.0002,-0.0,-0.0,0.0,0.2595835552529289
1785525118825038600,1,0.0002,-0.0,-0.0,0.0,0.2595835552529289
1785525118844538900,1,0.0002,-0.0,-0.0,0.0,0.2595835552529289
1785525118864799200,1,0.0002,-0.0,-0.0,0.0,0.2595835552529289
1785525118884631900,1,0.0002,-0.0,-0.0,0.0,0.2595835552529289
1785525118905004400,1,0.0002,-0.0,-0.0,0.0,0.2595835552529289
1785525118924462100,1,0.0002,-0.0,-0.0,0.0,0.2595835552529289
1785525118944840900,1,0.0002,-0.0,-0.0,0.0,0.2595835552529289
1785525118964477100,1,0.0002,-0.0,-0.0,0.0,0.2595835552529289
1785525118985599000,1,0.0002,-0.0,-0.0,0.0,0.2595835552529289
1785525119005296200,1,0.0002,-0.0,-0.0,0.0,0.2595835552529289
1785525119025024300,1,0.0002,-0.0,-0.0,0.0,0.2595835552529289
1785525119044310300,1,0.0002,-0.0,-0.0,0.0,0.2595835552529289
1785525119064591200,1,0.0002,-0.0,-0.0,0.0,0.2595835552529289
1785525119084384800,1,0.0002,-0.0,-0.0,0.0,0.2595835552529289
1785525119104937900,1,0.0002,-0.0,-0.0,0.0,0.2595835552529289
1785525119124537000,1,0.0002,-0.0,-0.0,0.0,0.2595835552529289
1785525119145005300,1,0.0002,-0.0,-0.0,0.0,0.2595835552529289
1785525119164544100,1,0.0002,-0.0,-0.0,0.0,0.2595835552529289
1785525119184810300,1,0.0002,-0.0,-0.0,0.0,0.2595835552529289
1785525119204556200,1,0.0002,-0.0,-0.0,0.0,0.2595835552529289
1785525119224182400,1,0.0002,-0.0,-0.0,0.0,0.2595835552529289
1785525119244433100,1,0.0002,-0.0,-0.0,0.0,0.2595835552529289
1785525119264993300,1,0.0002,-0.0,-0.0,0.0,0.2595835552529289
1785525119284147900,1,0.0002,-0.0,-0.0,0.0,0.2595835552529289
1785525119305183400,1,0.0002,-0.0,-0.0,0.0,0.2595835552529289
1785525119324793700,1,0.0002,-0.0,-0.0,0.0,0.2595835552529289
1785525119344068500,1,0.0002,-0.0,-0.0,0.0,0.2595835552529289
1785525119365424000,1,0.0002,-0.0,-0.0,0.0,0.2595835552529289
1785525119384482700,1,0.0002,-0.0,-0.0,0.0,0.2595835552529289
1785525119404557000,1,0.0002,-0.0,-0.0,0.0,0.2595835552529289
1785525119424703200,1,0.0002,-0.0,-0.0,0.0,0.2595835552529289
1785525119444489100,1,0.0002,-0.0,-0.0,0.0,0.25708627700273246
1785525119464620000,1,0.0002,-0.0,-0.0,0.0,0.2523698511166298
1785525119484076000,1,0.0002,-0.0,-0.0,0.0,0.24519345927408617
1785525119504786400,1,0.0002,-0.0,-0.0,0.0,0.23552541191487655
1785525119524443700,1,0.0002,-0.0,-0.0,0.0,0.22539376191629237
1785525119544765200,1,0.0002,-0.0,-0.0,0.0,0.21548251191519632
1785525119564105900,1,0.0002,-0.0,-0.0,0.0,0.2055607119156219
1785525119584261600,1,0.0002,-0.0,-0.0,0.0,0.19548236191543658
1785525119604909500,1,0.0002,-0.0,-0.0,0.0,0.18793932705959537
1785525119625413200,1,0.0002,-0.0,-0.0,0.0,0.18262102418657047
1785525119644807700,1,0.0002,-0.0,-0.0,0.0,0.1798835641237619
1785525119664451300,1,0.0002,-0.0,-0.0,0.0,0.17950202363956677
1785525119685190200,1,0.0002,-0.0,-0.0,0.0,0.17950202363956677
1785525119704650500,1,0.0002,-0.0,-0.0,0.0,0.17950202363956677
1785525119724428200,1,0.0002,-0.0,-0.0,0.0,0.17950202363956677
1785525119744721900,1,0.0002,-0.0,-0.0,0.0,0.17950202363956677
1785525119764547100,1,0.0002,-0.0,-0.0,0.0,0.17950202363956677
1785525119784576200,1,0.0002,-0.0,-0.0,0.0,0.17950202363956677
1785525119804964000,1,0.0002,-0.0,-0.0,0.0,0.17950202363956677
1785525119825063500,1,0.0002,-0.0,-0.0,0.0,0.17950202363956677
1785525119845150600,1,0.0002,-0.0,-0.0,0.0,0.17950202363956677
1785525119864350500,1,0.0002,-0.0,-0.0,0.0,0.17950202363956677
1785525119884253900,1,0.0002,-0.0,-0.0,0.0,0.17711233254546344
1785525119905006800,1,0.0002,-0.0,-0.0,0.0,0.17224389170049065
1785525119925175200,1,0.0002,-0.0,-0.0,0.0,0.16518446141557064
1785525119944748000,1,0.0002,-0.0,-0.0,0.0,0.15565147337407068
1785525119964082300,1,0.0002,-0.0,-0.0,0.0,0.14565607337249928
1785525119984251900,1,0.0002,-0.0,-0.0,0.0,0.13556752337286268
1785525120004762700,1,0.0002,-0.0,-0.0,0.0,0.12796861547933733
1785525120025075300,1,0.0002,-0.0,-0.0,0.0,0.1227749168144348
1785525120044244600,1,0.0002,-0.0,-0.0,0.0,0.1199677382328263
1785525120064657800,1,0.0002,-0.0,-0.0,0.0,0.11955700710410007
1785525120084711800,1,0.0002,-0.0,-0.0,0.0,0.11955700710410007
1785525120104243800,1,0.0002,-0.0,-0.0,0.0,0.11955700710410007
1785525120124333700,1,0.0002,-0.0,-0.0,0.0,0.11955700710410007
1785525120144265800,1,0.0002,-0.0,-0.0,0.0,0.11955700710410007
1785525120164527600,1,0.0002,-0.0,-0.0,0.0,0.11955700710410007
1785525120185099600,1,0.0002,-0.0,-0.0,0.0,0.11955700710410007
1785525120204288300,1,0.0002,-0.0,-0.0,0.0,0.11955700710410007
1785525120224658600,1,0.0002,-0.0,-0.0,0.0,0.11955700710410007
1785525120245006200,1,0.0002,-0.0,-0.0,0.0,0.11955700710410007
1785525120264665300,1,0.0002,-0.0,-0.0,0.0,0.11955700710410007
1785525120284890800,1,0.0002,-0.0,-0.0,0.0,0.11955700710410007
1785525120304409400,1,0.0002,-0.0,-0.0,0.0,0.11955700710410007
1785525120324562400,1,0.0002,-0.0,-0.0,0.0,0.11955700710410007
1785525120345225000,1,0.0002,-0.0,-0.0,0.0,0.11955700710410007
1785525120364489200,1,0.0002,-0.0,-0.0,0.0,0.11955700710410007
1785525120384238600,1,0.0002,-0.0,-0.0,0.0,0.11955700710410007
1785525120404253300,1,0.0002,-0.0,-0.0,0.0,0.11955700710410007
1785525120425110400,1,0.0002,-0.0,-0.0,0.0,0.11955700710410007
1785525120444284600,1,0.0002,-0.0,-0.0,0.0,0.11955700710410007
1785525120464482600,1,0.0002,-0.0,-0.0,0.0,0.11955700710410007
1785525120484908100,1,0.0002,-0.0,-0.0,0.0,0.11955700710410007
1785525120504334900,1,0.0002,-0.0,-0.0,0.0,0.11955700710410007
1785525120524161300,1,0.0002,-0.0,-0.0,0.0,0.11955700710410007
1785525120544148200,1,0.0002,-0.0,-0.0,0.0,0.11955700710410007
1785525120565258900,1,0.0002,-0.0,-0.0,0.0,0.11955700710410007
1785525120584390700,1,0.0002,-0.0,-0.0,0.0,0.11955700710410007
1785525120604097500,1,0.0002,-0.0,-0.0,0.0,0.11955700710410007
1785525120624262600,1,0.0002,-0.0,-0.0,0.0,0.11955700710410007
1785525120645267400,1,0.0002,-0.0,-0.0,0.0,0.11955700710410007
1785525120664175700,1,0.0002,-0.0,-0.0,0.0,0.11955700710410007
1785525120684632700,1,0.0002,-0.0,-0.0,0.0,0.11955700710410007
1785525120704373100,1,0.0002,-0.0,-0.0,0.0,0.11955700710410007
1785525120724969400,1,0.0002,-0.0,-0.0,0.0,0.11955700710410007
1785525120744535800,1,0.0002,-0.0,-0.0,0.0,0.11955700710410007
1785525120764335200,1,0.0002,-0.0,-0.0,0.0,0.11955700710410007
1785525120784404000,1,0.0002,-0.0,-0.0,0.0,0.11955700710410007
1785525120805115400,1,0.0002,-0.0,-0.0,0.0,0.11955700710410007
1785525120824250900,1,0.0002,-0.0,-0.0,0.0,0.11955700710410007
1785525120844952100,1,0.0002,-0.0,-0.0,0.0,0.11955700710410007
1785525120864221200,1,0.0002,-0.0,-0.0,0.0,0.11955700710410007
1785525120884725900,1,0.0002,-0.0,-0.0,0.0,0.11955700710410007
1785525120905576800,1,0.0002,-0.0,-0.0,0.0,0.11955700710410007
1785525120924027900,1,0.0002,-0.0,-0.0,0.0,0.11955700710410007
1785525120944841700,1,0.0002,-0.0,-0.0,0.0,0.11955700710410007
1785525120964028800,1,0.0002,-0.0,-0.0,0.0,0.11955700710410007
1785525120984199600,1,0.0002,-0.0,-0.0,0.0,0.11955700710410007
1785525121004556600,1,0.0002,-0.0,-0.0,0.0,0.11955700710410007
1785525121024119900,1,0.0002,-0.0,-0.0,0.0,0.11955700710410007
1785525121044740900,1,0.0002,-0.0,-0.0,0.0,0.11955700710410007
1785525121065318800,1,0.0002,-0.0,-0.0,0.0,0.11955700710410007
1785525121084040100,1,0.0002,-0.0,-0.0,0.0,0.11955700710410007
1785525121104844900,1,0.0002,-0.0,-0.0,0.0,0.11955700710410007
1785525121124158800,1,0.0002,-0.0,-0.0,0.0,0.11955700710410007
1785525121144909300,1,0.0002,-0.0,-0.0,0.0,0.11955700710410007
1785525121164122800,1,0.0002,-0.0,-0.0,0.0,0.11955700710410007
1785525121184480600,1,0.0002,-0.0,-0.0,0.0,0.11955700710410007
1785525121205053200,1,0.0002,-0.0,-0.0,0.0,0.11955700710410007
1785525121225258300,1,0.0002,-0.0,-0.0,0.0,0.11955700710410007
1785525121244116200,1,0.0002,-0.0,-0.0,0.0,0.11955700710410007
1785525121264167100,1,0.0002,-0.0,-0.0,0.0,0.11955700710410007
1785525121284948100,1,0.0002,-0.0,-0.0,0.0,0.11955700710410007
1785525121304085600,1,0.0002,-0.0,-0.0,0.0,0.11955700710410007
1785525121324387300,1,0.0002,-0.0,-0.0,0.0,0.11955700710410007
1785525121345091400,1,0.0002,-0.0,-0.0,0.0,0.11955700710410007
1785525121365342500,1,0.0002,-0.0,-0.0,0.0,0.11955700710410007
1785525121384964100,1,0.0002,-0.0,-0.0,0.0,0.11955700710410007
1785525121404184300,1,0.0002,-0.0,-0.0,0.0,0.11955700710410007
1785525121424979100,1,0.0002,-0.0,-0.0,0.0,0.11955700710410007
1785525121444676300,1,0.0002,-0.0,-0.0,0.0,0.11955700710410007
1785525121464257300,1,0.0002,-0.0,-0.0,0.0,0.11955700710410007
1785525121485248000,1,0.0002,-0.0,-0.0,0.0,0.11955700710410007
1785525121504341500,1,0.0002,-0.0,-0.0,0.0,0.11955700710410007
1785525121525008000,1,0.0002,-0.0,-0.0,0.0,0.11955700710410007
1785525121544476700,1,0.0002,-0.0,-0.0,0.0,0.11955700710410007
1785525121564673600,1,0.0002,-0.0,-0.0,0.0,0.11955700710410007
1785525121585167300,1,0.0002,-0.0,-0.0,0.0,0.11955700710410007
1785525121604200100,1,0.0002,-0.0,-0.0,0.0,0.11955700710410007
1785525121624375500,1,0.0002,-0.0,-0.0,0.0,0.11955700710410007
1785525121644151700,1,0.0002,-0.0,-0.0,0.0,0.11955700710410007
1785525121664410400,1,0.0002,-0.0,-0.0,0.0,0.11955700710410007
1785525121684536700,1,0.0002,-0.0,-0.0,0.0,0.11955700710410007
1785525121704566000,1,0.0002,-0.0,-0.0,0.0,0.11955700710410007
1785525121725238100,1,0.0002,-0.0,-0.0,0.0,0.11955700710410007
1785525121744431200,1,0.0002,-0.0,-0.0,0.0,0.11955700710410007
1785525121765130800,1,0.0002,-0.0,-0.0,0.0,0.11955700710410007
1785525121784881200,1,0.0002,-0.0,-0.0,0.0,0.11955700710410007
1785525121805063000,1,0.0002,-0.0,-0.0,0.0,0.11955700710410007
1785525121824419800,1,0.0002,-0.0,-0.0,0.0,0.11955700710410007
1785525121844461900,1,0.0002,-0.0,-0.0,0.0,0.11955700710410007
1785525121864891500,1,0.0002,-0.0,-0.0,0.0,0.11955700710410007
1785525121884771400,1,0.0002,-0.0,-0.0,0.0,0.11955700710410007
1785525121904508400,1,0.0002,-0.0,-0.0,0.0,0.11955700710410007
1785525121925287700,1,0.0002,-0.0,-0.0,0.0,0.11955700710410007
1785525121944269200,1,0.0002,-0.0,-0.0,0.0,0.11955700710410007
1785525121965319500,1,0.0002,-0.0,-0.0,0.0,0.11955700710410007
1785525121984227600,1,0.0002,-0.0,-0.0,0.0,0.11955700710410007
1785525122004779100,1,0.0002,-0.0,-0.0,0.0,0.11955700710410007
1785525122024202900,1,0.0002,-0.0,-0.0,0.0,0.11955700710410007
1785525122044533100,1,0.0002,-0.0,-0.0,0.0,0.11955700710410007
1785525122064868300,1,0.0002,-0.0,-0.0,0.0,0.11955700710410007
1785525122084765100,1,0.0002,-0.0,-0.0,0.0,0.11955700710410007
1785525122104735800,1,0.0002,-0.0,-0.0,0.0,0.11955700710410007
1785525122124960200,1,0.0002,-0.0,-0.0,0.0,0.11955700710410007
1785525122144879200,1,0.0002,-0.0,-0.0,0.0,0.11955700710410007
1785525122165366700,1,0.0002,-0.0,-0.0,0.0,0.11955700710410007
1785525122184688300,1,0.0002,-0.0,-0.0,0.0,0.12184703265452466
1785525122205153300,1,0.0002,-0.0,-0.0,0.0,0.12676018328056776
1785525122224587600,1,0.0002,-0.0,-0.0,0.0,0.1337480017975622
1785525122245145000,1,0.0002,-0.0,-0.0,0.0,0.14340890407735418
1785525122265300100,1,0.0002,-0.0,-0.0,0.0,0.153503454077203
1785525122284326800,1,0.0002,-0.0,-0.0,0.0,0.16344535407703364
1785525122304237400,1,0.0002,-0.0,-0.0,0.0,0.17342255407826446
1785525122324697000,1,0.0002,-0.0,-0.0,0.0,0.18338165407809714
1785525122344344000,1,0.0002,-0.0,-0.0,0.0,0.19101734230973103
1785525122364519000,1,0.0002,-0.0,-0.0,0.0,0.1962253600305724
1785525122384648800,1,0.0002,-0.0,-0.0,0.0,0.198980521826838
1785525122404399900,1,0.0002,-0.0,-0.0,0.0,0.19936218510002585
1785525122425411600,1,0.0002,-0.0,-0.0,0.0,0.19936218510002585
1785525122444953000,1,0.0002,-0.0,-0.0,0.0,0.19936218510002585
1785525122464276500,1,0.0002,-0.0,-0.0,0.0,0.19936218510002585
1785525122484885300,1,0.0002,-0.0,-0.0,0.0,0.19936218510002585
1785525122505056800,1,0.0002,-0.0,-0.0,0.0,0.19936218510002585
1785525122525100300,1,0.0002,-0.0,-0.0,0.0,0.19936218510002585
1785525122545259100,1,0.0002,-0.0,-0.0,0.0,0.19936218510002585
1785525122564497700,1,0.0002,-0.0,-0.0,0.0,0.19936218510002585
1785525122584139200,1,0.0002,-0.0,-0.0,0.0,0.19936218510002585
1785525122605255500,1,0.0002,-0.0,-0.0,0.0,0.19936218510002585
1785525122624431800,1,0.0002,-0.0,-0.0,0.0,0.19936218510002585
1785525122644927600,1,0.0002,-0.0,-0.0,0.0,0.19936218510002585
1785525122664899500,1,0.0002,-0.0,-0.0,0.0,0.19936218510002585
1785525122685013400,1,0.0002,-0.0,-0.0,0.0,0.20175053527126105
1785525122704891500,1,0.0002,-0.0,-0.0,0.0,0.2064475560045768
1785525122725178800,1,0.0002,-0.0,-0.0,0.0,0.2138298227263675
1785525122744538600,1,0.0002,-0.0,-0.0,0.0,0.22345173043672004
1785525122765059700,1,0.0002,-0.0,-0.0,0.0,0.23341013043667955
1785525122784477400,1,0.0002,-0.0,-0.0,0.0,0.24341813043778712
1785525122804971900,1,0.0002,-0.0,-0.0,0.0,0.25098859541642504
1785525122824862100,1,0.0002,-0.0,-0.0,0.0,0.2561994740612137
1785525122844808800,1,0.0002,-0.0,-0.0,0.0,0.25901104489282123
1785525122864105800,1,0.0002,-0.0,-0.0,0.0,0.25945408998206726
1785525122884675500,1,0.0002,-0.0,-0.0,0.0,0.25945408998206726
1785525122904291600,1,0.0002,-0.0,-0.0,0.0,0.261882034857436
1785525122925195700,1,0.0002,-0.0,-0.0,0.0,0.26674002492972004
1785525122944388400,1,0.0002,-0.0,-0.0,0.0,0.27395559074851616
1785525122964994000,1,0.0002,-0.0,-0.0,0.0,0.2834206808480394
1785525122984367300,1,0.0002,-0.0,-0.0,0.0,0.2935444308483147
1785525123004467700,1,0.0002,-0.0,-0.0,0.0,0.3035935308476928
1785525123024159700,1,0.0002,-0.0,-0.0,0.0,0.3111150962867716
1785525123044231800,1,0.0002,-0.0,-0.0,0.0,0.3163592100324771
1785525123064936700,1,0.0002,-0.0,-0.0,0.0,0.3191871261987209
1785525123084096000,1,0.0002,-0.0,-0.0,0.0,0.31962991257072876
1785525123104323300,1,0.0002,-0.0,-0.0,0.0,0.3225400723294869
1785525123124410700,1,0.0002,-0.0,-0.0,0.0,0.3278381202120149
1785525123144422400,1,0.0002,-0.0,-0.0,0.0,0.3355322035562022
1785525123164108800,1,0.0002,-0.0,-0.0,0.0,0.345373753555894
1785525123184305600,1,0.0002,-0.0,-0.0,0.0,0.3530233492926742
1785525123204489100,1,0.0002,-0.0,-0.0,0.0,0.3582267134552746
1785525123224430000,1,0.0002,-0.0,-0.0,0.0,0.36097950345130636
1785525123244495200,1,0.0002,-0.0,-0.0,0.0,0.3613347238035893
1785525123264105500,1,0.0002,-0.0,-0.0,0.0,0.3640528834710368
1785525123285108800,1,0.0002,-0.0,-0.0,0.0,0.3692571039228897
1785525123304462900,1,0.0002,-0.0,-0.0,0.0,0.3767780110244446
1785525123324799600,1,0.0002,-0.0,-0.0,0.0,0.381907047337677
1785525123344300000,1,0.0002,-0.0,-0.0,0.0,0.38467384410152244
1785525123364495900,1,0.0002,-0.0,-0.0,0.0,0.385023788705076
1785525123384756500,1,0.0002,-0.0,-0.0,0.0,0.385023788705076
1785525123404535500,1,0.0002,-0.0,-0.0,0.0,0.385023788705076
1785525123424561300,1,0.0002,-0.0,-0.0,0.0,0.38731104873610517
1785525123444188800,1,0.0002,-0.0,-0.0,0.0,0.3921013922559498
1785525123464972900,1,0.0002,-0.0,-0.0,0.0,0.3944600037529131
1785525123484477700,1,0.0002,-0.0,-0.0,0.0,0.3944600037529131
1785525123504171600,1,0.0002,-0.0,-0.0,0.0,0.3944600037529131
1785525123524927400,1,0.0002,-0.0,-0.0,0.0,0.3944600037529131
1785525123544139000,1,0.0002,-0.0,-0.0,0.0,0.3944600037529131
1785525123564351900,1,0.0002,-0.0,-0.0,0.0,0.3944600037529131
1785525123584925400,1,0.0002,-0.0,-0.0,0.0,0.3944600037529131
1785525123604781800,1,0.0002,-0.0,-0.0,0.0,0.3944600037529131
1785525123625147700,1,0.0002,-0.0,-0.0,0.0,0.3944600037529131
1785525123644244200,1,0.0002,-0.0,-0.0,0.0,0.3944600037529131
1785525123664668200,1,0.0002,-0.0,-0.0,0.0,0.3944600037529131
1785525123684049800,1,0.0002,-0.0,-0.0,0.0,0.3944600037529131
1785525123705239800,1,0.0002,-0.0,-0.0,0.0,0.3944600037529131
1785525123724480700,1,0.0002,-0.0,-0.0,0.0,0.3944600037529131
1785525123744096500,1,0.0002,-0.0,-0.0,0.0,0.3944600037529131
1785525123764098300,1,0.0002,-0.0,-0.0,0.0,0.3944600037529131
1785525123784869700,1,0.0002,-0.0,-0.0,0.0,0.3944600037529131
1785525123804591700,1,0.0002,-0.0,-0.0,0.0,0.3944600037529131
1785525123825076700,1,0.0002,-0.0,-0.0,0.0,0.3944600037529131
1785525123844645600,1,0.0002,-0.0,-0.0,0.0,0.3944600037529131
1785525123864124700,1,0.0002,-0.0,-0.0,0.0,0.3944600037529131
1785525123884995300,1,0.0002,-0.0,-0.0,0.0,0.3944600037529131
1785525123904294700,1,0.0002,-0.0,-0.0,0.0,0.3944600037529131
1785525123925011500,1,0.0002,-0.0,-0.0,0.0,0.3944600037529131
1785525123944238500,1,0.0002,-0.0,-0.0,0.0,0.3944600037529131
1785525123964990500,1,0.0002,-0.0,-0.0,0.0,0.39200203386515114
1785525123984203500,1,0.0002,-0.0,-0.0,0.0,0.387277248667226
1785525124004233000,1,0.0002,-0.0,-0.0,0.0,0.3800612056001347
1785525124024307300,1,0.0002,-0.0,-0.0,0.0,0.37042775566489794
1785525124044956500,1,0.0002,-0.0,-0.0,0.0,0.3603553056641634
1785525124065194700,1,0.0002,-0.0,-0.0,0.0,0.3527886316615579
1785525124084176200,1,0.0002,-0.0,-0.0,0.0,0.34759238005228876
1785525124104450800,1,0.0002,-0.0,-0.0,0.0,0.3447555700286141
1785525124124961500,1,0.0002,-0.0,-0.0,0.0,0.3443575419523031
1785525124144442600,1,0.0002,-0.0,-0.0,0.0,0.3443575419523031
1785525124164355300,1,0.0002,-0.0,-0.0,0.0,0.3443575419523031
1785525124184811900,1,0.0002,-0.0,-0.0,0.0,0.3419499038851437
1785525124205423200,1,0.0002,-0.0,-0.0,0.0,0.3419499038851437
1785525124225030500,1,0.0002,-0.0,-0.0,0.0,0.3419499038851437
1785525124244495100,1,0.0002,-0.0,-0.0,0.0,0.3419499038851437
1785525124265208000,1,0.0002,-0.0,-0.0,0.0,0.3419499038851437
1785525124284477500,1,0.0002,-0.0,-0.0,0.0,0.3419499038851437
1785525124304818100,1,0.0002,-0.0,-0.0,0.0,0.3419499038851437
1785525124324857700,1,0.0002,-0.0,-0.0,0.0,0.3419499038851437
1785525124344409500,1,0.0002,-0.0,-0.0,0.0,0.3419499038851437
1785525124364092600,1,0.0002,-0.0,-0.0,0.0,0.33962646732578955
1785525124384548400,1,0.0002,-0.0,-0.0,0.0,0.33469289457032064
1785525124404928500,1,0.0002,-0.0,-0.0,0.0,0.32765075070713484
1785525124424487900,1,0.0002,-0.0,-0.0,0.0,0.3228424685460778
1785525124444886300,1,0.0002,-0.0,-0.0,0.0,0.32050243734812967
1785525124464834500,1,0.0002,-0.0,-0.0,0.0,0.32050243734812967
1785525124484048400,1,0.0002,-0.0,-0.0,0.0,0.32050243734812967
1785525124504843600,1,0.0002,-0.0,-0.0,0.0,0.32050243734812967
1785525124525025100,1,0.0002,-0.0,-0.0,0.0,0.32050243734812967
1785525124544537200,1,0.0002,-0.0,-0.0,0.0,0.32050243734812967
1785525124565215200,1,0.0002,-0.0,-0.0,0.0,0.32050243734812967
1785525124585037800,1,0.0002,-0.0,-0.0,0.0,0.32050243734812967
1785525124605194800,1,0.0002,-0.0,-0.0,0.0,0.32050243734812967
1785525124625133400,1,0.0002,-0.0,-0.0,0.0,0.32050243734812967
1785525124644173800,1,0.0002,-0.0,-0.0,0.0,0.32050243734812967
1785525124665068100,1,0.0002,-0.0,-0.0,0.0,0.32050243734812967
1785525124684306900,1,0.0002,-0.0,-0.0,0.0,0.32050243734812967
1785525124705021900,1,0.0002,-0.0,-0.0,0.0,0.32050243734812967
1785525124724859600,1,0.0002,-0.0,-0.0,0.0,0.32050243734812967
1785525124744521500,1,0.0002,-0.0,-0.0,0.0,0.32050243734812967
1785525124764936900,1,0.0002,-0.0,-0.0,0.0,0.32050243734812967
1785525124784186100,1,0.0002,-0.0,-0.0,0.0,0.32050243734812967
1785525124804778600,1,0.0002,-0.0,-0.0,0.0,0.32050243734812967
1785525124824359000,1,0.0002,-0.0,-0.0,0.0,0.32050243734812967
1785525124844732500,1,0.0002,-0.0,-0.0,0.0,0.32050243734812967
1785525124864522200,1,0.0002,-0.0,-0.0,0.0,0.32050243734812967
1785525124885300700,1,0.0002,-0.0,-0.0,0.0,0.31810840962806713
1785525124904109800,1,0.0002,-0.0,-0.0,0.0,0.31345150156473794
1785525124924283200,1,0.0002,-0.0,-0.0,0.0,0.30622194351336157
1785525124944806000,1,0.0002,-0.0,-0.0,0.0,0.29673704814226737
1785525124964489000,1,0.0002,-0.0,-0.0,0.0,0.2895027012404542
1785525124984995500,1,0.0002,-0.0,-0.0,0.0,0.28480286861018556
1785525125004200700,1,0.0002,-0.0,-0.0,0.0,0.28247911302248985
1785525125024194300,1,0.0002,-0.0,-0.0,0.0,0.28247911302248985
1785525125044978100,1,0.0002,-0.0,-0.0,0.0,0.28247911302248985
1785525125064681500,1,0.0002,-0.0,-0.0,0.0,0.28247911302248985
1785525125084516400,1,0.0002,-0.0,-0.0,0.0,0.28247911302248985
1785525125104480700,1,0.0002,-0.0,-0.0,0.0,0.28247911302248985
1785525125125102100,1,0.0002,-0.0,-0.0,0.0,0.28247911302248985
1785525125144216000,1,0.0002,-0.0,-0.0,0.0,0.28247911302248985
1785525125164817300,1,0.0002,-0.0,-0.0,0.0,0.28247911302248985
1785525125185373100,1,0.0002,-0.0,-0.0,0.0,0.28247911302248985
1785525125204109000,1,0.0002,-0.0,-0.0,0.0,0.28247911302248985
1785525125225057000,1,0.0002,-0.0,-0.0,0.0,0.28247911302248985
1785525125244884300,1,0.0002,-0.0,-0.0,0.0,0.28247911302248985
1785525125264869300,1,0.0002,-0.0,-0.0,0.0,0.28247911302248985
1785525125284040400,1,0.0002,-0.0,-0.0,0.0,0.28247911302248985
1785525125304168600,1,0.0002,-0.0,-0.0,0.0,0.28005700634841596
1785525125324696900,1,0.0002,-0.0,-0.0,0.0,0.2752798171646311
1785525125344944500,1,0.0002,-0.0,-0.0,0.0,0.26790044132108204
1785525125364756500,1,0.0002,-0.0,-0.0,0.0,0.2585036877569465
1785525125384412700,1,0.0002,-0.0,-0.0,0.0,0.2512185868030733
1785525125405104100,1,0.0002,-0.0,-0.0,0.0,0.2464607671503085
1785525125424193700,1,0.0002,-0.0,-0.0,0.0,0.2441198455253525
1785525125444796000,1,0.0002,-0.0,-0.0,0.0,0.2441198455253525
1785525125464281800,1,0.0002,-0.0,-0.0,0.0,0.2441198455253525
1785525125484362800,1,0.0002,-0.0,-0.0,0.0,0.2441198455253525
1785525125504062000,1,0.0002,-0.0,-0.0,0.0,0.2441198455253525
1785525125524104700,1,0.0002,-0.0,-0.0,0.0,0.2441198455253525
1785525125544551600,1,0.0002,-0.0,-0.0,0.0,0.2441198455253525
1785525125565505800,1,0.0002,-0.0,-0.0,0.0,0.2441198455253525
1785525125585125800,1,0.0002,-0.0,-0.0,0.0,0.2441198455253525
1785525125604925200,1,0.0002,-0.0,-0.0,0.0,0.2441198455253525
1785525125625015300,1,0.0002,-0.0,-0.0,0.0,0.2441198455253525
1785525125644983100,1,0.0002,-0.0,-0.0,0.0,0.2441198455253525
1785525125665126600,1,0.0002,-0.0,-0.0,0.0,0.2441198455253525
1785525125684243400,1,0.0002,-0.0,-0.0,0.0,0.2441198455253525
1785525125704869200,1,0.0002,-0.0,-0.0,0.0,0.2441198455253525
1785525125724807700,1,0.0002,-0.0,0.6005369999547838,0.0,0.2441198455253525
1785525125744693300,1,0.0002,-0.0,1.1937480000051437,0.0,0.2441198455253525
1785525125764988300,1,0.0002,-0.0,1.7942129999573808,0.0,0.2441198455253525
1785525125784082400,1,0.0002,-0.0,2.3938170000110404,0.0,0.2441198455253525
1785525125804943100,1,0.0002,-0.0,2.5,0.0,0.2441198455253525
1785525125824864300,1,0.0002,-0.0,2.5,0.0,0.2441198455253525
1785525125844819300,1,0.0002,-0.0,2.5,0.0,0.2441198455253525
1785525125865048000,1,0.0002,-0.0,2.5,0.0,0.2441198455253525
1785525125884482000,1,0.0002,-0.0,2.5,0.0,0.2441198455253525
1785525125904518600,1,0.0002,-0.0,2.5,0.0,0.2441198455253525
1785525125924186100,1,0.0002,-0.0,2.5,0.0,0.2441198455253525
1785525125944885900,1,0.0002,-0.0,2.5,0.0,0.2441198455253525
1785525125964942800,1,0.0002,-0.0,2.5,0.0,0.2441198455253525
1785525125984324800,1,0.0002,-0.0,2.5,0.0,0.2441198455253525
1785525126004847100,1,0.0002,-0.0,2.5,0.0,0.2441198455253525
1785525126025395000,1,0.0002,-0.0,2.5,0.0,0.2441198455253525
1785525126044946600,1,0.0002,-0.0,2.5,0.0,0.2441198455253525
1785525126064650500,1,0.0002,-0.0,2.5,0.0,0.2441198455253525
1785525126084039700,1,0.0002,-0.0,2.5,0.0,0.2441198455253525
1785525126105256300,1,0.0002,-0.0,1.8869680000716471,0.0,0.2441198455253525
1785525126124881800,1,0.0002,-0.0,1.295404000011331,0.0,0.2441198455253525
1785525126144084700,1,0.0002,-0.0,0.6986470000265399,0.0,0.2441198455253525
1785525126165181800,1,0.0002,-0.0,0.09475300004851306,0.0,0.2441198455253525
1785525126184745700,1,0.0002,-0.0,-0.0,0.0,0.2441198455253525
1785525126205165900,1,0.0002,-0.0,-0.0,0.0,0.2441198455253525
1785525126224231400,1,0.0002,-0.0,-0.0,0.0,0.2441198455253525
1785525126244110600,1,0.0002,-0.0,-0.0,0.0,0.2441198455253525
1785525126265043800,1,0.0002,-0.0,-0.0,0.0,0.2441198455253525
1785525126284615700,1,0.0002,-0.0,-0.0,0.0,0.2441198455253525
1785525126304798800,1,0.0002,-0.0,-0.0,0.0,0.2441198455253525
1785525126324082300,1,0.0002,-0.0,-0.0,0.0,0.2441198455253525
1785525126344923000,1,0.0002,-0.0,-0.0,0.0,0.2441198455253525
1785525126365019300,1,0.0002,-0.0,-0.0,0.0,0.2441198455253525
1785525126384806300,1,0.0002,-0.0,-0.0,0.0,0.2441198455253525
1785525126405057700,1,0.0002,-0.0,-0.0,0.0,0.2441198455253525
1785525126425011100,1,0.0002,-0.0,-0.0,0.0,0.2441198455253525
1785525126444793200,1,0.0002,-0.0,-0.0,0.0,0.2441198455253525
1785525126464136700,1,0.0002,-0.0,-0.0,0.0,0.2441198455253525
1785525126484948500,1,0.0002,-0.0,-0.0,0.0,0.2441198455253525
1785525126504371100,1,0.0002,-0.0,-0.0,0.0,0.2441198455253525
1785525126524449000,1,0.0002,-0.0,-0.0,0.0,0.2441198455253525
1785525126545081700,1,0.0002,-0.0,-0.0,0.0,0.2441198455253525
1785525126564754800,1,0.0002,-0.0,-0.0,0.0,0.2441198455253525
1785525126584982200,1,0.0002,-0.0,-0.0,0.0,0.2441198455253525
1785525126604514300,1,0.0002,-0.0,-0.0,0.0,0.2441198455253525
1785525126624993100,1,0.0002,-0.0,-0.0,0.0,0.2441198455253525
1785525126644059600,1,0.0002,-0.0,-0.0,0.0,0.2441198455253525
1785525126664946000,1,0.0002,-0.0,-0.0,0.0,0.2441198455253525
1785525126684509700,1,0.0002,-0.0,-0.0,0.0,0.2441198455253525
1785525126705137200,1,0.0002,-0.0,-0.0,0.0,0.2441198455253525
1785525126724539400,1,0.0002,-0.0,-0.0,0.0,0.2441198455253525
1785525126744537800,1,0.0002,-0.0,-0.0,0.0,0.2441198455253525
1785525126764505400,1,0.0002,-0.0,-0.0,0.0,0.2441198455253525
1785525126784873300,1,0.0002,-0.0,-0.0,0.0,0.2441198455253525
1785525126804589500,1,0.0002,-0.0,-0.0,0.0,0.2441198455253525
1785525126824347300,1,0.0002,-0.0,-0.0,0.0,0.2441198455253525
1785525126845247100,1,0.0002,-0.0,-0.0,0.0,0.2441198455253525
1785525126864745100,1,0.0002,-0.0,-0.0,0.0,0.2441198455253525
1785525126884653600,1,0.0002,-0.0,-0.0,0.0,0.2441198455253525
1785525126904540700,1,0.0002,-0.0,-0.0,0.0,0.2441198455253525
1785525126924261300,1,0.0002,0.6067350000012084,-0.0,0.0,0.2441198455253525
1785525126944709600,1,0.0002,1.2196469999980764,-0.0,0.0,0.2441198455253525
1785525126964955200,1,0.0002,1.80203400002938,-0.0,0.0,0.2441198455253525
1785525126984460300,1,0.0002,2.41239900005894,-0.0,0.0,0.2441198455253525
1785525127004169700,1,0.0002,2.5,-0.0,0.0,0.2441198455253525
1785525127025305400,1,0.0002,2.5,-0.0,0.0,0.2441198455253525
1785525127044428900,1,0.0002,2.5,-0.0,0.0,0.2441198455253525
1785525127065015800,1,0.0002,2.5,-0.0,0.0,0.2441198455253525
1785525127085397800,1,0.0002,2.5,-0.0,0.0,0.2441198455253525
1785525127105119400,1,0.0002,1.900041999979294,-0.0,0.0,0.2441198455253525
1785525127124546400,1,0.0002,1.2954999999783468,-0.0,0.0,0.2441198455253525
1785525127144524100,1,0.0002,0.7107580000229063,-0.0,0.0,0.2441198455253525
1785525127164109400,1,0.0002,0.10879899993597064,-0.0,0.0,0.2441198455253525
1785525127184714900,1,0.0002,-0.0,-0.0,0.0,0.2441198455253525
1785525127205141700,1,0.0002,-0.0,-0.0,0.0,0.2441198455253525
1785525127225136000,1,0.0002,-0.0,-0.0,0.0,0.2441198455253525
1785525127244495100,1,0.0002,-0.0,-0.0,0.0,0.2441198455253525
1785525127264388700,1,0.0002,-0.0,-0.0,0.0,0.2441198455253525
1785525127284395500,1,0.0002,-0.0,-0.0,0.0,0.2441198455253525
1785525127304772000,1,0.0002,-0.0,-0.0,0.0,0.2441198455253525
1785525127324505500,1,0.0002,-0.0,-0.0,0.0,0.2441198455253525
1785525127344844000,1,0.0002,-0.0,-0.0,0.0,0.2441198455253525
1785525127364134400,1,0.0002,-0.0,-0.0,0.0,0.2441198455253525
1785525127384984300,1,0.0002,-0.0,-0.0,0.0,0.2441198455253525
1785525127404158400,1,0.0002,-0.0,-0.0,0.0,0.2441198455253525
1785525127424961500,1,0.0002,-0.0,-0.0,0.0,0.2441198455253525
1785525127444523800,1,0.0002,-0.0,-0.0,0.0,0.2441198455253525
1785525127464336100,1,0.0002,-0.0,-0.0,0.0,0.2441198455253525
1785525127484338600,1,0.0002,-0.5998079999699257,-0.0,0.0,0.2441198455253525
1785525127504707600,1,0.0002,-1.1954219999825,-0.0,0.0,0.2441198455253525
1785525127524024300,1,0.0002,-1.7898660000355449,-0.0,0.0,0.2441198455253525
1785525127544848700,1,0.0002,-2.3926619999474497,-0.0,0.0,0.2441198455253525
1785525127564445700,1,0.0002,-2.5,-0.0,0.0,0.2441198455253525
1785525127584067400,1,0.0002,-2.5,-0.0,0.0,0.2441198455253525
1785525127604724400,1,0.0002,-2.5,-0.0,0.0,0.2441198455253525
1785525127624235000,1,0.0002,-2.5,-0.0,0.0,0.2441198455253525
1785525127644699000,1,0.0002,-2.5,-0.0,0.0,0.2441198455253525
1785525127664130000,1,0.0002,-2.5,-0.0,0.0,0.2441198455253525
1785525127684463500,1,0.0002,-2.5,-0.0,0.0,0.2441198455253525
1785525127704952400,1,0.0002,-2.5,-0.0,0.0,0.2441198455253525
1785525127724549400,1,0.0002,-2.5,-0.0,0.0,0.2441198455253525
1785525127744862500,1,0.0002,-2.5,-0.0,0.0,0.2441198455253525
1785525127764460500,1,0.0002,-2.5,-0.0,0.0,0.2441198455253525
1785525127785000000,1,0.0002,-2.5,-0.0,0.0,0.2441198455253525
1785525127804862300,1,0.0002,-2.5,-0.0,0.0,0.2441198455253525
1785525127824115500,1,0.0002,-2.5,-0.0,0.0,0.2441198455253525
1785525127844273600,1,0.0002,-2.5,-0.0,0.0,0.2441198455253525
1785525127864501300,1,0.0002,-2.5,-0.0,0.0,0.2441198455253525
1785525127884181200,1,0.0002,-2.5,-0.0,0.0,0.2441198455253525
1785525127904800800,1,0.0002,-2.5,-0.0,0.0,0.2441198455253525
1785525127924971700,1,0.0002,-2.5,-0.0,0.0,0.2441198455253525
1785525127944185000,1,0.0002,-2.5,-0.0,0.0,0.2441198455253525
1785525127964846400,1,0.0002,-1.8976840000323136,-0.0,0.0,0.2441198455253525
1785525127984495100,1,0.0002,-1.291735000013432,-0.0,0.0,0.2441198455253525
1785525128004648900,1,0.0002,-0.7040380000398727,-0.0,0.0,0.2441198455253525
1785525128024887100,1,0.0002,-0.09601000001566717,-0.0,0.0,0.2441198455253525
1785525128044672400,1,0.0002,-0.0,-0.0,0.0,0.2441198455253525
1785525128065318200,1,0.0002,-0.0,-0.0,0.0,0.2441198455253525
1785525128084431900,1,0.0002,-0.0,-0.0,0.0,0.2441198455253525
1785525128104803000,1,0.0002,-0.0,-0.0,0.0,0.2441198455253525
1785525128124071100,1,0.0002,-0.0,-0.0,0.0,0.2441198455253525
1785525128144539400,1,0.0002,-0.0,-0.0,0.0,0.2441198455253525
1785525128164525500,1,0.0002,-0.0,-0.0,0.0,0.2441198455253525
1785525128184927100,1,0.0002,-0.0,-0.0,0.0,0.2441198455253525
1785525128205212100,1,0.0002,-0.0,-0.0,0.0,0.2441198455253525
1785525128225221900,1,0.0002,-0.0,-0.0,0.0,0.2441198455253525
1785525128244513100,1,0.0002,-0.0,-0.0,0.0,0.2441198455253525
1785525128265162400,1,0.0002,-0.0,-0.0,0.0,0.2441198455253525
1785525128284378600,1,0.0002,-0.0,-0.0,0.0,0.2441198455253525
1785525128305047600,1,0.0002,-0.0,-0.0,0.0,0.2441198455253525
1785525128324122400,1,0.0002,-0.0,-0.0,0.0,0.2441198455253525
1785525128344157400,1,0.0002,-0.0,-0.0,0.0,0.2441198455253525
1785525128364772600,1,0.0002,-0.0,-0.0,0.0,0.2441198455253525
1785525128384874800,1,0.0002,-0.0,-0.0,0.0,0.2441198455253525
1785525128404031000,1,0.0002,-0.0,-0.0,0.0,0.2441198455253525
1785525128424967000,1,0.0002,-0.0,-0.0,0.0,0.2441198455253525
1785525128445036600,1,0.0002,-0.0,-0.0,0.0,0.2441198455253525
1785525128464334200,1,0.0002,-0.0,-0.0,0.0,0.2441198455253525
1785525128484084100,1,0.0002,-0.0,-0.0,0.0,0.2441198455253525
1785525128504344900,1,0.0002,-0.0,-0.0,0.0,0.2441198455253525
1785525128524328100,1,0.0002,-0.0,-0.0,0.0,0.2441198455253525
1785525128544052700,1,0.0002,-0.0,-0.0,0.0,0.2441198455253525
1785525128564068400,1,0.0002,-0.0,-0.0,0.0,0.2441198455253525
1785525128584181100,1,0.0002,-0.0,-0.0,0.0,0.2441198455253525
1785525128604066800,1,0.0002,-0.0,-0.0,0.0,0.2441198455253525
1785525128624204200,1,0.0002,-0.0,-0.0,0.0,0.2441198455253525
1785525128644624000,1,0.0002,-0.0,-0.0,0.0,0.2441198455253525
1785525128665015800,1,0.0002,-0.0,-0.0,0.0,0.2441198455253525
1785525128684677500,1,0.0002,-0.0,-0.0,0.0,0.2441198455253525
1785525128704045100,1,0.0002,-0.0,-0.0,0.0,0.2441198455253525
1785525128725040400,1,0.0002,-0.0,-0.0,0.0,0.2441198455253525
1785525128744925700,1,0.0002,-0.0,-0.5966970000736183,0.0,0.2441198455253525
1785525128764937200,1,0.0002,-0.0,-1.199892000076943,0.0,0.2441198455253525
1785525128784474300,1,0.0002,-0.0,-1.8011100000876468,0.0,0.2441198455253525
1785525128805341000,1,0.0002,-0.0,-2.397237000077439,0.0,0.2441198455253525
1785525128824865400,1,0.0002,-0.0,-2.5,0.0,0.2441198455253525
1785525128844914500,1,0.0002,-0.0,-2.5,0.0,0.2441198455253525
1785525128864526100,1,0.0002,-0.0,-2.5,0.0,0.2441198455253525
1785525128885298500,1,0.0002,-0.0,-2.5,0.0,0.2441198455253525
1785525128904427500,1,0.0002,-0.0,-2.5,0.0,0.2441198455253525
1785525128924906700,1,0.0002,-0.0,-1.9096480000007432,0.0,0.2441198455253525
1785525128944502600,1,0.0002,-0.0,-1.2982569999076077,0.0,0.2441198455253525
1785525128964210400,1,0.0002,-0.0,-0.707058999905712,0.0,0.2441198455253525
1785525128984426800,1,0.0002,-0.0,-0.1004349999857368,0.0,0.2441198455253525
1785525129004967500,1,0.0002,-0.0,-0.0,0.0,0.2441198455253525
1785525129024166000,1,0.0002,-0.0,-0.0,0.0,0.2441198455253525
1785525129044976300,1,0.0002,-0.0,-0.0,0.0,0.2441198455253525
1785525129064177400,1,0.0002,-0.0,-0.0,0.0,0.2441198455253525
1785525129084982300,1,0.0002,-0.0,-0.0,0.0,0.2441198455253525
1785525129104436200,1,0.0002,-0.0,-0.0,0.0,0.2441198455253525
1785525129125036500,1,0.0002,-0.0,-0.0,0.0,0.2441198455253525
1785525129144074600,1,0.0002,-0.0,-0.0,0.0,0.2441198455253525
1785525129164830600,1,0.0002,-0.0,-0.0,0.0,0.2441198455253525
1785525129184414000,1,0.0002,-0.0,-0.0,0.0,0.2441198455253525
1785525129204834500,1,0.0002,-0.0,-0.5924159999995027,0.0,0.2441198455253525
1785525129224402300,1,0.0002,-0.0,-1.1993820000134292,0.0,0.2441198455253525
1785525129244987300,1,0.0002,-0.0,-1.7945400000462541,0.0,0.2441198455253525
1785525129264490300,1,0.0002,-0.0,-2.402355000085663,0.0,0.2441198455253525
1785525129285065300,1,0.0002,-0.0,-1.8065580000984482,0.0,0.2441198455253525
1785525129304385100,1,0.0002,-0.0,-1.2059100001715706,0.0,0.2441198455253525
1785525129325259700,1,0.0002,-0.0,-0.6021300000793417,0.0,0.2441198455253525
1785525129344527100,1,0.0002,-0.0,-0.0015120001626200974,0.0,0.2441198455253525
1785525129364672000,1,0.0002,-0.0,-0.0,0.0,0.2441198455253525
1785525129384454500,1,0.0002,-0.0,-0.0,0.0,0.2441198455253525
1785525129404922700,1,0.0002,-0.0,-0.0,0.0,0.2441198455253525
1785525129424756200,1,0.0002,-0.0,-0.0,0.0,0.2441198455253525
1785525129444313400,1,0.0002,-0.0,-0.0,0.0,0.2441198455253525
1785525129464945400,1,0.0002,-0.0,-0.0,0.0,0.2441198455253525
1785525129484245000,1,0.0002,-0.0,-0.0,0.0,0.2441198455253525
1785525129504332200,1,0.0002,-0.0,-0.0,0.0,0.2441198455253525
1785525129524880000,1,0.0002,-0.0,-0.0,0.0,0.2441198455253525
1785525129544996900,1,0.0002,-0.0,-0.0,0.0,0.2441198455253525
1785525129564479600,1,0.0002,-0.0,-0.0,0.0,0.2441198455253525
1785525129584944500,1,0.0002,-0.0,-0.0,0.0,0.2441198455253525
1785525129604687700,1,0.0002,-0.0,-0.0,0.0,0.2441198455253525
1785525129625007100,1,0.0002,-0.0,-0.0,0.0,0.2441198455253525
1785525129644859500,1,0.0002,-0.0,-0.0,0.0,0.2441198455253525
1785525129664432600,1,0.0002,-0.0,-0.0,0.0,0.2441198455253525
1785525129684396100,1,0.0002,-0.0,-0.0,0.0,0.2441198455253525
1785525129705263500,1,0.0002,-0.0,-0.0,0.0,0.2441198455253525
1785525129725019100,1,0.0002,-0.0,-0.0,0.0,0.2441198455253525
1785525129744222100,1,0.0002,-0.0,-0.0,0.0,0.2441198455253525
1785525129765189500,1,0.0002,-0.0,-0.0,0.0,0.2441198455253525
1785525129784855700,1,0.0002,-0.0,-0.0,0.0,0.2441198455253525
1785525129804677000,1,0.0002,-0.0,-0.0,0.0,0.2441198455253525
1785525129824347500,1,0.0002,-0.0,-0.0,0.0,0.2441198455253525
1785525129844677600,1,0.0002,-0.0,-0.0,0.0,0.2441198455253525
1785525129864151400,1,0.0002,-0.0,-0.0,0.0,0.2441198455253525
1785525129884405000,1,0.0002,-0.0,-0.0,0.0,0.2441198455253525
1785525129904786700,1,0.0002,0.5961449999085744,-0.0,0.0,0.2441198455253525
1785525129924503100,1,0.0002,1.2025859999630484,-0.0,0.0,0.2441198455253525
1785525129944691400,1,0.0002,1.7933309998988989,-0.0,0.0,0.2441198455253525
1785525129965124900,1,0.0002,2.391536999894015,-0.0,0.0,0.2441198455253525
1785525129984605300,1,0.0002,2.5,-0.0,0.0,0.2441198455253525
1785525130004452600,1,0.0002,2.5,-0.0,0.0,0.2441198455253525
1785525130024668300,1,0.0002,2.5,-0.0,0.0,0.2441198455253525
1785525130044192900,1,0.0002,2.5,-0.0,0.0,0.2441198455253525
1785525130065413800,1,0.0002,2.5,-0.0,0.0,0.2441198455253525
1785525130084423900,1,0.0002,2.5,-0.0,0.0,0.2441198455253525
1785525130104528700,1,0.0002,2.5,-0.0,0.0,0.2441198455253525
1785525130124859400,1,0.0002,2.5,-0.0,0.0,0.2441198455253525
1785525130144974100,1,0.0002,2.5,-0.0,0.0,0.2441198455253525
1785525130165085400,1,0.0002,2.5,-0.0,0.0,0.2441198455253525
1785525130184124400,1,0.0002,2.5,-0.0,0.0,0.2441198455253525
1785525130204368800,1,0.0002,2.5,-0.0,0.0,0.2441198455253525
1785525130224720500,1,0.0002,2.5,-0.0,0.0,0.2441198455253525
1785525130244490100,1,0.0002,2.5,-0.0,0.0,0.2441198455253525
1785525130264975600,1,0.0002,2.5,-0.0,0.0,0.2441198455253525
1785525130284051600,1,0.0002,1.901460999979463,-0.0,0.0,0.2441198455253525
1785525130304215200,1,0.0002,1.2964719999581575,-0.0,0.0,0.2441198455253525
1785525130324101200,1,0.0002,0.699888999988616,-0.0,0.0,0.2441198455253525
1785525130345103900,1,0.0002,0.09741400001075817,-0.0,0.0,0.2441198455253525
1785525130364263100,1,0.0002,-0.0,-0.0,0.0,0.2441198455253525
1785525130384785200,1,0.0002,-0.0,-0.0,0.0,0.2441198455253525
1785525130404498200,1,0.0002,-0.0,-0.0,0.0,0.2441198455253525
1785525130424613100,1,0.0002,-0.0,-0.0,0.0,0.2441198455253525
1785525130444333500,1,0.0002,-0.0,-0.0,0.0,0.2441198455253525
1785525130464692400,1,0.0002,-0.0,-0.0,0.0,0.2441198455253525
1785525130484399500,1,0.0002,-0.0,-0.6063210000138497,0.0,0.2441198455253525
1785525130505219700,1,0.0002,-0.0,-1.2030689999301103,0.0,0.2441198455253525
1785525130524159300,1,0.0002,-0.0,-1.7989409999427153,0.0,0.2441198455253525
1785525130544318800,1,0.0002,-0.0,-2.4041579999538953,0.0,0.2441198455253525
1785525130564641900,1,0.0002,-0.0,-2.5,0.0,0.2441198455253525
1785525130584434000,1,0.0002,-0.0,-2.5,0.0,0.2441198455253525
1785525130604087400,1,0.0002,-0.0,-2.5,0.0,0.2441198455253525
1785525130624310200,1,0.0002,-0.0,-2.5,0.0,0.2441198455253525
1785525130644124100,1,0.0002,-0.0,-2.5,0.0,0.2441198455253525
1785525130664143800,1,0.0002,-0.0,-2.5,0.0,0.2441198455253525
1785525130684142500,1,0.0002,-0.0,-2.5,0.0,0.2441198455253525
1785525130704290600,1,0.0002,-0.0,-2.5,0.0,0.2441198455253525
1785525130724456000,1,0.0002,-0.0,-2.5,0.0,0.2441198455253525
1785525130744136800,1,0.0002,-0.0,-2.5,0.0,0.2441198455253525
1785525130764392900,1,0.0002,-0.0,-2.5,0.0,0.2441198455253525
1785525130785143700,1,0.0002,-0.0,-2.5,0.0,0.2441198455253525
1785525130804741400,1,0.0002,-0.0,-1.9118649999654735,0.0,0.2441198455253525
1785525130824669900,1,0.0002,-0.0,-1.3097919999927399,0.0,0.2441198455253525
1785525130844757100,1,0.0002,-0.0,-0.7142769999700249,0.0,0.2441198455253525
1785525130864974700,1,0.0002,-0.0,-0.10106799989443971,0.0,0.2441198455253525
1785525130885270700,1,0.0002,-0.0,-0.0,0.0,0.2441198455253525
1785525130904061400,1,0.0002,-0.0,-0.0,0.0,0.2441198455253525
1785525130924691500,1,0.0002,-0.0,-0.0,0.0,0.2441198455253525
1785525130944203100,1,0.0002,-0.0,-0.0,0.0,0.2441198455253525
1785525130964246900,1,0.0002,-0.0,-0.0,0.0,0.2441198455253525
1785525130984167900,1,0.0002,-0.0,-0.0,0.0,0.2441198455253525
1785525131004463000,1,0.0002,-0.0,-0.0,0.0,0.2441198455253525
1785525131024780400,1,0.0002,-0.0,-0.0,0.0,0.2441198455253525
1785525131044864900,1,0.0002,-0.0,-0.0,0.0,0.2441198455253525
1785525131064654100,1,0.0002,-0.0,-0.0,0.0,0.2441198455253525
1785525131084363400,1,0.0002,-0.0,-0.0,0.0,0.2441198455253525
1785525131105140500,1,0.0002,-0.0,-0.0,0.0,0.2441198455253525
1785525131124206700,1,0.0002,-0.0,-0.0,0.0,0.2441198455253525
1785525131144045000,1,0.0002,-0.0,-0.0,0.0,0.2441198455253525
1785525131165162300,1,0.0002,-0.0,-0.0,0.0,0.2441198455253525
1785525131184420800,1,0.0002,-0.0,-0.0,0.0,0.2441198455253525
1785525131204073600,1,0.0002,-0.0,-0.0,0.0,0.2441198455253525
1785525131224322700,1,0.0002,-0.0,-0.0,0.0,0.2441198455253525
1785525131244198900,1,0.0002,-0.0,-0.0,0.0,0.2441198455253525
1785525131264744700,1,0.0002,-0.0,-0.0,0.0,0.2441198455253525
1785525131284206800,1,0.0002,-0.0,-0.0,0.0,0.2441198455253525
1785525131304591800,1,0.0002,-0.0,-0.0,0.0,0.2441198455253525
1785525131324048800,1,0.0002,-0.0,-0.0,0.0,0.2441198455253525
1785525131344280400,1,0.0002,-0.0,-0.0,0.0,0.2441198455253525
1785525131364732600,1,0.0002,-0.0,-0.0,0.0,0.2441198455253525
1785525131384973900,1,0.0002,-0.0,-0.0,0.0,0.2441198455253525
1785525131404573100,1,0.0002,-0.0,-0.0,0.0,0.2441198455253525
1785525131424454800,1,0.0002,-0.0,-0.0,0.0,0.2441198455253525
1785525131445070600,1,0.0002,-0.0,-0.0,0.0,0.2441198455253525
1785525131465120600,1,0.0002,-0.0,-0.0,0.0,0.2441198455253525
1785525131484067700,1,0.0002,-0.0,-0.593991000096139,0.0,0.2441198455253525
1785525131504296500,1,0.0002,-0.0,-1.2008610000339104,0.0,0.2441198455253525
1785525131524672700,1,0.0002,-0.0,-1.7970989999957965,0.0,0.2441198455253525
1785525131544800400,1,0.0002,-0.0,-1.1974079999345122,0.0,0.2441198455253525
1785525131564945000,1,0.0002,-0.0,-0.5992469999546302,0.0,0.2441198455253525
1785525131584210400,1,0.0002,-0.0,-0.0,0.0,0.2441198455253525
1785525131604908500,1,0.0002,-0.0,-0.0,0.0,0.2441198455253525
1785525131624841100,1,0.0002,-0.0,-0.0,0.0,0.2441198455253525
1785525131644520100,1,0.0002,-0.0,-0.0,0.0,0.24662518470312553
1785525131664644000,1,0.0002,-0.0,-0.0,0.0,0.2513440178125139
1785525131684500200,1,0.0002,-0.0,-0.0,0.0,0.2587350135608898
1785525131704881100,1,0.0002,-0.0,-0.0,0.0,0.26830062469991406
1785525131724317300,1,0.0002,-0.0,-0.0,0.0,0.2782687247009746
1785525131744932600,1,0.0002,-0.0,-0.0,0.0,0.2883282746998886
1785525131764885700,1,0.0002,-0.0,-0.0,0.0,0.2982450247010276
1785525131784411800,1,0.0002,-0.0,-0.0,0.0,0.3083185747010431
1785525131805097600,1,0.0002,-0.0,-0.0,0.0,0.3182129247007835
1785525131824292700,1,0.0002,-0.0,-0.0,0.0,0.32825622469965327
1785525131844820000,1,0.0002,-0.0,-0.0,0.0,0.33827147469957725
1785525131864623000,1,0.0002,-0.0,-0.0,0.0,0.34817112469965666
1785525131885001600,1,0.0002,-0.0,-0.0,0.0,0.35581685357500376
1785525131904135800,1,0.0002,-0.0,-0.0,0.0,0.3609730662066243
1785525131924497700,1,0.0002,-0.0,-0.0,0.0,0.36377781474762844
1785525131944312400,1,0.0002,-0.0,-0.0,0.0,0.36415070630162105
1785525131965250100,1,0.0002,-0.0,-0.0,0.0,0.36415070630162105
1785525131984144300,1,0.0002,-0.0,-0.0,0.0,0.36415070630162105
1785525132004393500,1,0.0002,-0.0,-0.0,0.0,0.36415070630162105
1785525132025198600,1,0.0002,-0.0,-0.0,0.0,0.36415070630162105
1785525132045194200,1,0.0002,-0.0,-0.0,0.0,0.36415070630162105
1785525132064142600,1,0.0002,-0.0,-0.0,0.0,0.36415070630162105
1785525132084876500,1,0.0002,-0.0,-0.0,0.0,0.36415070630162105
1785525132104750000,1,0.0002,-0.0,-0.0,0.0,0.36415070630162105
1785525132124846800,1,0.0002,-0.0,-0.0,0.0,0.36415070630162105
1785525132144501300,1,0.0002,-0.0,-0.0,0.0,0.36415070630162105
1785525132165444200,1,0.0002,-0.0,-0.0,0.0,0.36415070630162105
1785525132184431800,1,0.0002,-0.0,-0.0,0.0,0.36415070630162105
1785525132205230700,1,0.0002,-0.0,-0.0,0.0,0.36415070630162105
1785525132224193900,1,0.0002,-0.0,-0.0,0.0,0.36415070630162105
1785525132244712800,1,0.0002,-0.0,-0.0,0.0,0.36415070630162105
1785525132264311500,1,0.0002,-0.0,-0.0,0.0,0.36415070630162105
1785525132284911800,1,0.0002,-0.0,-0.0,0.0,0.36415070630162105
1785525132304247300,1,0.2047,-0.0,-0.0,0.0,0.36415070630162105
1785525132324777800,1,0.2810,-0.0,-0.0,0.0,0.36415070630162105
1785525132344676300,1,0.3072,-0.0,-0.0,0.0,0.36415070630162105
1785525132365089000,1,0.3046,-0.0,-0.0,0.0,0.36415070630162105
1785525132384586500,1,0.2925,-0.0,-0.0,0.0,0.36415070630162105
1785525132404446600,1,0.2590,-0.0,-0.0,0.0,0.36415070630162105
1785525132424508200,1,0.2557,-0.0,-0.0,0.0,0.36415070630162105
1785525132444231200,1,0.2576,-0.0,-0.0,0.0,0.36415070630162105
1785525132465043000,1,0.2640,-0.0,-0.0,0.0,0.36415070630162105
1785525132484907700,1,0.2682,-0.0,-0.0,0.0,0.36415070630162105
1785525132504711100,1,0.2704,-0.0,-0.0,0.0,0.36415070630162105
1785525132524523500,1,0.2704,-0.0,-0.0,0.0,0.36415070630162105
1785525132544192100,1,0.2677,-0.0,-0.0,0.0,0.36415070630162105
1785525132564634700,1,0.2667,-0.0,-0.0,0.0,0.36415070630162105
1785525132584435500,1,0.2665,-0.0,-0.0,0.0,0.36415070630162105
1785525132605040800,1,0.2671,-0.0,-0.0,0.0,0.36415070630162105
1785525132624660900,1,0.2671,-0.0,-0.0,0.0,0.36415070630162105
1785525132644974800,1,0.2676,-0.0,-0.0,0.0,0.36415070630162105
1785525132664275700,1,0.2676,-0.0,-0.0,0.0,0.36415070630162105
1785525132684447700,1,0.2675,-0.0,-0.0,0.0,0.36415070630162105
1785525132705371200,1,0.2674,-0.0,-0.0,0.0,0.36415070630162105
1785525132724846700,1,0.2673,-0.0,-0.0,0.0,0.36415070630162105
1785525132744511000,1,0.2673,-0.0,-0.0,0.0,0.36415070630162105
1785525132765221700,1,0.2674,-0.0,-0.0,0.0,0.36415070630162105
1785525132784815500,1,0.2958,-0.0,-0.0,0.0,0.36415070630162105
1785525132804166700,1,0.3169,-0.0,-0.0,0.0,0.36415070630162105
1785525132825167000,1,0.3053,-0.0,-0.0,0.0,0.36415070630162105
1785525132844217500,1,0.2923,-0.0,-0.0,0.0,0.36415070630162105
1785525132864135800,1,0.2705,-0.0,-0.0,0.0,0.36415070630162105
1785525132884480900,1,0.2532,-0.0,-0.0,0.0,0.36415070630162105
1785525132904449900,1,0.2150,-0.0,-0.0,0.0,0.36415070630162105
1785525132925205900,1,0.2023,-0.0,-0.0,0.0,0.36415070630162105
1785525132944188000,1,0.2020,-0.0,-0.0,0.0,0.36415070630162105
1785525132964749400,1,0.2019,-0.0,-0.0,0.0,0.36415070630162105
1785525132984414900,1,0.2019,-0.0,-0.0,0.0,0.36415070630162105
1785525133004742100,1,0.2021,-0.0,-0.0,0.0,0.36415070630162105
1785525133024819500,1,0.2021,-0.0,-0.0,0.0,0.36415070630162105
1785525133045010500,1,0.2021,-0.0,-0.0,0.0,0.36415070630162105
1785525133064030800,1,0.2020,-0.0,-0.0,0.0,0.36415070630162105
1785525133085595500,1,0.2020,-0.0,-0.0,0.0,0.36415070630162105
1785525133105023100,1,0.2021,-0.0,-0.0,0.0,0.36415070630162105
1785525133124166100,1,0.2021,-0.0,-0.0,0.0,0.36415070630162105
1785525133144889800,1,0.2020,-0.0,-0.0,0.0,0.36415070630162105
1785525133164653600,1,0.2021,-0.0,-0.0,0.0,0.36415070630162105
1785525133185106200,1,0.2021,-0.0,-0.0,0.0,0.36415070630162105
1785525133204195100,1,0.2021,-0.0,-0.0,0.0,0.36415070630162105
1785525133224770200,1,0.2020,-0.0,-0.0,0.0,0.36415070630162105
1785525133244314600,1,0.2020,-0.0,-0.0,0.0,0.36415070630162105
1785525133264485600,1,0.2022,-0.0,-0.0,0.0,0.36415070630162105
1785525133284004500,1,0.2024,-0.0,-0.0,0.0,0.36415070630162105
1785525133304226300,1,0.2027,-0.0,-0.0,0.0,0.36415070630162105
1785525133324976000,1,0.2029,-0.0,-0.0,0.0,0.36415070630162105
1785525133344349100,1,0.2031,-0.0,-0.0,0.0,0.36415070630162105
1785525133364243200,1,0.2032,-0.0,-0.0,0.0,0.36415070630162105
1785525133384948800,1,0.2034,-0.0,-0.0,0.0,0.36415070630162105
1785525133404595300,1,0.2037,-0.0,-0.0,0.0,0.36415070630162105
1785525133424911400,1,0.2037,-0.0,-0.0,0.0,0.36415070630162105
1785525133444974000,1,0.2040,-0.0,-0.0,0.0,0.36415070630162105
1785525133464409800,1,0.2041,-0.0,-0.0,0.0,0.36415070630162105
1785525133484243600,1,0.2043,-0.0,-0.0,0.0,0.36415070630162105
1785525133505293600,1,0.2045,-0.0,-0.0,0.0,0.36415070630162105
1785525133524696800,1,0.0000,-0.0,-0.0,0.0,0.0
1785525133545025600,1,-0.0000,-0.0,-0.0,0.0,0.0
1785525133564636100,1,-0.0002,-0.0,-0.0,0.0,0.0
1785525133584325800,1,-0.0006,-0.0,-0.0,0.0,0.0
1785525133605022500,1,-0.0008,-0.0,-0.0,0.0,0.0
1785525133624278700,1,-0.0010,-0.0,-0.0,0.0,0.0
1785525133644822000,1,-0.0012,-0.0,-0.0,0.0,0.0
1785525133664823500,1,-0.0013,-0.0,-0.0,0.0,0.0
1785525133684862600,1,-0.0015,-0.0,-0.0,0.0,0.0
1785525133704286600,1,-0.0017,-0.0,-0.0,0.0,0.0
1785525133724964900,1,-0.0018,-0.0,-0.0,0.0,0.0
1785525133744353500,1,-0.0019,-0.0,-0.0,0.0,0.0
1785525133764814400,1,-0.0020,-0.0,-0.0,0.0,0.0
1785525133784663000,1,-0.0020,-0.0,-0.0,0.0,0.0
1785525133806095200,1,-0.0021,-0.0,-0.0,0.0,0.0
1785525133825157900,1,-0.0021,-0.0,-0.0,0.0,0.0
1785525133844472600,1,-0.0022,-0.0,-0.0,0.0,0.0
1785525133865502000,1,-0.0022,-0.0,-0.0,0.0,0.0
1785525133884877700,1,-0.0022,-0.0,-0.0,0.0,0.0
1785525133904473100,1,-0.0023,-0.0,-0.0,0.0,0.0
1785525133924604000,1,-0.0023,-0.0,-0.0,0.0,0.0
1785525133945271700,1,-0.0023,-0.0,-0.0,0.0,0.0
1785525133964703300,1,-0.0023,-0.0,-0.0,0.0,0.0
1785525133984517600,1,-0.0023,-0.0,-0.0,0.0,0.0
1785525134004859500,1,-0.0024,-0.0,-0.0,0.0,0.0
1785525134024044500,1,-0.0024,-0.0,-0.0,0.0,0.0
1785525134044757700,0,-0.0024,-0.0,-0.0,0.0,0.0
1785525134064683200,0,-0.0024,-0.0,-0.0,0.0,0.0
1785525134084442300,0,-0.0024,-0.0,-0.0,0.0,0.0
1785525134104731000,0,-0.0024,-0.0,-0.0,0.0,0.0
1785525134124958300,0,-0.0024,-0.0,-0.0,0.0,0.0
1785525134144998000,0,-0.0024,-0.0,-0.0,0.0,0.0
1785525134164175300,0,-0.0024,-0.0,-0.0,0.0,0.0
1785525134184322300,0,-0.0024,-0.0,-0.0,0.0,0.0
1785525134205157600,0,-0.0024,-0.0,-0.0,0.0,0.0
1785525134224945700,0,-0.0024,-0.0,-0.0,0.0,0.0
1785525134244358100,0,-0.0024,-0.0,-0.0,0.0,0.0
1785525134264953600,0,-0.0024,-0.0,-0.0,0.0,0.0
1785525134284468500,0,-0.0024,-0.0,-0.0,0.0,0.0
1785525134305118100,0,-0.0024,-0.0,-0.0,0.0,0.0
1785525134324104000,0,-0.0024,-0.0,-0.0,0.0,0.0
1785525134344081200,0,-0.0024,-0.0,-0.0,0.0,0.0
1785525134364675800,0,-0.0024,-0.0,-0.0,0.0,0.0
1785525134384046700,0,-0.0024,-0.0,-0.0,0.0,0.0
1785525134404364500,0,-0.0024,-0.0,-0.0,0.0,0.0
1785525134424194600,0,-0.0024,-0.0,-0.0,0.0,0.0
1785525134444863200,0,-0.0024,-0.0,-0.0,0.0,0.0
1785525134464007200,1,-0.0024,-0.0,-0.0,0.0,0.0
1785525134484843200,1,-0.0024,-0.0,-0.0,0.0,0.0
1785525134504251000,1,-0.0024,-0.0,-0.0,0.0,0.0
1785525134524711700,1,-0.0024,-0.0,-0.0,0.0,0.0
1785525134544826300,1,-0.0024,-0.0,-0.0,0.0,0.0
1785525134564661200,1,-0.0024,-0.0,-0.0,0.0,0.0
1785525134584960500,1,-0.0024,-0.0,-0.0,0.0,0.0
1785525134604951900,1,-0.0024,-0.0,-0.0,0.0,0.0
1785525134624186700,1,-0.0024,-0.0,-0.0,0.0,0.0
1785525134644656700,1,-0.0024,-0.0,-0.0,0.0,0.0
1785525134664604600,1,-0.0024,-0.0,-0.0,0.0,0.0
1785525134684037200,1,-0.0024,-0.0,-0.0,0.0,0.0
1785525134704589300,1,-0.0024,-0.0,-0.0,0.0,0.0
1785525134724157700,1,-0.0024,-0.0,-0.0,0.0,0.0
1785525134744609900,1,-0.0024,-0.0,-0.0,0.0,0.0
1785525134764321200,1,-0.0024,-0.0,-0.0,0.0,0.0
1785525134784842800,1,-0.0024,-0.0,-0.0,0.0,0.0
1785525134805327200,1,-0.0024,-0.0,-0.0,0.0,0.0
1785525134824981300,1,-0.0024,-0.0,-0.0,0.0,0.0
1785525134844855500,1,-0.0024,-0.0,-0.0,0.0,0.0
1785525134864407900,1,-0.0024,-0.0,-0.0,0.0,0.0
1785525134884377800,1,-0.0024,-0.0,-0.0,0.0,0.0
1785525134904963200,1,-0.0024,-0.0,-0.0,0.0,0.0
1785525134924099700,1,-0.0024,-0.0,-0.0,0.0,0.0
1785525134944241100,1,-0.0024,-0.0,-0.0,0.0,0.0
1785525134964119500,1,-0.0024,-0.0,-0.0,0.0,0.0
1785525134984882200,1,-0.0024,-0.0,-0.0,0.0,0.0
1785525135004220200,1,-0.0024,-0.0,-0.0,0.0,0.0
1785525135024906900,1,-0.0024,-0.0,-0.0,0.0,0.0
1785525135044343700,1,-0.0024,-0.0,-0.0,0.0,0.0
1785525135064665300,1,-0.0024,-0.0,-0.0,0.0,0.0
1785525135084002000,1,-0.0024,-0.0,-0.0,0.0,0.0
1785525135105322300,1,-0.0024,-0.0,-0.0,0.0,0.0
1785525135124727500,1,-0.0024,-0.0,-0.0,0.0,0.0
1785525135144514200,1,-0.0024,-0.0,-0.0,0.0,0.0
1785525135164897100,1,-0.0024,-0.0,-0.0,0.0,0.0
1785525135184135700,1,-0.0024,-0.0,-0.0,0.0,0.0
1785525135204113900,1,-0.0024,-0.0,-0.0,0.0,0.0
1785525135225220300,1,-0.0024,-0.0,-0.0,0.0,0.0
1785525135244811100,1,-0.0024,-0.0,-0.0,0.0,0.0
1785525135264528600,1,-0.0024,-0.0,-0.0,0.0,0.0
1785525135285206600,1,-0.0024,-0.0,-0.0,0.0,0.0
1785525135305189200,1,-0.0024,-0.0,-0.0,0.0,0.0
1785525135324460200,1,-0.0024,-0.0,-0.0,0.0,0.0
1785525135344088100,1,-0.0024,-0.0,-0.0,0.0,0.0
1785525135365335000,1,-0.0024,-0.0,-0.0,0.0,0.0
1785525135384167700,1,-0.0024,-0.0,-0.0,0.0,0.0
1785525135404397800,1,-0.0024,-0.0,-0.0,0.0,0.0
1785525135425127900,1,-0.0024,-0.0,-0.0,0.0,0.0
1785525135444494500,1,-0.0024,-0.0,-0.0,0.0,0.0
